    0.10000E-04    0.30527E+02
    0.10202E-04    0.31120E+02
    0.10408E-04    0.31725E+02
    0.10618E-04    0.32342E+02
    0.10833E-04    0.32970E+02
    0.11052E-04    0.33611E+02
    0.11275E-04    0.34264E+02
    0.11503E-04    0.34930E+02
    0.11735E-04    0.35609E+02
    0.11972E-04    0.36301E+02
    0.12214E-04    0.37006E+02
    0.12461E-04    0.37726E+02
    0.12712E-04    0.38459E+02
    0.12969E-04    0.39206E+02
    0.13231E-04    0.39968E+02
    0.13499E-04    0.40745E+02
    0.13771E-04    0.41537E+02
    0.14049E-04    0.42344E+02
    0.14333E-04    0.43167E+02
    0.14623E-04    0.44006E+02
    0.14918E-04    0.44861E+02
    0.15220E-04    0.45733E+02
    0.15527E-04    0.46622E+02
    0.15841E-04    0.47528E+02
    0.16161E-04    0.48451E+02
    0.16487E-04    0.49393E+02
    0.16820E-04    0.50353E+02
    0.17160E-04    0.51331E+02
    0.17507E-04    0.52329E+02
    0.17860E-04    0.53346E+02
    0.18221E-04    0.54383E+02
    0.18589E-04    0.55440E+02
    0.18965E-04    0.56517E+02
    0.19348E-04    0.57615E+02
    0.19739E-04    0.58735E+02
    0.20138E-04    0.59877E+02
    0.20544E-04    0.61040E+02
    0.20959E-04    0.62226E+02
    0.21383E-04    0.63436E+02
    0.21815E-04    0.64669E+02
    0.22255E-04    0.65925E+02
    0.22705E-04    0.67207E+02
    0.23164E-04    0.68513E+02
    0.23632E-04    0.69844E+02
    0.24109E-04    0.71201E+02
    0.24596E-04    0.72585E+02
    0.25093E-04    0.73996E+02
    0.25600E-04    0.75434E+02
    0.26117E-04    0.76900E+02
    0.26645E-04    0.78394E+02
    0.27183E-04    0.79918E+02
    0.27732E-04    0.81471E+02
    0.28292E-04    0.83054E+02
    0.28864E-04    0.84668E+02
    0.29447E-04    0.86313E+02
    0.30042E-04    0.87991E+02
    0.30649E-04    0.89701E+02
    0.31268E-04    0.91444E+02
    0.31899E-04    0.93221E+02
    0.32544E-04    0.95033E+02
    0.33201E-04    0.96880E+02
    0.33872E-04    0.98762E+02
    0.34556E-04    0.10068E+03
    0.35254E-04    0.10264E+03
    0.35966E-04    0.10463E+03
    0.36693E-04    0.10667E+03
    0.37434E-04    0.10874E+03
    0.38190E-04    0.11085E+03
    0.38962E-04    0.11301E+03
    0.39749E-04    0.11520E+03
    0.40552E-04    0.11744E+03
    0.41371E-04    0.11972E+03
    0.42207E-04    0.12205E+03
    0.43060E-04    0.12442E+03
    0.43929E-04    0.12684E+03
    0.44817E-04    0.12930E+03
    0.45722E-04    0.13182E+03
    0.46646E-04    0.13438E+03
    0.47588E-04    0.13699E+03
    0.48550E-04    0.13965E+03
    0.49530E-04    0.14237E+03
    0.50531E-04    0.14513E+03
    0.51552E-04    0.14795E+03
    0.52593E-04    0.15083E+03
    0.53656E-04    0.15376E+03
    0.54739E-04    0.15675E+03
    0.55845E-04    0.15979E+03
    0.56973E-04    0.16290E+03
    0.58124E-04    0.16606E+03
    0.59299E-04    0.16929E+03
    0.60496E-04    0.17258E+03
    0.61719E-04    0.17593E+03
    0.62965E-04    0.17935E+03
    0.64237E-04    0.18283E+03
    0.65535E-04    0.18639E+03
    0.66859E-04    0.19001E+03
    0.68210E-04    0.19370E+03
    0.69588E-04    0.19746E+03
    0.70993E-04    0.20130E+03
    0.72427E-04    0.20521E+03
    0.73891E-04    0.20920E+03
    0.75383E-04    0.21326E+03
    0.76906E-04    0.21741E+03
    0.78460E-04    0.22163E+03
    0.80045E-04    0.22594E+03
    0.81662E-04    0.23033E+03
    0.83311E-04    0.23480E+03
    0.84994E-04    0.23936E+03
    0.86711E-04    0.24401E+03
    0.88463E-04    0.24875E+03
    0.90250E-04    0.25359E+03
    0.92073E-04    0.25851E+03
    0.93933E-04    0.26353E+03
    0.95831E-04    0.26865E+03
    0.97767E-04    0.27387E+03
    0.99742E-04    0.27919E+03
    0.10176E-03    0.28462E+03
    0.10381E-03    0.29014E+03
    0.10591E-03    0.29578E+03
    0.10805E-03    0.30152E+03
    0.11023E-03    0.30738E+03
    0.11246E-03    0.31335E+03
    0.11473E-03    0.31944E+03
    0.11705E-03    0.32564E+03
    0.11941E-03    0.33197E+03
    0.12182E-03    0.33841E+03
    0.12429E-03    0.34498E+03
    0.12680E-03    0.35168E+03
    0.12936E-03    0.35851E+03
    0.13197E-03    0.36547E+03
    0.13464E-03    0.37257E+03
    0.13736E-03    0.37981E+03
    0.14013E-03    0.38718E+03
    0.14296E-03    0.39470E+03
    0.14585E-03    0.40236E+03
    0.14880E-03    0.41017E+03
    0.15180E-03    0.41813E+03
    0.15487E-03    0.42625E+03
    0.15800E-03    0.43452E+03
    0.16119E-03    0.44296E+03
    0.16445E-03    0.45156E+03
    0.16777E-03    0.46032E+03
    0.17116E-03    0.46925E+03
    0.17462E-03    0.47836E+03
    0.17814E-03    0.48764E+03
    0.18174E-03    0.49710E+03
    0.18541E-03    0.50675E+03
    0.18916E-03    0.51658E+03
    0.19298E-03    0.52660E+03
    0.19688E-03    0.53682E+03
    0.20086E-03    0.54723E+03
    0.20491E-03    0.55784E+03
    0.20905E-03    0.56866E+03
    0.21328E-03    0.57969E+03
    0.21758E-03    0.59093E+03
    0.22198E-03    0.60239E+03
    0.22646E-03    0.61407E+03
    0.23104E-03    0.62597E+03
    0.23571E-03    0.63810E+03
    0.24047E-03    0.65047E+03
    0.24533E-03    0.66308E+03
    0.25028E-03    0.67593E+03
    0.25534E-03    0.68902E+03
    0.26050E-03    0.70237E+03
    0.26576E-03    0.71597E+03
    0.27113E-03    0.72984E+03
    0.27660E-03    0.74397E+03
    0.28219E-03    0.75838E+03
    0.28789E-03    0.77306E+03
    0.29371E-03    0.78802E+03
    0.29964E-03    0.80327E+03
    0.30569E-03    0.81882E+03
    0.31187E-03    0.83466E+03
    0.31817E-03    0.85080E+03
    0.32460E-03    0.86726E+03
    0.33115E-03    0.88402E+03
    0.33784E-03    0.90111E+03
    0.34467E-03    0.91853E+03
    0.35163E-03    0.93628E+03
    0.35874E-03    0.95437E+03
    0.36598E-03    0.97280E+03
    0.37338E-03    0.99159E+03
    0.38092E-03    0.10107E+04
    0.38861E-03    0.10302E+04
    0.39646E-03    0.10501E+04
    0.40447E-03    0.10704E+04
    0.41264E-03    0.10910E+04
    0.42098E-03    0.11121E+04
    0.42948E-03    0.11335E+04
    0.43816E-03    0.11553E+04
    0.44701E-03    0.11776E+04
    0.45604E-03    0.12003E+04
    0.46525E-03    0.12234E+04
    0.47465E-03    0.12469E+04
    0.48424E-03    0.12709E+04
    0.49402E-03    0.12953E+04
    0.50400E-03    0.13202E+04
    0.51419E-03    0.13456E+04
    0.52457E-03    0.13714E+04
    0.53517E-03    0.13977E+04
    0.54598E-03    0.14245E+04
    0.55701E-03    0.14519E+04
    0.56826E-03    0.14797E+04
    0.57974E-03    0.15080E+04
    0.59145E-03    0.15369E+04
    0.60340E-03    0.15663E+04
    0.61559E-03    0.15963E+04
    0.62803E-03    0.16268E+04
    0.64072E-03    0.16579E+04
    0.65366E-03    0.16895E+04
    0.66686E-03    0.17218E+04
    0.68033E-03    0.17546E+04
    0.69408E-03    0.17880E+04
    0.70810E-03    0.18221E+04
    0.72240E-03    0.18568E+04
    0.73700E-03    0.18921E+04
    0.75189E-03    0.19280E+04
    0.76708E-03    0.19647E+04
    0.78257E-03    0.20019E+04
    0.79838E-03    0.20399E+04
    0.81451E-03    0.20785E+04
    0.83096E-03    0.21179E+04
    0.84775E-03    0.21579E+04
    0.86488E-03    0.21987E+04
    0.88235E-03    0.22402E+04
    0.90017E-03    0.22825E+04
    0.91836E-03    0.23255E+04
    0.93691E-03    0.23692E+04
    0.95583E-03    0.24138E+04
    0.97514E-03    0.24591E+04
    0.99484E-03    0.25053E+04
    0.10149E-02    0.25522E+04
    0.10354E-02    0.26000E+04
    0.10564E-02    0.26486E+04
    0.10777E-02    0.26981E+04
    0.10995E-02    0.27485E+04
    0.11217E-02    0.27997E+04
    0.11443E-02    0.28518E+04
    0.11675E-02    0.29048E+04
    0.11910E-02    0.29587E+04
    0.12151E-02    0.30135E+04
    0.12397E-02    0.30693E+04
    0.12647E-02    0.31260E+04
    0.12902E-02    0.31837E+04
    0.13163E-02    0.32423E+04
    0.13429E-02    0.33020E+04
    0.13700E-02    0.33626E+04
    0.13977E-02    0.34243E+04
    0.14259E-02    0.34869E+04
    0.14547E-02    0.35507E+04
    0.14841E-02    0.36154E+04
    0.15141E-02    0.36812E+04
    0.15447E-02    0.37481E+04
    0.15759E-02    0.38161E+04
    0.16077E-02    0.38851E+04
    0.16402E-02    0.39553E+04
    0.16734E-02    0.40266E+04
    0.17072E-02    0.40990E+04
    0.17416E-02    0.41726E+04
    0.17768E-02    0.42473E+04
    0.18127E-02    0.43232E+04
    0.18493E-02    0.44002E+04
    0.18867E-02    0.44784E+04
    0.19248E-02    0.45578E+04
    0.19637E-02    0.46384E+04
    0.20034E-02    0.47202E+04
    0.20438E-02    0.48033E+04
    0.20851E-02    0.48875E+04
    0.21272E-02    0.49730E+04
    0.21702E-02    0.50598E+04
    0.22141E-02    0.51477E+04
    0.22588E-02    0.52370E+04
    0.23044E-02    0.53275E+04
    0.23510E-02    0.54192E+04
    0.23985E-02    0.55123E+04
    0.24469E-02    0.56066E+04
    0.24964E-02    0.57022E+04
    0.25468E-02    0.57990E+04
    0.25982E-02    0.58972E+04
    0.26507E-02    0.59966E+04
    0.27043E-02    0.60974E+04
    0.27589E-02    0.61994E+04
    0.28146E-02    0.63027E+04
    0.28715E-02    0.64073E+04
    0.29295E-02    0.65131E+04
    0.29887E-02    0.66203E+04
    0.30490E-02    0.67287E+04
    0.31106E-02    0.68384E+04
    0.31735E-02    0.69493E+04
    0.32376E-02    0.70616E+04
    0.33030E-02    0.71750E+04
    0.33697E-02    0.72897E+04
    0.34378E-02    0.74057E+04
    0.35072E-02    0.75228E+04
    0.35781E-02    0.76412E+04
    0.36504E-02    0.77607E+04
    0.37241E-02    0.78814E+04
    0.37993E-02    0.80033E+04
    0.38761E-02    0.81263E+04
    0.39544E-02    0.82504E+04
    0.40343E-02    0.83756E+04
    0.41158E-02    0.85019E+04
    0.41989E-02    0.86293E+04
    0.42838E-02    0.87576E+04
    0.43703E-02    0.88870E+04
    0.44586E-02    0.90173E+04
    0.45486E-02    0.91486E+04
    0.46405E-02    0.92807E+04
    0.47343E-02    0.94137E+04
    0.48299E-02    0.95475E+04
    0.49275E-02    0.96821E+04
    0.50270E-02    0.98175E+04
    0.51286E-02    0.99535E+04
    0.52322E-02    0.10090E+05
    0.53379E-02    0.10227E+05
    0.54457E-02    0.10365E+05
    0.55557E-02    0.10504E+05
    0.56680E-02    0.10642E+05
    0.57825E-02    0.10782E+05
    0.58993E-02    0.10921E+05
    0.60184E-02    0.11061E+05
    0.61400E-02    0.11201E+05
    0.62641E-02    0.11341E+05
    0.63906E-02    0.11481E+05
    0.65197E-02    0.11621E+05
    0.66514E-02    0.11761E+05
    0.67858E-02    0.11901E+05
    0.69229E-02    0.12040E+05
    0.70627E-02    0.12179E+05
    0.72054E-02    0.12318E+05
    0.73510E-02    0.12459E+05
    0.74994E-02    0.12599E+05
    0.76509E-02    0.12736E+05
    0.78055E-02    0.12872E+05
    0.79632E-02    0.13008E+05
    0.81241E-02    0.13142E+05
    0.82882E-02    0.13276E+05
    0.84556E-02    0.13408E+05
    0.86264E-02    0.13538E+05
    0.88007E-02    0.13668E+05
    0.89785E-02    0.13795E+05
    0.91598E-02    0.13921E+05
    0.93449E-02    0.14045E+05
    0.95337E-02    0.14167E+05
    0.97263E-02    0.14287E+05
    0.99227E-02    0.14404E+05
    0.10123E-01    0.14520E+05
    0.10328E-01    0.14632E+05
    0.10536E-01    0.14742E+05
    0.10749E-01    0.14849E+05
    0.10966E-01    0.14953E+05
    0.11188E-01    0.15054E+05
    0.11414E-01    0.15151E+05
    0.11644E-01    0.15245E+05
    0.11880E-01    0.15336E+05
    0.12120E-01    0.15422E+05
    0.12365E-01    0.15504E+05
    0.12614E-01    0.15582E+05
    0.12869E-01    0.15655E+05
    0.13129E-01    0.15724E+05
    0.13394E-01    0.15789E+05
    0.13665E-01    0.15849E+05
    0.13941E-01    0.15903E+05
    0.14223E-01    0.15953E+05
    0.14510E-01    0.15997E+05
    0.14803E-01    0.16035E+05
    0.15102E-01    0.16067E+05
    0.15407E-01    0.16094E+05
    0.15718E-01    0.16115E+05
    0.16036E-01    0.16129E+05
    0.16360E-01    0.16137E+05
    0.16690E-01    0.16138E+05
    0.17028E-01    0.16132E+05
    0.17371E-01    0.16120E+05
    0.17722E-01    0.16101E+05
    0.18080E-01    0.16074E+05
    0.18446E-01    0.16041E+05
    0.18818E-01    0.15999E+05
    0.19198E-01    0.15951E+05
    0.19586E-01    0.15895E+05
    0.19982E-01    0.15831E+05
    0.20386E-01    0.15760E+05
    0.20797E-01    0.15680E+05
    0.21218E-01    0.15594E+05
    0.21646E-01    0.15499E+05
    0.22083E-01    0.15397E+05
    0.22530E-01    0.15287E+05
    0.22985E-01    0.15170E+05
    0.23449E-01    0.15045E+05
    0.23923E-01    0.14913E+05
    0.24406E-01    0.14774E+05
    0.24899E-01    0.14627E+05
    0.25402E-01    0.14474E+05
    0.25915E-01    0.14314E+05
    0.26439E-01    0.14148E+05
    0.26973E-01    0.13975E+05
    0.27518E-01    0.13797E+05
    0.28074E-01    0.13614E+05
    0.28641E-01    0.13425E+05
    0.29219E-01    0.13232E+05
    0.29810E-01    0.13034E+05
    0.30412E-01    0.12833E+05
    0.31026E-01    0.12628E+05
    0.31653E-01    0.12421E+05
    0.32292E-01    0.12211E+05
    0.32945E-01    0.11999E+05
    0.33610E-01    0.11787E+05
    0.34289E-01    0.11573E+05
    0.34982E-01    0.11360E+05
    0.35689E-01    0.11147E+05
    0.36409E-01    0.10935E+05
    0.37145E-01    0.10725E+05
    0.37895E-01    0.10517E+05
    0.38661E-01    0.10312E+05
    0.39442E-01    0.10111E+05
    0.40239E-01    0.99129E+04
    0.41052E-01    0.97194E+04
    0.41881E-01    0.95307E+04
    0.42727E-01    0.93473E+04
    0.43590E-01    0.91694E+04
    0.44471E-01    0.89974E+04
    0.45369E-01    0.88316E+04
    0.46286E-01    0.86721E+04
    0.47221E-01    0.85191E+04
    0.48174E-01    0.83726E+04
    0.49148E-01    0.82327E+04
    0.50141E-01    0.80991E+04
    0.51153E-01    0.79717E+04
    0.52187E-01    0.78502E+04
    0.53241E-01    0.77343E+04
    0.54317E-01    0.76235E+04
    0.55414E-01    0.75172E+04
    0.56533E-01    0.74148E+04
    0.57675E-01    0.73156E+04
    0.58840E-01    0.72187E+04
    0.60029E-01    0.71232E+04
    0.61242E-01    0.70283E+04
    0.62479E-01    0.69329E+04
    0.63741E-01    0.68360E+04
    0.65029E-01    0.67367E+04
    0.66342E-01    0.66340E+04
    0.67683E-01    0.65269E+04
    0.69050E-01    0.64146E+04
    0.70445E-01    0.62964E+04
    0.71868E-01    0.61718E+04
    0.73320E-01    0.60403E+04
    0.74801E-01    0.59018E+04
    0.76312E-01    0.57564E+04
    0.77854E-01    0.56044E+04
    0.79426E-01    0.54463E+04
    0.81031E-01    0.52831E+04
    0.82668E-01    0.51157E+04
    0.84338E-01    0.49456E+04
    0.86041E-01    0.47741E+04
    0.87780E-01    0.46030E+04
    0.89553E-01    0.44339E+04
    0.91362E-01    0.42685E+04
    0.93208E-01    0.41086E+04
    0.95091E-01    0.39557E+04
    0.97011E-01    0.38112E+04
    0.98971E-01    0.36763E+04
    0.10097E+00    0.35518E+04
    0.10301E+00    0.34383E+04
    0.10509E+00    0.33360E+04
    0.10721E+00    0.32447E+04
    0.10938E+00    0.31637E+04
    0.11159E+00    0.30922E+04
    0.11384E+00    0.30288E+04
    0.11614E+00    0.29718E+04
    0.11849E+00    0.29192E+04
    0.12088E+00    0.28689E+04
    0.12333E+00    0.28186E+04
    0.12582E+00    0.27662E+04
    0.12836E+00    0.27097E+04
    0.13095E+00    0.26476E+04
    0.13360E+00    0.25789E+04
    0.13630E+00    0.25030E+04
    0.13905E+00    0.24201E+04
    0.14186E+00    0.23313E+04
    0.14472E+00    0.22380E+04
    0.14765E+00    0.21426E+04
    0.15063E+00    0.20474E+04
    0.15367E+00    0.19548E+04
    0.15678E+00    0.18671E+04
    0.15994E+00    0.17863E+04
    0.16318E+00    0.17140E+04
    0.16647E+00    0.16508E+04
    0.16984E+00    0.15966E+04
    0.17327E+00    0.15506E+04
    0.17677E+00    0.15115E+04
    0.18034E+00    0.14772E+04
    0.18398E+00    0.14453E+04
    0.18770E+00    0.14134E+04
    0.19149E+00    0.13793E+04
    0.19536E+00    0.13413E+04
    0.19930E+00    0.12985E+04
    0.20333E+00    0.12509E+04
    0.20744E+00    0.11996E+04
    0.21163E+00    0.11464E+04
    0.21590E+00    0.10933E+04
    0.22026E+00    0.10427E+04
    0.22471E+00    0.99625E+03
    0.22925E+00    0.95531E+03
    0.23388E+00    0.92012E+03
    0.23861E+00    0.89018E+03
    0.24343E+00    0.86423E+03
    0.24835E+00    0.84047E+03
    0.25336E+00    0.81698E+03
    0.25848E+00    0.79219E+03
    0.26370E+00    0.76511E+03
    0.26903E+00    0.73563E+03
    0.27447E+00    0.70452E+03
    0.28001E+00    0.67308E+03
    0.28567E+00    0.64280E+03
    0.29144E+00    0.61500E+03
    0.29733E+00    0.59031E+03
    0.30333E+00    0.56869E+03
    0.30946E+00    0.54944E+03
    0.31571E+00    0.53140E+03
    0.32209E+00    0.51346E+03
    0.32860E+00    0.49479E+03
    0.33523E+00    0.47522E+03
    0.34201E+00    0.45515E+03
    0.34892E+00    0.43536E+03
    0.35596E+00    0.41668E+03
    0.36316E+00    0.39960E+03
    0.37049E+00    0.38416E+03
    0.37798E+00    0.36992E+03
    0.38561E+00    0.35626E+03
    0.39340E+00    0.34263E+03
    0.40135E+00    0.32883E+03
    0.40946E+00    0.31502E+03
    0.41773E+00    0.30160E+03
    0.42617E+00    0.28894E+03
    0.43478E+00    0.27718E+03
    0.44356E+00    0.26619E+03
    0.45252E+00    0.25569E+03
    0.46166E+00    0.24539E+03
    0.47099E+00    0.23522E+03
    0.48050E+00    0.22528E+03
    0.49021E+00    0.21576E+03
    0.50011E+00    0.20676E+03
    0.51021E+00    0.19824E+03
    0.52052E+00    0.19009E+03
    0.53104E+00    0.18218E+03
    0.54176E+00    0.17449E+03
    0.55271E+00    0.16707E+03
    0.56387E+00    0.15998E+03
    0.57526E+00    0.15323E+03
    0.58689E+00    0.14677E+03
    0.59874E+00    0.14054E+03
    0.61084E+00    0.13453E+03
    0.62318E+00    0.12876E+03
    0.63577E+00    0.12323E+03
    0.64861E+00    0.11795E+03
    0.66171E+00    0.11288E+03
    0.67508E+00    0.10801E+03
    0.68872E+00    0.10333E+03
    0.70263E+00    0.98842E+02
    0.71682E+00    0.94549E+02
    0.73130E+00    0.90434E+02
    0.74608E+00    0.86485E+02
    0.76115E+00    0.82700E+02
    0.77653E+00    0.79074E+02
    0.79221E+00    0.75600E+02
    0.80822E+00    0.72271E+02
    0.82454E+00    0.69082E+02
    0.84120E+00    0.66027E+02
    0.85819E+00    0.63102E+02
    0.87553E+00    0.60300E+02
    0.89322E+00    0.57618E+02
    0.91126E+00    0.55049E+02
    0.92967E+00    0.52591E+02
    0.94845E+00    0.50238E+02
    0.96761E+00    0.47986E+02
    0.98716E+00    0.45831E+02
    0.10071E+01    0.43769E+02
    0.10274E+01    0.41796E+02
    0.10482E+01    0.39909E+02
    0.10694E+01    0.38103E+02
    0.10910E+01    0.36376E+02
    0.11130E+01    0.34724E+02
    0.11355E+01    0.33145E+02
    0.11584E+01    0.31635E+02
    0.11818E+01    0.30191E+02
    0.12057E+01    0.28811E+02
    0.12301E+01    0.27492E+02
    0.12549E+01    0.26231E+02
    0.12803E+01    0.25026E+02
    0.13061E+01    0.23875E+02
    0.13325E+01    0.22775E+02
    0.13594E+01    0.21723E+02
    0.13869E+01    0.20719E+02
    0.14149E+01    0.19760E+02
    0.14435E+01    0.18843E+02
    0.14727E+01    0.17968E+02
    0.15024E+01    0.17133E+02
    0.15328E+01    0.16335E+02
    0.15637E+01    0.15573E+02
    0.15953E+01    0.14845E+02
    0.16275E+01    0.14151E+02
    0.16604E+01    0.13488E+02
    0.16940E+01    0.12855E+02
    0.17282E+01    0.12251E+02
    0.17631E+01    0.11675E+02
    0.17987E+01    0.11125E+02
    0.18351E+01    0.10600E+02
    0.18721E+01    0.10100E+02
    0.19099E+01    0.96219E+01
    0.19485E+01    0.91663E+01
    0.19879E+01    0.87316E+01
    0.20280E+01    0.83171E+01
    0.20690E+01    0.79217E+01
    0.21108E+01    0.75447E+01
    0.21535E+01    0.71852E+01
    0.21970E+01    0.68423E+01
    0.22413E+01    0.65155E+01
    0.22866E+01    0.62038E+01
    0.23328E+01    0.59068E+01
    0.23799E+01    0.56236E+01
    0.24280E+01    0.53537E+01
    0.24771E+01    0.50964E+01
    0.25271E+01    0.48512E+01
    0.25782E+01    0.46176E+01
    0.26302E+01    0.43950E+01
    0.26834E+01    0.41828E+01
    0.27376E+01    0.39807E+01
    0.27929E+01    0.37881E+01
    0.28493E+01    0.36047E+01
    0.29069E+01    0.34299E+01
    0.29656E+01    0.32635E+01
    0.30255E+01    0.31049E+01
    0.30866E+01    0.29539E+01
    0.31490E+01    0.28101E+01
    0.32126E+01    0.26732E+01
    0.32775E+01    0.25428E+01
    0.33437E+01    0.24186E+01
    0.34112E+01    0.23004E+01
    0.34801E+01    0.21878E+01
    0.35504E+01    0.20807E+01
    0.36222E+01    0.19787E+01
    0.36953E+01    0.18816E+01
    0.37700E+01    0.17892E+01
    0.38462E+01    0.17012E+01
    0.39239E+01    0.16175E+01
    0.40031E+01    0.15379E+01
    0.40840E+01    0.14621E+01
    0.41665E+01    0.13899E+01
    0.42507E+01    0.13213E+01
    0.43365E+01    0.12560E+01
    0.44241E+01    0.11938E+01
    0.45135E+01    0.11347E+01
    0.46047E+01    0.10785E+01
    0.46977E+01    0.10250E+01
    0.47926E+01    0.97410E+00
    0.48894E+01    0.92570E+00
    0.49882E+01    0.87967E+00
    0.50890E+01    0.83589E+00
    0.51918E+01    0.79425E+00
    0.52966E+01    0.75466E+00
    0.54036E+01    0.71701E+00
    0.55128E+01    0.68121E+00
    0.56242E+01    0.64717E+00
    0.57378E+01    0.61480E+00
    0.58537E+01    0.58403E+00
    0.59720E+01    0.55478E+00
    0.60926E+01    0.52697E+00
    0.62157E+01    0.50054E+00
    0.63412E+01    0.47541E+00
    0.64693E+01    0.45152E+00
    0.66000E+01    0.42882E+00
    0.67334E+01    0.40725E+00
    0.68694E+01    0.38674E+00
    0.70082E+01    0.36726E+00
    0.71497E+01    0.34874E+00
    0.72942E+01    0.33114E+00
    0.74415E+01    0.31442E+00
    0.75918E+01    0.29853E+00
    0.77452E+01    0.28343E+00
    0.79017E+01    0.26909E+00
    0.80613E+01    0.25547E+00
    0.82241E+01    0.24252E+00
    0.83903E+01    0.23023E+00
    0.85598E+01    0.21854E+00
    0.87327E+01    0.20745E+00
    0.89091E+01    0.19691E+00
    0.90891E+01    0.18690E+00
    0.92727E+01    0.17739E+00
    0.94600E+01    0.16836E+00
    0.96511E+01    0.15978E+00
    0.98461E+01    0.15164E+00
    0.10045E+02    0.14391E+00
    0.10248E+02    0.13656E+00
    0.10455E+02    0.12959E+00
    0.10666E+02    0.12297E+00
    0.10882E+02    0.11668E+00
    0.11101E+02    0.11071E+00
    0.11326E+02    0.10504E+00
    0.11554E+02    0.99661E-01
    0.11788E+02    0.94553E-01
    0.12026E+02    0.89704E-01
    0.12269E+02    0.85102E-01
    0.12517E+02    0.80733E-01
    0.12770E+02    0.76585E-01
    0.13028E+02    0.72648E-01
    0.13291E+02    0.68911E-01
    0.13559E+02    0.65364E-01
    0.13833E+02    0.61997E-01
    0.14113E+02    0.58802E-01
    0.14398E+02    0.55771E-01
    0.14689E+02    0.52895E-01
