    0.10000E-04    0.30093E-21
    0.10202E-04    0.30070E-21
    0.10408E-04    0.30048E-21
    0.10618E-04    0.54673E+02
    0.10833E-04    0.55736E+02
    0.11052E-04    0.56819E+02
    0.11275E-04    0.57923E+02
    0.11503E-04    0.59049E+02
    0.11735E-04    0.60197E+02
    0.11972E-04    0.61366E+02
    0.12214E-04    0.62559E+02
    0.12461E-04    0.63775E+02
    0.12712E-04    0.65014E+02
    0.12969E-04    0.66278E+02
    0.13231E-04    0.67566E+02
    0.13499E-04    0.68879E+02
    0.13771E-04    0.70218E+02
    0.14049E-04    0.71582E+02
    0.14333E-04    0.72973E+02
    0.14623E-04    0.74391E+02
    0.14918E-04    0.75837E+02
    0.15220E-04    0.77311E+02
    0.15527E-04    0.78814E+02
    0.15841E-04    0.80345E+02
    0.16161E-04    0.81907E+02
    0.16487E-04    0.83498E+02
    0.16820E-04    0.85121E+02
    0.17160E-04    0.86775E+02
    0.17507E-04    0.88462E+02
    0.17860E-04    0.90181E+02
    0.18221E-04    0.91934E+02
    0.18589E-04    0.93720E+02
    0.18965E-04    0.95542E+02
    0.19348E-04    0.97398E+02
    0.19739E-04    0.99291E+02
    0.20138E-04    0.10122E+03
    0.20544E-04    0.10319E+03
    0.20959E-04    0.10519E+03
    0.21383E-04    0.10724E+03
    0.21815E-04    0.10932E+03
    0.22255E-04    0.11145E+03
    0.22705E-04    0.11361E+03
    0.23164E-04    0.11582E+03
    0.23632E-04    0.11807E+03
    0.24109E-04    0.12037E+03
    0.24596E-04    0.12270E+03
    0.25093E-04    0.12509E+03
    0.25600E-04    0.12752E+03
    0.26117E-04    0.13000E+03
    0.26645E-04    0.13252E+03
    0.27183E-04    0.13510E+03
    0.27732E-04    0.13773E+03
    0.28292E-04    0.14040E+03
    0.28864E-04    0.14313E+03
    0.29447E-04    0.14591E+03
    0.30042E-04    0.14875E+03
    0.30649E-04    0.15164E+03
    0.31268E-04    0.15459E+03
    0.31899E-04    0.15759E+03
    0.32544E-04    0.16065E+03
    0.33201E-04    0.16377E+03
    0.33872E-04    0.16696E+03
    0.34556E-04    0.17020E+03
    0.35254E-04    0.17351E+03
    0.35966E-04    0.17688E+03
    0.36693E-04    0.18032E+03
    0.37434E-04    0.18382E+03
    0.38190E-04    0.18739E+03
    0.38962E-04    0.19104E+03
    0.39749E-04    0.19475E+03
    0.40552E-04    0.19853E+03
    0.41371E-04    0.20239E+03
    0.42207E-04    0.20632E+03
    0.43060E-04    0.21033E+03
    0.43929E-04    0.21442E+03
    0.44817E-04    0.21859E+03
    0.45722E-04    0.22283E+03
    0.46646E-04    0.22716E+03
    0.47588E-04    0.23158E+03
    0.48550E-04    0.23608E+03
    0.49530E-04    0.24067E+03
    0.50531E-04    0.24534E+03
    0.51552E-04    0.25011E+03
    0.52593E-04    0.25497E+03
    0.53656E-04    0.25993E+03
    0.54739E-04    0.26498E+03
    0.55845E-04    0.27013E+03
    0.56973E-04    0.27537E+03
    0.58124E-04    0.28072E+03
    0.59299E-04    0.28618E+03
    0.60496E-04    0.29174E+03
    0.61719E-04    0.29741E+03
    0.62965E-04    0.30319E+03
    0.64237E-04    0.30908E+03
    0.65535E-04    0.31508E+03
    0.66859E-04    0.32121E+03
    0.68210E-04    0.32745E+03
    0.69588E-04    0.33381E+03
    0.70993E-04    0.34030E+03
    0.72427E-04    0.34691E+03
    0.73891E-04    0.35365E+03
    0.75383E-04    0.36052E+03
    0.76906E-04    0.36752E+03
    0.78460E-04    0.37466E+03
    0.80045E-04    0.38194E+03
    0.81662E-04    0.38936E+03
    0.83311E-04    0.39693E+03
    0.84994E-04    0.40464E+03
    0.86711E-04    0.41250E+03
    0.88463E-04    0.42051E+03
    0.90250E-04    0.42868E+03
    0.92073E-04    0.43701E+03
    0.93933E-04    0.44550E+03
    0.95831E-04    0.45415E+03
    0.97767E-04    0.46297E+03
    0.99742E-04    0.47197E+03
    0.10176E-03    0.48113E+03
    0.10381E-03    0.49048E+03
    0.10591E-03    0.50001E+03
    0.10805E-03    0.50972E+03
    0.11023E-03    0.51962E+03
    0.11246E-03    0.52971E+03
    0.11473E-03    0.54000E+03
    0.11705E-03    0.55048E+03
    0.11941E-03    0.56117E+03
    0.12182E-03    0.57207E+03
    0.12429E-03    0.58318E+03
    0.12680E-03    0.59451E+03
    0.12936E-03    0.60605E+03
    0.13197E-03    0.61782E+03
    0.13464E-03    0.62981E+03
    0.13736E-03    0.64204E+03
    0.14013E-03    0.65451E+03
    0.14296E-03    0.66721E+03
    0.14585E-03    0.68017E+03
    0.14880E-03    0.69337E+03
    0.15180E-03    0.70683E+03
    0.15487E-03    0.72055E+03
    0.15800E-03    0.73454E+03
    0.16119E-03    0.74879E+03
    0.16445E-03    0.76333E+03
    0.16777E-03    0.77814E+03
    0.17116E-03    0.79324E+03
    0.17462E-03    0.80863E+03
    0.17814E-03    0.82432E+03
    0.18174E-03    0.84032E+03
    0.18541E-03    0.85662E+03
    0.18916E-03    0.87324E+03
    0.19298E-03    0.89018E+03
    0.19688E-03    0.90744E+03
    0.20086E-03    0.92504E+03
    0.20491E-03    0.94298E+03
    0.20905E-03    0.96127E+03
    0.21328E-03    0.97991E+03
    0.21758E-03    0.99891E+03
    0.22198E-03    0.10183E+04
    0.22646E-03    0.10380E+04
    0.23104E-03    0.10581E+04
    0.23571E-03    0.10786E+04
    0.24047E-03    0.10995E+04
    0.24533E-03    0.11208E+04
    0.25028E-03    0.11426E+04
    0.25534E-03    0.11647E+04
    0.26050E-03    0.11873E+04
    0.26576E-03    0.12102E+04
    0.27113E-03    0.12337E+04
    0.27660E-03    0.12576E+04
    0.28219E-03    0.12819E+04
    0.28789E-03    0.13067E+04
    0.29371E-03    0.13320E+04
    0.29964E-03    0.13578E+04
    0.30569E-03    0.13841E+04
    0.31187E-03    0.14108E+04
    0.31817E-03    0.14381E+04
    0.32460E-03    0.14659E+04
    0.33115E-03    0.14942E+04
    0.33784E-03    0.15231E+04
    0.34467E-03    0.15526E+04
    0.35163E-03    0.15826E+04
    0.35874E-03    0.16131E+04
    0.36598E-03    0.16443E+04
    0.37338E-03    0.16760E+04
    0.38092E-03    0.17084E+04
    0.38861E-03    0.17413E+04
    0.39646E-03    0.17749E+04
    0.40447E-03    0.18091E+04
    0.41264E-03    0.18440E+04
    0.42098E-03    0.18796E+04
    0.42948E-03    0.19158E+04
    0.43816E-03    0.19527E+04
    0.44701E-03    0.19903E+04
    0.45604E-03    0.20286E+04
    0.46525E-03    0.20676E+04
    0.47465E-03    0.21074E+04
    0.48424E-03    0.21479E+04
    0.49402E-03    0.21892E+04
    0.50400E-03    0.22312E+04
    0.51419E-03    0.22741E+04
    0.52457E-03    0.23177E+04
    0.53517E-03    0.23622E+04
    0.54598E-03    0.24075E+04
    0.55701E-03    0.24537E+04
    0.56826E-03    0.25007E+04
    0.57974E-03    0.25486E+04
    0.59145E-03    0.25974E+04
    0.60340E-03    0.26470E+04
    0.61559E-03    0.26977E+04
    0.62803E-03    0.27492E+04
    0.64072E-03    0.28017E+04
    0.65366E-03    0.28552E+04
    0.66686E-03    0.29096E+04
    0.68033E-03    0.29651E+04
    0.69408E-03    0.30216E+04
    0.70810E-03    0.30791E+04
    0.72240E-03    0.31377E+04
    0.73700E-03    0.31973E+04
    0.75189E-03    0.32581E+04
    0.76708E-03    0.33199E+04
    0.78257E-03    0.33829E+04
    0.79838E-03    0.34470E+04
    0.81451E-03    0.35123E+04
    0.83096E-03    0.35788E+04
    0.84775E-03    0.36464E+04
    0.86488E-03    0.37153E+04
    0.88235E-03    0.37854E+04
    0.90017E-03    0.38568E+04
    0.91836E-03    0.39295E+04
    0.93691E-03    0.40034E+04
    0.95583E-03    0.40787E+04
    0.97514E-03    0.41553E+04
    0.99484E-03    0.42332E+04
    0.10149E-02    0.43125E+04
    0.10354E-02    0.43933E+04
    0.10564E-02    0.44754E+04
    0.10777E-02    0.45590E+04
    0.10995E-02    0.46440E+04
    0.11217E-02    0.47305E+04
    0.11443E-02    0.48186E+04
    0.11675E-02    0.49081E+04
    0.11910E-02    0.49992E+04
    0.12151E-02    0.50918E+04
    0.12397E-02    0.51860E+04
    0.12647E-02    0.52819E+04
    0.12902E-02    0.53793E+04
    0.13163E-02    0.54784E+04
    0.13429E-02    0.55792E+04
    0.13700E-02    0.56816E+04
    0.13977E-02    0.57858E+04
    0.14259E-02    0.58917E+04
    0.14547E-02    0.59993E+04
    0.14841E-02    0.61087E+04
    0.15141E-02    0.62199E+04
    0.15447E-02    0.63329E+04
    0.15759E-02    0.64477E+04
    0.16077E-02    0.65644E+04
    0.16402E-02    0.66830E+04
    0.16734E-02    0.68034E+04
    0.17072E-02    0.69258E+04
    0.17416E-02    0.70501E+04
    0.17768E-02    0.71763E+04
    0.18127E-02    0.73045E+04
    0.18493E-02    0.74346E+04
    0.18867E-02    0.75668E+04
    0.19248E-02    0.77009E+04
    0.19637E-02    0.78371E+04
    0.20034E-02    0.79754E+04
    0.20438E-02    0.81157E+04
    0.20851E-02    0.82580E+04
    0.21272E-02    0.84025E+04
    0.21702E-02    0.85490E+04
    0.22141E-02    0.86977E+04
    0.22588E-02    0.88485E+04
    0.23044E-02    0.90014E+04
    0.23510E-02    0.91564E+04
    0.23985E-02    0.93136E+04
    0.24469E-02    0.94730E+04
    0.24964E-02    0.96345E+04
    0.25468E-02    0.97982E+04
    0.25982E-02    0.99640E+04
    0.26507E-02    0.10132E+05
    0.27043E-02    0.10302E+05
    0.27589E-02    0.10475E+05
    0.28146E-02    0.10649E+05
    0.28715E-02    0.10826E+05
    0.29295E-02    0.11005E+05
    0.29887E-02    0.11186E+05
    0.30490E-02    0.11369E+05
    0.31106E-02    0.11554E+05
    0.31735E-02    0.11742E+05
    0.32376E-02    0.11932E+05
    0.33030E-02    0.12123E+05
    0.33697E-02    0.12317E+05
    0.34378E-02    0.12513E+05
    0.35072E-02    0.12711E+05
    0.35781E-02    0.12911E+05
    0.36504E-02    0.13113E+05
    0.37241E-02    0.13317E+05
    0.37993E-02    0.13523E+05
    0.38761E-02    0.13731E+05
    0.39544E-02    0.13941E+05
    0.40343E-02    0.14152E+05
    0.41158E-02    0.14366E+05
    0.41989E-02    0.14581E+05
    0.42838E-02    0.14798E+05
    0.43703E-02    0.15017E+05
    0.44586E-02    0.15237E+05
    0.45486E-02    0.15459E+05
    0.46405E-02    0.15682E+05
    0.47343E-02    0.15907E+05
    0.48299E-02    0.16133E+05
    0.49275E-02    0.16361E+05
    0.50270E-02    0.16590E+05
    0.51286E-02    0.16820E+05
    0.52322E-02    0.17051E+05
    0.53379E-02    0.17283E+05
    0.54457E-02    0.17516E+05
    0.55557E-02    0.17750E+05
    0.56680E-02    0.17984E+05
    0.57825E-02    0.18220E+05
    0.58993E-02    0.18456E+05
    0.60184E-02    0.18692E+05
    0.61400E-02    0.18929E+05
    0.62641E-02    0.19165E+05
    0.63906E-02    0.19402E+05
    0.65197E-02    0.19639E+05
    0.66514E-02    0.19876E+05
    0.67858E-02    0.20113E+05
    0.69229E-02    0.20349E+05
    0.70627E-02    0.20584E+05
    0.72054E-02    0.20819E+05
    0.73510E-02    0.21053E+05
    0.74994E-02    0.21286E+05
    0.76509E-02    0.21518E+05
    0.78055E-02    0.21748E+05
    0.79632E-02    0.21977E+05
    0.81241E-02    0.22204E+05
    0.82882E-02    0.22429E+05
    0.84556E-02    0.22652E+05
    0.86264E-02    0.22873E+05
    0.88007E-02    0.23091E+05
    0.89785E-02    0.23306E+05
    0.91598E-02    0.23519E+05
    0.93449E-02    0.23728E+05
    0.95337E-02    0.23935E+05
    0.97263E-02    0.24137E+05
    0.99227E-02    0.24336E+05
    0.10123E-01    0.24530E+05
    0.10328E-01    0.24720E+05
    0.10536E-01    0.24906E+05
    0.10749E-01    0.25087E+05
    0.10966E-01    0.25262E+05
    0.11188E-01    0.25432E+05
    0.11414E-01    0.25597E+05
    0.11644E-01    0.25756E+05
    0.11880E-01    0.25908E+05
    0.12120E-01    0.26054E+05
    0.12365E-01    0.26193E+05
    0.12614E-01    0.26325E+05
    0.12869E-01    0.26450E+05
    0.13129E-01    0.26567E+05
    0.13394E-01    0.26676E+05
    0.13665E-01    0.26777E+05
    0.13941E-01    0.26869E+05
    0.14223E-01    0.26953E+05
    0.14510E-01    0.27027E+05
    0.14803E-01    0.27092E+05
    0.15102E-01    0.27147E+05
    0.15407E-01    0.27192E+05
    0.15718E-01    0.27227E+05
    0.16036E-01    0.27251E+05
    0.16360E-01    0.27264E+05
    0.16690E-01    0.27266E+05
    0.17028E-01    0.27257E+05
    0.17371E-01    0.27236E+05
    0.17722E-01    0.27203E+05
    0.18080E-01    0.27158E+05
    0.18446E-01    0.27101E+05
    0.18818E-01    0.27031E+05
    0.19198E-01    0.26949E+05
    0.19586E-01    0.26854E+05
    0.19982E-01    0.26747E+05
    0.20386E-01    0.26626E+05
    0.20797E-01    0.26493E+05
    0.21218E-01    0.26346E+05
    0.21646E-01    0.26186E+05
    0.22083E-01    0.26014E+05
    0.22530E-01    0.25828E+05
    0.22985E-01    0.25630E+05
    0.23449E-01    0.25419E+05
    0.23923E-01    0.25196E+05
    0.24406E-01    0.24960E+05
    0.24899E-01    0.24713E+05
    0.25402E-01    0.24454E+05
    0.25915E-01    0.24184E+05
    0.26439E-01    0.23903E+05
    0.26973E-01    0.23612E+05
    0.27518E-01    0.23311E+05
    0.28074E-01    0.23000E+05
    0.28641E-01    0.22682E+05
    0.29219E-01    0.22355E+05
    0.29810E-01    0.22021E+05
    0.30412E-01    0.21681E+05
    0.31026E-01    0.21336E+05
    0.31653E-01    0.20985E+05
    0.32292E-01    0.20631E+05
    0.32945E-01    0.20273E+05
    0.33610E-01    0.19914E+05
    0.34289E-01    0.19553E+05
    0.34982E-01    0.19193E+05
    0.35689E-01    0.18833E+05
    0.36409E-01    0.18476E+05
    0.37145E-01    0.18121E+05
    0.37895E-01    0.17769E+05
    0.38661E-01    0.17423E+05
    0.39442E-01    0.17082E+05
    0.40239E-01    0.16748E+05
    0.41052E-01    0.16421E+05
    0.41881E-01    0.16102E+05
    0.42727E-01    0.15793E+05
    0.43590E-01    0.15492E+05
    0.44471E-01    0.15202E+05
    0.45369E-01    0.14921E+05
    0.46286E-01    0.14652E+05
    0.47221E-01    0.14393E+05
    0.48174E-01    0.14146E+05
    0.49148E-01    0.13910E+05
    0.50141E-01    0.13684E+05
    0.51153E-01    0.13469E+05
    0.52187E-01    0.13263E+05
    0.53241E-01    0.13068E+05
    0.54317E-01    0.12880E+05
    0.55414E-01    0.12701E+05
    0.56533E-01    0.12528E+05
    0.57675E-01    0.12360E+05
    0.58840E-01    0.12196E+05
    0.60029E-01    0.12035E+05
    0.61242E-01    0.11875E+05
    0.62479E-01    0.11713E+05
    0.63741E-01    0.11550E+05
    0.65029E-01    0.11382E+05
    0.66342E-01    0.11208E+05
    0.67683E-01    0.11028E+05
    0.69050E-01    0.10838E+05
    0.70445E-01    0.10638E+05
    0.71868E-01    0.10428E+05
    0.73320E-01    0.10205E+05
    0.74801E-01    0.99713E+04
    0.76312E-01    0.97254E+04
    0.77854E-01    0.94684E+04
    0.79426E-01    0.92010E+04
    0.81031E-01    0.89249E+04
    0.82668E-01    0.86420E+04
    0.84338E-01    0.83542E+04
    0.86041E-01    0.80644E+04
    0.87780E-01    0.77751E+04
    0.89553E-01    0.74893E+04
    0.91362E-01    0.72099E+04
    0.93208E-01    0.69397E+04
    0.95091E-01    0.66814E+04
    0.97011E-01    0.64375E+04
    0.98971E-01    0.62097E+04
    0.10097E+00    0.59996E+04
    0.10301E+00    0.58081E+04
    0.10509E+00    0.56356E+04
    0.10721E+00    0.54815E+04
    0.10938E+00    0.53451E+04
    0.11159E+00    0.52246E+04
    0.11384E+00    0.51176E+04
    0.11614E+00    0.50215E+04
    0.11849E+00    0.49327E+04
    0.12088E+00    0.48478E+04
    0.12333E+00    0.47630E+04
    0.12582E+00    0.46745E+04
    0.12836E+00    0.45791E+04
    0.13095E+00    0.44741E+04
    0.13360E+00    0.43578E+04
    0.13630E+00    0.42293E+04
    0.13905E+00    0.40891E+04
    0.14186E+00    0.39388E+04
    0.14472E+00    0.37811E+04
    0.14765E+00    0.36197E+04
    0.15063E+00    0.34586E+04
    0.15367E+00    0.33019E+04
    0.15678E+00    0.31538E+04
    0.15994E+00    0.30174E+04
    0.16318E+00    0.28953E+04
    0.16647E+00    0.27885E+04
    0.16984E+00    0.26970E+04
    0.17327E+00    0.26196E+04
    0.17677E+00    0.25537E+04
    0.18034E+00    0.24959E+04
    0.18398E+00    0.24421E+04
    0.18770E+00    0.23883E+04
    0.19149E+00    0.23307E+04
    0.19536E+00    0.22664E+04
    0.19930E+00    0.21941E+04
    0.20333E+00    0.21136E+04
    0.20744E+00    0.20269E+04
    0.21163E+00    0.19369E+04
    0.21590E+00    0.18471E+04
    0.22026E+00    0.17615E+04
    0.22471E+00    0.16831E+04
    0.22925E+00    0.16139E+04
    0.23388E+00    0.15545E+04
    0.23861E+00    0.15039E+04
    0.24343E+00    0.14601E+04
    0.24835E+00    0.14200E+04
    0.25336E+00    0.13804E+04
    0.25848E+00    0.13385E+04
    0.26370E+00    0.12928E+04
    0.26903E+00    0.12430E+04
    0.27447E+00    0.11904E+04
    0.28001E+00    0.11372E+04
    0.28567E+00    0.10860E+04
    0.29144E+00    0.10390E+04
    0.29733E+00    0.99732E+03
    0.30333E+00    0.96082E+03
    0.30946E+00    0.92830E+03
    0.31571E+00    0.89786E+03
    0.32209E+00    0.86755E+03
    0.32860E+00    0.83603E+03
    0.33523E+00    0.80296E+03
    0.34201E+00    0.76904E+03
    0.34892E+00    0.73560E+03
    0.35596E+00    0.70402E+03
    0.36316E+00    0.67517E+03
    0.37049E+00    0.64907E+03
    0.37798E+00    0.62502E+03
    0.38561E+00    0.60195E+03
    0.39340E+00    0.57894E+03
    0.40135E+00    0.55563E+03
    0.40946E+00    0.53230E+03
    0.41773E+00    0.50962E+03
    0.42617E+00    0.48822E+03
    0.43478E+00    0.46834E+03
    0.44356E+00    0.44978E+03
    0.45252E+00    0.43203E+03
    0.46166E+00    0.41464E+03
    0.47099E+00    0.39746E+03
    0.48050E+00    0.38067E+03
    0.49021E+00    0.36458E+03
    0.50011E+00    0.34936E+03
    0.51021E+00    0.33498E+03
    0.52052E+00    0.32121E+03
    0.53104E+00    0.30785E+03
    0.54176E+00    0.29486E+03
    0.55271E+00    0.28231E+03
    0.56387E+00    0.27033E+03
    0.57526E+00    0.25892E+03
    0.58689E+00    0.24801E+03
    0.59874E+00    0.23749E+03
    0.61084E+00    0.22734E+03
    0.62318E+00    0.21758E+03
    0.63577E+00    0.20825E+03
    0.64861E+00    0.19932E+03
    0.66171E+00    0.19075E+03
    0.67508E+00    0.18252E+03
    0.68872E+00    0.17461E+03
    0.70263E+00    0.16703E+03
    0.71682E+00    0.15978E+03
    0.73130E+00    0.15283E+03
    0.74608E+00    0.14615E+03
    0.76115E+00    0.13976E+03
    0.77653E+00    0.13363E+03
    0.79221E+00    0.12776E+03
    0.80822E+00    0.12214E+03
    0.82454E+00    0.11675E+03
    0.84120E+00    0.11159E+03
    0.85819E+00    0.10664E+03
    0.87553E+00    0.10191E+03
    0.89322E+00    0.97376E+02
    0.91126E+00    0.93036E+02
    0.92967E+00    0.88882E+02
    0.94845E+00    0.84906E+02
    0.96761E+00    0.81101E+02
    0.98716E+00    0.77459E+02
    0.10071E+01    0.73975E+02
    0.10274E+01    0.70641E+02
    0.10482E+01    0.67451E+02
    0.10694E+01    0.64400E+02
    0.10910E+01    0.61481E+02
    0.11130E+01    0.58690E+02
    0.11355E+01    0.56021E+02
    0.11584E+01    0.53469E+02
    0.11818E+01    0.51029E+02
    0.12057E+01    0.48697E+02
    0.12301E+01    0.46468E+02
    0.12549E+01    0.44337E+02
    0.12803E+01    0.42301E+02
    0.13061E+01    0.40355E+02
    0.13325E+01    0.38495E+02
    0.13594E+01    0.36719E+02
    0.13869E+01    0.35021E+02
    0.14149E+01    0.33400E+02
    0.14435E+01    0.31852E+02
    0.14727E+01    0.30373E+02
    0.15024E+01    0.28960E+02
    0.15328E+01    0.27612E+02
    0.15637E+01    0.26324E+02
    0.15953E+01    0.25094E+02
    0.16275E+01    0.23921E+02
    0.16604E+01    0.22800E+02
    0.16940E+01    0.21731E+02
    0.17282E+01    0.20710E+02
    0.17631E+01    0.19736E+02
    0.17987E+01    0.18807E+02
    0.18351E+01    0.17920E+02
    0.18721E+01    0.17073E+02
    0.19099E+01    0.16266E+02
    0.19485E+01    0.15496E+02
    0.19879E+01    0.14761E+02
    0.20280E+01    0.14061E+02
    0.20690E+01    0.13392E+02
    0.21108E+01    0.12755E+02
    0.21535E+01    0.12147E+02
    0.21970E+01    0.11568E+02
    0.22413E+01    0.11015E+02
    0.22866E+01    0.10489E+02
    0.23328E+01    0.99865E+01
    0.23799E+01    0.95078E+01
    0.24280E+01    0.90515E+01
    0.24771E+01    0.86166E+01
    0.25271E+01    0.82022E+01
    0.25782E+01    0.78072E+01
    0.26302E+01    0.74309E+01
    0.26834E+01    0.70723E+01
    0.27376E+01    0.67306E+01
    0.27929E+01    0.64050E+01
    0.28493E+01    0.60949E+01
    0.29069E+01    0.57995E+01
    0.29656E+01    0.55181E+01
    0.30255E+01    0.52500E+01
    0.30866E+01    0.49948E+01
    0.31490E+01    0.47517E+01
    0.32126E+01    0.45202E+01
    0.32775E+01    0.42997E+01
    0.33437E+01    0.40898E+01
    0.34112E+01    0.38899E+01
    0.34801E+01    0.36996E+01
    0.35504E+01    0.35185E+01
    0.36222E+01    0.33460E+01
    0.36953E+01    0.31819E+01
    0.37700E+01    0.30256E+01
    0.38462E+01    0.28769E+01
    0.39239E+01    0.27354E+01
    0.40031E+01    0.26007E+01
    0.40840E+01    0.24725E+01
    0.41665E+01    0.23505E+01
    0.42507E+01    0.22345E+01
    0.43365E+01    0.21240E+01
    0.44241E+01    0.20190E+01
    0.45135E+01    0.19190E+01
    0.46047E+01    0.18239E+01
    0.46977E+01    0.17335E+01
    0.47926E+01    0.16474E+01
    0.48894E+01    0.15656E+01
    0.49882E+01    0.14878E+01
    0.50890E+01    0.14137E+01
    0.51918E+01    0.13433E+01
    0.52966E+01    0.12764E+01
    0.54036E+01    0.12127E+01
    0.55128E+01    0.11522E+01
    0.56242E+01    0.10946E+01
    0.57378E+01    0.10399E+01
    0.58537E+01    0.98784E+00
    0.59720E+01    0.93837E+00
    0.60926E+01    0.89134E+00
    0.62157E+01    0.84664E+00
    0.63412E+01    0.80414E+00
    0.64693E+01    0.76375E+00
    0.66000E+01    0.72535E+00
    0.67334E+01    0.68887E+00
    0.68694E+01    0.65419E+00
    0.70082E+01    0.62123E+00
    0.71497E+01    0.58991E+00
    0.72942E+01    0.56015E+00
    0.74415E+01    0.53187E+00
    0.75918E+01    0.50500E+00
    0.77452E+01    0.47947E+00
    0.79017E+01    0.45521E+00
    0.80613E+01    0.43216E+00
    0.82241E+01    0.41027E+00
    0.83903E+01    0.38947E+00
    0.85598E+01    0.36971E+00
    0.87327E+01    0.35094E+00
    0.89091E+01    0.33312E+00
    0.90891E+01    0.31618E+00
    0.92727E+01    0.30010E+00
    0.94600E+01    0.28483E+00
    0.96511E+01    0.27032E+00
    0.98461E+01    0.25655E+00
    0.10045E+02    0.24347E+00
    0.10248E+02    0.23105E+00
    0.10455E+02    0.21925E+00
    0.10666E+02    0.20805E+00
    0.10882E+02    0.19741E+00
    0.11101E+02    0.18732E+00
    0.11326E+02    0.17773E+00
    0.11554E+02    0.16862E+00
    0.11788E+02    0.15998E+00
    0.12026E+02    0.15177E+00
    0.12269E+02    0.14398E+00
    0.12517E+02    0.13658E+00
    0.12770E+02    0.12956E+00
    0.13028E+02    0.12290E+00
    0.13291E+02    0.11658E+00
    0.13559E+02    0.11058E+00
    0.13833E+02    0.10489E+00
    0.14113E+02    0.99487E-01
    0.14398E+02    0.94365E-01
    0.14689E+02    0.89506E-01
