    0.10000E-04    0.18959E+02
    0.10202E-04    0.19328E+02
    0.10408E-04    0.19703E+02
    0.10618E-04    0.20086E+02
    0.10833E-04    0.20477E+02
    0.11052E-04    0.20875E+02
    0.11275E-04    0.21280E+02
    0.11503E-04    0.21694E+02
    0.11735E-04    0.22115E+02
    0.11972E-04    0.22545E+02
    0.12214E-04    0.22983E+02
    0.12461E-04    0.23430E+02
    0.12712E-04    0.23885E+02
    0.12969E-04    0.24350E+02
    0.13231E-04    0.24823E+02
    0.13499E-04    0.25305E+02
    0.13771E-04    0.25797E+02
    0.14049E-04    0.26298E+02
    0.14333E-04    0.26809E+02
    0.14623E-04    0.27330E+02
    0.14918E-04    0.27862E+02
    0.15220E-04    0.28403E+02
    0.15527E-04    0.28955E+02
    0.15841E-04    0.29518E+02
    0.16161E-04    0.30091E+02
    0.16487E-04    0.30676E+02
    0.16820E-04    0.31272E+02
    0.17160E-04    0.31880E+02
    0.17507E-04    0.32500E+02
    0.17860E-04    0.33131E+02
    0.18221E-04    0.33775E+02
    0.18589E-04    0.34431E+02
    0.18965E-04    0.35101E+02
    0.19348E-04    0.35783E+02
    0.19739E-04    0.36478E+02
    0.20138E-04    0.37187E+02
    0.20544E-04    0.37910E+02
    0.20959E-04    0.38647E+02
    0.21383E-04    0.39398E+02
    0.21815E-04    0.40163E+02
    0.22255E-04    0.40944E+02
    0.22705E-04    0.41739E+02
    0.23164E-04    0.42551E+02
    0.23632E-04    0.43378E+02
    0.24109E-04    0.44221E+02
    0.24596E-04    0.45080E+02
    0.25093E-04    0.45956E+02
    0.25600E-04    0.46849E+02
    0.26117E-04    0.47760E+02
    0.26645E-04    0.48688E+02
    0.27183E-04    0.49634E+02
    0.27732E-04    0.50598E+02
    0.28292E-04    0.51582E+02
    0.28864E-04    0.52584E+02
    0.29447E-04    0.53606E+02
    0.30042E-04    0.54648E+02
    0.30649E-04    0.55710E+02
    0.31268E-04    0.56792E+02
    0.31899E-04    0.57896E+02
    0.32544E-04    0.59021E+02
    0.33201E-04    0.60168E+02
    0.33872E-04    0.61337E+02
    0.34556E-04    0.62529E+02
    0.35254E-04    0.63745E+02
    0.35966E-04    0.64983E+02
    0.36693E-04    0.66246E+02
    0.37434E-04    0.67533E+02
    0.38190E-04    0.68846E+02
    0.38962E-04    0.70184E+02
    0.39749E-04    0.71548E+02
    0.40552E-04    0.72938E+02
    0.41371E-04    0.74355E+02
    0.42207E-04    0.75800E+02
    0.43060E-04    0.77273E+02
    0.43929E-04    0.78775E+02
    0.44817E-04    0.80306E+02
    0.45722E-04    0.81866E+02
    0.46646E-04    0.83457E+02
    0.47588E-04    0.85079E+02
    0.48550E-04    0.86732E+02
    0.49530E-04    0.88417E+02
    0.50531E-04    0.90135E+02
    0.51552E-04    0.91887E+02
    0.52593E-04    0.93672E+02
    0.53656E-04    0.95493E+02
    0.54739E-04    0.97348E+02
    0.55845E-04    0.99240E+02
    0.56973E-04    0.10117E+03
    0.58124E-04    0.10313E+03
    0.59299E-04    0.10514E+03
    0.60496E-04    0.10718E+03
    0.61719E-04    0.10926E+03
    0.62965E-04    0.11139E+03
    0.64237E-04    0.11355E+03
    0.65535E-04    0.11576E+03
    0.66859E-04    0.11801E+03
    0.68210E-04    0.12030E+03
    0.69588E-04    0.12264E+03
    0.70993E-04    0.12502E+03
    0.72427E-04    0.12745E+03
    0.73891E-04    0.12992E+03
    0.75383E-04    0.13245E+03
    0.76906E-04    0.13502E+03
    0.78460E-04    0.13764E+03
    0.80045E-04    0.14032E+03
    0.81662E-04    0.14304E+03
    0.83311E-04    0.14582E+03
    0.84994E-04    0.14866E+03
    0.86711E-04    0.15154E+03
    0.88463E-04    0.15449E+03
    0.90250E-04    0.15749E+03
    0.92073E-04    0.16055E+03
    0.93933E-04    0.16367E+03
    0.95831E-04    0.16685E+03
    0.97767E-04    0.17009E+03
    0.99742E-04    0.17339E+03
    0.10176E-03    0.17676E+03
    0.10381E-03    0.18019E+03
    0.10591E-03    0.18369E+03
    0.10805E-03    0.18726E+03
    0.11023E-03    0.19090E+03
    0.11246E-03    0.19460E+03
    0.11473E-03    0.19838E+03
    0.11705E-03    0.20224E+03
    0.11941E-03    0.20616E+03
    0.12182E-03    0.21017E+03
    0.12429E-03    0.21425E+03
    0.12680E-03    0.21841E+03
    0.12936E-03    0.22265E+03
    0.13197E-03    0.22697E+03
    0.13464E-03    0.23138E+03
    0.13736E-03    0.23587E+03
    0.14013E-03    0.24045E+03
    0.14296E-03    0.24512E+03
    0.14585E-03    0.24988E+03
    0.14880E-03    0.25473E+03
    0.15180E-03    0.25967E+03
    0.15487E-03    0.26471E+03
    0.15800E-03    0.26985E+03
    0.16119E-03    0.27509E+03
    0.16445E-03    0.28043E+03
    0.16777E-03    0.28587E+03
    0.17116E-03    0.29141E+03
    0.17462E-03    0.29707E+03
    0.17814E-03    0.30283E+03
    0.18174E-03    0.30871E+03
    0.18541E-03    0.31470E+03
    0.18916E-03    0.32080E+03
    0.19298E-03    0.32702E+03
    0.19688E-03    0.33336E+03
    0.20086E-03    0.33983E+03
    0.20491E-03    0.34642E+03
    0.20905E-03    0.35314E+03
    0.21328E-03    0.35998E+03
    0.21758E-03    0.36696E+03
    0.22198E-03    0.37408E+03
    0.22646E-03    0.38133E+03
    0.23104E-03    0.38872E+03
    0.23571E-03    0.39625E+03
    0.24047E-03    0.40393E+03
    0.24533E-03    0.41175E+03
    0.25028E-03    0.41973E+03
    0.25534E-03    0.42786E+03
    0.26050E-03    0.43614E+03
    0.26576E-03    0.44459E+03
    0.27113E-03    0.45320E+03
    0.27660E-03    0.46197E+03
    0.28219E-03    0.47091E+03
    0.28789E-03    0.48002E+03
    0.29371E-03    0.48931E+03
    0.29964E-03    0.49878E+03
    0.30569E-03    0.50842E+03
    0.31187E-03    0.51825E+03
    0.31817E-03    0.52827E+03
    0.32460E-03    0.53849E+03
    0.33115E-03    0.54889E+03
    0.33784E-03    0.55950E+03
    0.34467E-03    0.57031E+03
    0.35163E-03    0.58132E+03
    0.35874E-03    0.59255E+03
    0.36598E-03    0.60399E+03
    0.37338E-03    0.61564E+03
    0.38092E-03    0.62752E+03
    0.38861E-03    0.63962E+03
    0.39646E-03    0.65196E+03
    0.40447E-03    0.66453E+03
    0.41264E-03    0.67733E+03
    0.42098E-03    0.69038E+03
    0.42948E-03    0.70368E+03
    0.43816E-03    0.71723E+03
    0.44701E-03    0.73103E+03
    0.45604E-03    0.74510E+03
    0.46525E-03    0.75943E+03
    0.47465E-03    0.77403E+03
    0.48424E-03    0.78891E+03
    0.49402E-03    0.80406E+03
    0.50400E-03    0.81950E+03
    0.51419E-03    0.83523E+03
    0.52457E-03    0.85126E+03
    0.53517E-03    0.86758E+03
    0.54598E-03    0.88421E+03
    0.55701E-03    0.90115E+03
    0.56826E-03    0.91841E+03
    0.57974E-03    0.93599E+03
    0.59145E-03    0.95389E+03
    0.60340E-03    0.97213E+03
    0.61559E-03    0.99071E+03
    0.62803E-03    0.10096E+04
    0.64072E-03    0.10289E+04
    0.65366E-03    0.10485E+04
    0.66686E-03    0.10685E+04
    0.68033E-03    0.10889E+04
    0.69408E-03    0.11096E+04
    0.70810E-03    0.11307E+04
    0.72240E-03    0.11522E+04
    0.73700E-03    0.11741E+04
    0.75189E-03    0.11964E+04
    0.76708E-03    0.12191E+04
    0.78257E-03    0.12422E+04
    0.79838E-03    0.12657E+04
    0.81451E-03    0.12897E+04
    0.83096E-03    0.13141E+04
    0.84775E-03    0.13389E+04
    0.86488E-03    0.13642E+04
    0.88235E-03    0.13899E+04
    0.90017E-03    0.14161E+04
    0.91836E-03    0.14428E+04
    0.93691E-03    0.14699E+04
    0.95583E-03    0.14975E+04
    0.97514E-03    0.15257E+04
    0.99484E-03    0.15543E+04
    0.10149E-02    0.15834E+04
    0.10354E-02    0.16130E+04
    0.10564E-02    0.16432E+04
    0.10777E-02    0.16739E+04
    0.10995E-02    0.17051E+04
    0.11217E-02    0.17368E+04
    0.11443E-02    0.17691E+04
    0.11675E-02    0.18020E+04
    0.11910E-02    0.18355E+04
    0.12151E-02    0.18695E+04
    0.12397E-02    0.19041E+04
    0.12647E-02    0.19393E+04
    0.12902E-02    0.19750E+04
    0.13163E-02    0.20114E+04
    0.13429E-02    0.20484E+04
    0.13700E-02    0.20860E+04
    0.13977E-02    0.21243E+04
    0.14259E-02    0.21632E+04
    0.14547E-02    0.22027E+04
    0.14841E-02    0.22429E+04
    0.15141E-02    0.22837E+04
    0.15447E-02    0.23252E+04
    0.15759E-02    0.23674E+04
    0.16077E-02    0.24103E+04
    0.16402E-02    0.24538E+04
    0.16734E-02    0.24980E+04
    0.17072E-02    0.25430E+04
    0.17416E-02    0.25886E+04
    0.17768E-02    0.26350E+04
    0.18127E-02    0.26821E+04
    0.18493E-02    0.27299E+04
    0.18867E-02    0.27784E+04
    0.19248E-02    0.28277E+04
    0.19637E-02    0.28777E+04
    0.20034E-02    0.29285E+04
    0.20438E-02    0.29800E+04
    0.20851E-02    0.30323E+04
    0.21272E-02    0.30854E+04
    0.21702E-02    0.31392E+04
    0.22141E-02    0.31938E+04
    0.22588E-02    0.32492E+04
    0.23044E-02    0.33054E+04
    0.23510E-02    0.33624E+04
    0.23985E-02    0.34201E+04
    0.24469E-02    0.34787E+04
    0.24964E-02    0.35380E+04
    0.25468E-02    0.35982E+04
    0.25982E-02    0.36591E+04
    0.26507E-02    0.37209E+04
    0.27043E-02    0.37834E+04
    0.27589E-02    0.38468E+04
    0.28146E-02    0.39109E+04
    0.28715E-02    0.39758E+04
    0.29295E-02    0.40416E+04
    0.29887E-02    0.41081E+04
    0.30490E-02    0.41755E+04
    0.31106E-02    0.42436E+04
    0.31735E-02    0.43125E+04
    0.32376E-02    0.43822E+04
    0.33030E-02    0.44527E+04
    0.33697E-02    0.45240E+04
    0.34378E-02    0.45960E+04
    0.35072E-02    0.46688E+04
    0.35781E-02    0.47423E+04
    0.36504E-02    0.48166E+04
    0.37241E-02    0.48916E+04
    0.37993E-02    0.49673E+04
    0.38761E-02    0.50438E+04
    0.39544E-02    0.51209E+04
    0.40343E-02    0.51987E+04
    0.41158E-02    0.52772E+04
    0.41989E-02    0.53564E+04
    0.42838E-02    0.54362E+04
    0.43703E-02    0.55166E+04
    0.44586E-02    0.55976E+04
    0.45486E-02    0.56792E+04
    0.46405E-02    0.57614E+04
    0.47343E-02    0.58441E+04
    0.48299E-02    0.59273E+04
    0.49275E-02    0.60110E+04
    0.50270E-02    0.60952E+04
    0.51286E-02    0.61798E+04
    0.52322E-02    0.62648E+04
    0.53379E-02    0.63502E+04
    0.54457E-02    0.64360E+04
    0.55557E-02    0.65221E+04
    0.56680E-02    0.66084E+04
    0.57825E-02    0.66950E+04
    0.58993E-02    0.67818E+04
    0.60184E-02    0.68688E+04
    0.61400E-02    0.69559E+04
    0.62641E-02    0.70431E+04
    0.63906E-02    0.71304E+04
    0.65197E-02    0.72176E+04
    0.66514E-02    0.73048E+04
    0.67858E-02    0.73919E+04
    0.69229E-02    0.74789E+04
    0.70627E-02    0.75654E+04
    0.72054E-02    0.76518E+04
    0.73510E-02    0.77395E+04
    0.74994E-02    0.78271E+04
    0.76509E-02    0.79127E+04
    0.78055E-02    0.79975E+04
    0.79632E-02    0.80820E+04
    0.81241E-02    0.81659E+04
    0.82882E-02    0.82490E+04
    0.84556E-02    0.83314E+04
    0.86264E-02    0.84130E+04
    0.88007E-02    0.84936E+04
    0.89785E-02    0.85733E+04
    0.91598E-02    0.86519E+04
    0.93449E-02    0.87294E+04
    0.95337E-02    0.88056E+04
    0.97263E-02    0.88806E+04
    0.99227E-02    0.89541E+04
    0.10123E-01    0.90262E+04
    0.10328E-01    0.90967E+04
    0.10536E-01    0.91655E+04
    0.10749E-01    0.92325E+04
    0.10966E-01    0.92977E+04
    0.11188E-01    0.93609E+04
    0.11414E-01    0.94221E+04
    0.11644E-01    0.94811E+04
    0.11880E-01    0.95378E+04
    0.12120E-01    0.95923E+04
    0.12365E-01    0.96441E+04
    0.12614E-01    0.96928E+04
    0.12869E-01    0.97391E+04
    0.13129E-01    0.97829E+04
    0.13394E-01    0.98238E+04
    0.13665E-01    0.98616E+04
    0.13941E-01    0.98963E+04
    0.14223E-01    0.99278E+04
    0.14510E-01    0.99559E+04
    0.14803E-01    0.99805E+04
    0.15102E-01    0.10002E+05
    0.15407E-01    0.10019E+05
    0.15718E-01    0.10033E+05
    0.16036E-01    0.10042E+05
    0.16360E-01    0.10048E+05
    0.16690E-01    0.10050E+05
    0.17028E-01    0.10047E+05
    0.17371E-01    0.10041E+05
    0.17722E-01    0.10030E+05
    0.18080E-01    0.10014E+05
    0.18446E-01    0.99940E+04
    0.18818E-01    0.99693E+04
    0.19198E-01    0.99401E+04
    0.19586E-01    0.99061E+04
    0.19982E-01    0.98675E+04
    0.20386E-01    0.98241E+04
    0.20797E-01    0.97759E+04
    0.21218E-01    0.97229E+04
    0.21646E-01    0.96651E+04
    0.22083E-01    0.96025E+04
    0.22530E-01    0.95352E+04
    0.22985E-01    0.94631E+04
    0.23449E-01    0.93864E+04
    0.23923E-01    0.93051E+04
    0.24406E-01    0.92193E+04
    0.24899E-01    0.91290E+04
    0.25402E-01    0.90345E+04
    0.25915E-01    0.89358E+04
    0.26439E-01    0.88331E+04
    0.26973E-01    0.87266E+04
    0.27518E-01    0.86164E+04
    0.28074E-01    0.85029E+04
    0.28641E-01    0.83861E+04
    0.29219E-01    0.82663E+04
    0.29810E-01    0.81439E+04
    0.30412E-01    0.80190E+04
    0.31026E-01    0.78920E+04
    0.31653E-01    0.77632E+04
    0.32292E-01    0.76329E+04
    0.32945E-01    0.75015E+04
    0.33610E-01    0.73692E+04
    0.34289E-01    0.72364E+04
    0.34982E-01    0.71035E+04
    0.35689E-01    0.69709E+04
    0.36409E-01    0.68389E+04
    0.37145E-01    0.67079E+04
    0.37895E-01    0.65782E+04
    0.38661E-01    0.64502E+04
    0.39442E-01    0.63242E+04
    0.40239E-01    0.62005E+04
    0.41052E-01    0.60795E+04
    0.41881E-01    0.59614E+04
    0.42727E-01    0.58465E+04
    0.43590E-01    0.57350E+04
    0.44471E-01    0.56272E+04
    0.45369E-01    0.55231E+04
    0.46286E-01    0.54230E+04
    0.47221E-01    0.53269E+04
    0.48174E-01    0.52349E+04
    0.49148E-01    0.51469E+04
    0.50141E-01    0.50629E+04
    0.51153E-01    0.49829E+04
    0.52187E-01    0.49065E+04
    0.53241E-01    0.48336E+04
    0.54317E-01    0.47640E+04
    0.55414E-01    0.46973E+04
    0.56533E-01    0.46330E+04
    0.57675E-01    0.45709E+04
    0.58840E-01    0.45103E+04
    0.60029E-01    0.44507E+04
    0.61242E-01    0.43915E+04
    0.62479E-01    0.43322E+04
    0.63741E-01    0.42721E+04
    0.65029E-01    0.42106E+04
    0.66342E-01    0.41471E+04
    0.67683E-01    0.40810E+04
    0.69050E-01    0.40117E+04
    0.70445E-01    0.39389E+04
    0.71868E-01    0.38621E+04
    0.73320E-01    0.37811E+04
    0.74801E-01    0.36957E+04
    0.76312E-01    0.36060E+04
    0.77854E-01    0.35121E+04
    0.79426E-01    0.34143E+04
    0.81031E-01    0.33132E+04
    0.82668E-01    0.32095E+04
    0.84338E-01    0.31038E+04
    0.86041E-01    0.29970E+04
    0.87780E-01    0.28903E+04
    0.89553E-01    0.27846E+04
    0.91362E-01    0.26811E+04
    0.93208E-01    0.25807E+04
    0.95091E-01    0.24844E+04
    0.97011E-01    0.23933E+04
    0.98971E-01    0.23080E+04
    0.10097E+00    0.22291E+04
    0.10301E+00    0.21570E+04
    0.10509E+00    0.20918E+04
    0.10721E+00    0.20335E+04
    0.10938E+00    0.19818E+04
    0.11159E+00    0.19361E+04
    0.11384E+00    0.18956E+04
    0.11614E+00    0.18594E+04
    0.11849E+00    0.18262E+04
    0.12088E+00    0.17946E+04
    0.12333E+00    0.17634E+04
    0.12582E+00    0.17311E+04
    0.12836E+00    0.16964E+04
    0.13095E+00    0.16585E+04
    0.13360E+00    0.16166E+04
    0.13630E+00    0.15702E+04
    0.13905E+00    0.15194E+04
    0.14186E+00    0.14647E+04
    0.14472E+00    0.14071E+04
    0.14765E+00    0.13478E+04
    0.15063E+00    0.12883E+04
    0.15367E+00    0.12301E+04
    0.15678E+00    0.11748E+04
    0.15994E+00    0.11235E+04
    0.16318E+00    0.10773E+04
    0.16647E+00    0.10367E+04
    0.16984E+00    0.10018E+04
    0.17327E+00    0.97217E+03
    0.17677E+00    0.94700E+03
    0.18034E+00    0.92513E+03
    0.18398E+00    0.90508E+03
    0.18770E+00    0.88531E+03
    0.19149E+00    0.86440E+03
    0.19536E+00    0.84126E+03
    0.19930E+00    0.81521E+03
    0.20333E+00    0.78613E+03
    0.20744E+00    0.75456E+03
    0.21163E+00    0.72152E+03
    0.21590E+00    0.68833E+03
    0.22026E+00    0.65634E+03
    0.22471E+00    0.62680E+03
    0.22925E+00    0.60055E+03
    0.23388E+00    0.57789E+03
    0.23861E+00    0.55861E+03
    0.24343E+00    0.54201E+03
    0.24835E+00    0.52701E+03
    0.25336E+00    0.51241E+03
    0.25848E+00    0.49718E+03
    0.26370E+00    0.48062E+03
    0.26903E+00    0.46253E+03
    0.27447E+00    0.44328E+03
    0.28001E+00    0.42365E+03
    0.28567E+00    0.40456E+03
    0.29144E+00    0.38686E+03
    0.29733E+00    0.37106E+03
    0.30333E+00    0.35722E+03
    0.30946E+00    0.34497E+03
    0.31571E+00    0.33363E+03
    0.32209E+00    0.32247E+03
    0.32860E+00    0.31095E+03
    0.33523E+00    0.29885E+03
    0.34201E+00    0.28637E+03
    0.34892E+00    0.27395E+03
    0.35596E+00    0.26213E+03
    0.36316E+00    0.25127E+03
    0.37049E+00    0.24144E+03
    0.37798E+00    0.23244E+03
    0.38561E+00    0.22388E+03
    0.39340E+00    0.21540E+03
    0.40135E+00    0.20682E+03
    0.40946E+00    0.19819E+03
    0.41773E+00    0.18975E+03
    0.42617E+00    0.18175E+03
    0.43478E+00    0.17430E+03
    0.44356E+00    0.16737E+03
    0.45252E+00    0.16077E+03
    0.46166E+00    0.15433E+03
    0.47099E+00    0.14797E+03
    0.48050E+00    0.14174E+03
    0.49021E+00    0.13574E+03
    0.50011E+00    0.13006E+03
    0.51021E+00    0.12469E+03
    0.52052E+00    0.11957E+03
    0.53104E+00    0.11461E+03
    0.54176E+00    0.10979E+03
    0.55271E+00    0.10512E+03
    0.56387E+00    0.10065E+03
    0.57526E+00    0.96404E+02
    0.58689E+00    0.92341E+02
    0.59874E+00    0.88431E+02
    0.61084E+00    0.84656E+02
    0.62318E+00    0.81024E+02
    0.63577E+00    0.77546E+02
    0.64861E+00    0.74221E+02
    0.66171E+00    0.71034E+02
    0.67508E+00    0.67970E+02
    0.68872E+00    0.65027E+02
    0.70263E+00    0.62206E+02
    0.71682E+00    0.59505E+02
    0.73130E+00    0.56917E+02
    0.74608E+00    0.54433E+02
    0.76115E+00    0.52052E+02
    0.77653E+00    0.49771E+02
    0.79221E+00    0.47586E+02
    0.80822E+00    0.45492E+02
    0.82454E+00    0.43486E+02
    0.84120E+00    0.41564E+02
    0.85819E+00    0.39723E+02
    0.87553E+00    0.37960E+02
    0.89322E+00    0.36272E+02
    0.91126E+00    0.34656E+02
    0.92967E+00    0.33109E+02
    0.94845E+00    0.31628E+02
    0.96761E+00    0.30211E+02
    0.98716E+00    0.28855E+02
    0.10071E+01    0.27557E+02
    0.10274E+01    0.26316E+02
    0.10482E+01    0.25128E+02
    0.10694E+01    0.23991E+02
    0.10910E+01    0.22905E+02
    0.11130E+01    0.21865E+02
    0.11355E+01    0.20871E+02
    0.11584E+01    0.19921E+02
    0.11818E+01    0.19012E+02
    0.12057E+01    0.18143E+02
    0.12301E+01    0.17313E+02
    0.12549E+01    0.16519E+02
    0.12803E+01    0.15761E+02
    0.13061E+01    0.15036E+02
    0.13325E+01    0.14343E+02
    0.13594E+01    0.13681E+02
    0.13869E+01    0.13049E+02
    0.14149E+01    0.12445E+02
    0.14435E+01    0.11868E+02
    0.14727E+01    0.11317E+02
    0.15024E+01    0.10791E+02
    0.15328E+01    0.10289E+02
    0.15637E+01    0.98088E+01
    0.15953E+01    0.93508E+01
    0.16275E+01    0.89135E+01
    0.16604E+01    0.84961E+01
    0.16940E+01    0.80977E+01
    0.17282E+01    0.77174E+01
    0.17631E+01    0.73545E+01
    0.17987E+01    0.70082E+01
    0.18351E+01    0.66777E+01
    0.18721E+01    0.63624E+01
    0.19099E+01    0.60616E+01
    0.19485E+01    0.57747E+01
    0.19879E+01    0.55009E+01
    0.20280E+01    0.52399E+01
    0.20690E+01    0.49909E+01
    0.21108E+01    0.47534E+01
    0.21535E+01    0.45269E+01
    0.21970E+01    0.43110E+01
    0.22413E+01    0.41051E+01
    0.22866E+01    0.39088E+01
    0.23328E+01    0.37217E+01
    0.23799E+01    0.35433E+01
    0.24280E+01    0.33733E+01
    0.24771E+01    0.32113E+01
    0.25271E+01    0.30568E+01
    0.25782E+01    0.29096E+01
    0.26302E+01    0.27694E+01
    0.26834E+01    0.26358E+01
    0.27376E+01    0.25084E+01
    0.27929E+01    0.23871E+01
    0.28493E+01    0.22715E+01
    0.29069E+01    0.21614E+01
    0.29656E+01    0.20566E+01
    0.30255E+01    0.19567E+01
    0.30866E+01    0.18616E+01
    0.31490E+01    0.17710E+01
    0.32126E+01    0.16847E+01
    0.32775E+01    0.16025E+01
    0.33437E+01    0.15243E+01
    0.34112E+01    0.14498E+01
    0.34801E+01    0.13789E+01
    0.35504E+01    0.13114E+01
    0.36222E+01    0.12471E+01
    0.36953E+01    0.11859E+01
    0.37700E+01    0.11277E+01
    0.38462E+01    0.10723E+01
    0.39239E+01    0.10195E+01
    0.40031E+01    0.96931E+00
    0.40840E+01    0.92154E+00
    0.41665E+01    0.87608E+00
    0.42507E+01    0.83282E+00
    0.43365E+01    0.79167E+00
    0.44241E+01    0.75251E+00
    0.45135E+01    0.71526E+00
    0.46047E+01    0.67982E+00
    0.46977E+01    0.64610E+00
    0.47926E+01    0.61403E+00
    0.48894E+01    0.58353E+00
    0.49882E+01    0.55452E+00
    0.50890E+01    0.52693E+00
    0.51918E+01    0.50069E+00
    0.52966E+01    0.47573E+00
    0.54036E+01    0.45200E+00
    0.55128E+01    0.42944E+00
    0.56242E+01    0.40799E+00
    0.57378E+01    0.38759E+00
    0.58537E+01    0.36819E+00
    0.59720E+01    0.34975E+00
    0.60926E+01    0.33222E+00
    0.62157E+01    0.31556E+00
    0.63412E+01    0.29972E+00
    0.64693E+01    0.28467E+00
    0.66000E+01    0.27036E+00
    0.67334E+01    0.25676E+00
    0.68694E+01    0.24383E+00
    0.70082E+01    0.23155E+00
    0.71497E+01    0.21988E+00
    0.72942E+01    0.20878E+00
    0.74415E+01    0.19824E+00
    0.75918E+01    0.18823E+00
    0.77452E+01    0.17871E+00
    0.79017E+01    0.16967E+00
    0.80613E+01    0.16108E+00
    0.82241E+01    0.15292E+00
    0.83903E+01    0.14517E+00
    0.85598E+01    0.13780E+00
    0.87327E+01    0.13081E+00
    0.89091E+01    0.12416E+00
    0.90891E+01    0.11785E+00
    0.92727E+01    0.11186E+00
    0.94600E+01    0.10616E+00
    0.96511E+01    0.10076E+00
    0.98461E+01    0.95622E-01
    0.10045E+02    0.90746E-01
    0.10248E+02    0.86115E-01
    0.10455E+02    0.81718E-01
    0.10666E+02    0.77543E-01
    0.10882E+02    0.73579E-01
    0.11101E+02    0.69815E-01
    0.11326E+02    0.66242E-01
    0.11554E+02    0.62850E-01
    0.11788E+02    0.59629E-01
    0.12026E+02    0.56571E-01
    0.12269E+02    0.53669E-01
    0.12517E+02    0.50914E-01
    0.12770E+02    0.48298E-01
    0.13028E+02    0.45816E-01
    0.13291E+02    0.43459E-01
    0.13559E+02    0.41222E-01
    0.13833E+02    0.39100E-01
    0.14113E+02    0.37085E-01
    0.14398E+02    0.35174E-01
    0.14689E+02    0.33362E-01
