    0.10000E-04    0.51568E+02
    0.10202E-04    0.52570E+02
    0.10408E-04    0.53592E+02
    0.10618E-04    0.54634E+02
    0.10833E-04    0.55695E+02
    0.11052E-04    0.56778E+02
    0.11275E-04    0.57881E+02
    0.11503E-04    0.59006E+02
    0.11735E-04    0.60153E+02
    0.11972E-04    0.61322E+02
    0.12214E-04    0.62514E+02
    0.12461E-04    0.63729E+02
    0.12712E-04    0.64967E+02
    0.12969E-04    0.66230E+02
    0.13231E-04    0.67517E+02
    0.13499E-04    0.68829E+02
    0.13771E-04    0.70166E+02
    0.14049E-04    0.71530E+02
    0.14333E-04    0.72920E+02
    0.14623E-04    0.74337E+02
    0.14918E-04    0.75782E+02
    0.15220E-04    0.77255E+02
    0.15527E-04    0.78756E+02
    0.15841E-04    0.80287E+02
    0.16161E-04    0.81847E+02
    0.16487E-04    0.83438E+02
    0.16820E-04    0.85059E+02
    0.17160E-04    0.86712E+02
    0.17507E-04    0.88397E+02
    0.17860E-04    0.90115E+02
    0.18221E-04    0.91867E+02
    0.18589E-04    0.93652E+02
    0.18965E-04    0.95472E+02
    0.19348E-04    0.97327E+02
    0.19739E-04    0.99219E+02
    0.20138E-04    0.10115E+03
    0.20544E-04    0.10311E+03
    0.20959E-04    0.10512E+03
    0.21383E-04    0.10716E+03
    0.21815E-04    0.10924E+03
    0.22255E-04    0.11136E+03
    0.22705E-04    0.11353E+03
    0.23164E-04    0.11574E+03
    0.23632E-04    0.11798E+03
    0.24109E-04    0.12028E+03
    0.24596E-04    0.12261E+03
    0.25093E-04    0.12500E+03
    0.25600E-04    0.12743E+03
    0.26117E-04    0.12990E+03
    0.26645E-04    0.13243E+03
    0.27183E-04    0.13500E+03
    0.27732E-04    0.13762E+03
    0.28292E-04    0.14030E+03
    0.28864E-04    0.14303E+03
    0.29447E-04    0.14581E+03
    0.30042E-04    0.14864E+03
    0.30649E-04    0.15153E+03
    0.31268E-04    0.15447E+03
    0.31899E-04    0.15747E+03
    0.32544E-04    0.16053E+03
    0.33201E-04    0.16365E+03
    0.33872E-04    0.16683E+03
    0.34556E-04    0.17008E+03
    0.35254E-04    0.17338E+03
    0.35966E-04    0.17675E+03
    0.36693E-04    0.18019E+03
    0.37434E-04    0.18369E+03
    0.38190E-04    0.18726E+03
    0.38962E-04    0.19089E+03
    0.39749E-04    0.19460E+03
    0.40552E-04    0.19839E+03
    0.41371E-04    0.20224E+03
    0.42207E-04    0.20617E+03
    0.43060E-04    0.21018E+03
    0.43929E-04    0.21426E+03
    0.44817E-04    0.21842E+03
    0.45722E-04    0.22267E+03
    0.46646E-04    0.22700E+03
    0.47588E-04    0.23141E+03
    0.48550E-04    0.23590E+03
    0.49530E-04    0.24049E+03
    0.50531E-04    0.24516E+03
    0.51552E-04    0.24992E+03
    0.52593E-04    0.25478E+03
    0.53656E-04    0.25973E+03
    0.54739E-04    0.26478E+03
    0.55845E-04    0.26992E+03
    0.56973E-04    0.27517E+03
    0.58124E-04    0.28051E+03
    0.59299E-04    0.28596E+03
    0.60496E-04    0.29152E+03
    0.61719E-04    0.29718E+03
    0.62965E-04    0.30296E+03
    0.64237E-04    0.30884E+03
    0.65535E-04    0.31484E+03
    0.66859E-04    0.32096E+03
    0.68210E-04    0.32720E+03
    0.69588E-04    0.33355E+03
    0.70993E-04    0.34003E+03
    0.72427E-04    0.34664E+03
    0.73891E-04    0.35337E+03
    0.75383E-04    0.36024E+03
    0.76906E-04    0.36724E+03
    0.78460E-04    0.37437E+03
    0.80045E-04    0.38164E+03
    0.81662E-04    0.38906E+03
    0.83311E-04    0.39662E+03
    0.84994E-04    0.40432E+03
    0.86711E-04    0.41217E+03
    0.88463E-04    0.42018E+03
    0.90250E-04    0.42834E+03
    0.92073E-04    0.43666E+03
    0.93933E-04    0.44514E+03
    0.95831E-04    0.45379E+03
    0.97767E-04    0.46260E+03
    0.99742E-04    0.47159E+03
    0.10176E-03    0.48074E+03
    0.10381E-03    0.49008E+03
    0.10591E-03    0.49960E+03
    0.10805E-03    0.50930E+03
    0.11023E-03    0.51919E+03
    0.11246E-03    0.52927E+03
    0.11473E-03    0.53955E+03
    0.11705E-03    0.55002E+03
    0.11941E-03    0.56070E+03
    0.12182E-03    0.57159E+03
    0.12429E-03    0.58269E+03
    0.12680E-03    0.59400E+03
    0.12936E-03    0.60553E+03
    0.13197E-03    0.61728E+03
    0.13464E-03    0.62927E+03
    0.13736E-03    0.64148E+03
    0.14013E-03    0.65393E+03
    0.14296E-03    0.66662E+03
    0.14585E-03    0.67956E+03
    0.14880E-03    0.69275E+03
    0.15180E-03    0.70619E+03
    0.15487E-03    0.71989E+03
    0.15800E-03    0.73386E+03
    0.16119E-03    0.74810E+03
    0.16445E-03    0.76261E+03
    0.16777E-03    0.77740E+03
    0.17116E-03    0.79248E+03
    0.17462E-03    0.80785E+03
    0.17814E-03    0.82352E+03
    0.18174E-03    0.83949E+03
    0.18541E-03    0.85577E+03
    0.18916E-03    0.87236E+03
    0.19298E-03    0.88928E+03
    0.19688E-03    0.90651E+03
    0.20086E-03    0.92409E+03
    0.20491E-03    0.94200E+03
    0.20905E-03    0.96025E+03
    0.21328E-03    0.97886E+03
    0.21758E-03    0.99782E+03
    0.22198E-03    0.10172E+04
    0.22646E-03    0.10369E+04
    0.23104E-03    0.10569E+04
    0.23571E-03    0.10774E+04
    0.24047E-03    0.10983E+04
    0.24533E-03    0.11195E+04
    0.25028E-03    0.11412E+04
    0.25534E-03    0.11633E+04
    0.26050E-03    0.11858E+04
    0.26576E-03    0.12087E+04
    0.27113E-03    0.12321E+04
    0.27660E-03    0.12560E+04
    0.28219E-03    0.12802E+04
    0.28789E-03    0.13050E+04
    0.29371E-03    0.13302E+04
    0.29964E-03    0.13559E+04
    0.30569E-03    0.13821E+04
    0.31187E-03    0.14088E+04
    0.31817E-03    0.14361E+04
    0.32460E-03    0.14638E+04
    0.33115E-03    0.14920E+04
    0.33784E-03    0.15208E+04
    0.34467E-03    0.15502E+04
    0.35163E-03    0.15801E+04
    0.35874E-03    0.16106E+04
    0.36598E-03    0.16416E+04
    0.37338E-03    0.16733E+04
    0.38092E-03    0.17055E+04
    0.38861E-03    0.17384E+04
    0.39646E-03    0.17719E+04
    0.40447E-03    0.18060E+04
    0.41264E-03    0.18407E+04
    0.42098E-03    0.18762E+04
    0.42948E-03    0.19122E+04
    0.43816E-03    0.19490E+04
    0.44701E-03    0.19865E+04
    0.45604E-03    0.20246E+04
    0.46525E-03    0.20635E+04
    0.47465E-03    0.21031E+04
    0.48424E-03    0.21435E+04
    0.49402E-03    0.21846E+04
    0.50400E-03    0.22265E+04
    0.51419E-03    0.22692E+04
    0.52457E-03    0.23127E+04
    0.53517E-03    0.23570E+04
    0.54598E-03    0.24021E+04
    0.55701E-03    0.24481E+04
    0.56826E-03    0.24949E+04
    0.57974E-03    0.25426E+04
    0.59145E-03    0.25911E+04
    0.60340E-03    0.26406E+04
    0.61559E-03    0.26910E+04
    0.62803E-03    0.27423E+04
    0.64072E-03    0.27946E+04
    0.65366E-03    0.28479E+04
    0.66686E-03    0.29021E+04
    0.68033E-03    0.29573E+04
    0.69408E-03    0.30136E+04
    0.70810E-03    0.30709E+04
    0.72240E-03    0.31292E+04
    0.73700E-03    0.31886E+04
    0.75189E-03    0.32491E+04
    0.76708E-03    0.33107E+04
    0.78257E-03    0.33734E+04
    0.79838E-03    0.34373E+04
    0.81451E-03    0.35023E+04
    0.83096E-03    0.35685E+04
    0.84775E-03    0.36359E+04
    0.86488E-03    0.37045E+04
    0.88235E-03    0.37744E+04
    0.90017E-03    0.38455E+04
    0.91836E-03    0.39179E+04
    0.93691E-03    0.39915E+04
    0.95583E-03    0.40665E+04
    0.97514E-03    0.41428E+04
    0.99484E-03    0.42205E+04
    0.10149E-02    0.42996E+04
    0.10354E-02    0.43800E+04
    0.10564E-02    0.44619E+04
    0.10777E-02    0.45452E+04
    0.10995E-02    0.46299E+04
    0.11217E-02    0.47161E+04
    0.11443E-02    0.48039E+04
    0.11675E-02    0.48931E+04
    0.11910E-02    0.49839E+04
    0.12151E-02    0.50762E+04
    0.12397E-02    0.51701E+04
    0.12647E-02    0.52656E+04
    0.12902E-02    0.53628E+04
    0.13163E-02    0.54615E+04
    0.13429E-02    0.55620E+04
    0.13700E-02    0.56641E+04
    0.13977E-02    0.57679E+04
    0.14259E-02    0.58735E+04
    0.14547E-02    0.59808E+04
    0.14841E-02    0.60898E+04
    0.15141E-02    0.62007E+04
    0.15447E-02    0.63133E+04
    0.15759E-02    0.64278E+04
    0.16077E-02    0.65441E+04
    0.16402E-02    0.66623E+04
    0.16734E-02    0.67824E+04
    0.17072E-02    0.69044E+04
    0.17416E-02    0.70283E+04
    0.17768E-02    0.71541E+04
    0.18127E-02    0.72819E+04
    0.18493E-02    0.74117E+04
    0.18867E-02    0.75435E+04
    0.19248E-02    0.76773E+04
    0.19637E-02    0.78131E+04
    0.20034E-02    0.79509E+04
    0.20438E-02    0.80908E+04
    0.20851E-02    0.82328E+04
    0.21272E-02    0.83769E+04
    0.21702E-02    0.85230E+04
    0.22141E-02    0.86713E+04
    0.22588E-02    0.88216E+04
    0.23044E-02    0.89741E+04
    0.23510E-02    0.91288E+04
    0.23985E-02    0.92856E+04
    0.24469E-02    0.94445E+04
    0.24964E-02    0.96056E+04
    0.25468E-02    0.97689E+04
    0.25982E-02    0.99343E+04
    0.26507E-02    0.10102E+05
    0.27043E-02    0.10272E+05
    0.27589E-02    0.10444E+05
    0.28146E-02    0.10618E+05
    0.28715E-02    0.10794E+05
    0.29295E-02    0.10973E+05
    0.29887E-02    0.11153E+05
    0.30490E-02    0.11336E+05
    0.31106E-02    0.11521E+05
    0.31735E-02    0.11708E+05
    0.32376E-02    0.11897E+05
    0.33030E-02    0.12089E+05
    0.33697E-02    0.12282E+05
    0.34378E-02    0.12478E+05
    0.35072E-02    0.12675E+05
    0.35781E-02    0.12875E+05
    0.36504E-02    0.13077E+05
    0.37241E-02    0.13280E+05
    0.37993E-02    0.13486E+05
    0.38761E-02    0.13693E+05
    0.39544E-02    0.13903E+05
    0.40343E-02    0.14114E+05
    0.41158E-02    0.14327E+05
    0.41989E-02    0.14542E+05
    0.42838E-02    0.14759E+05
    0.43703E-02    0.14977E+05
    0.44586E-02    0.15197E+05
    0.45486E-02    0.15418E+05
    0.46405E-02    0.15641E+05
    0.47343E-02    0.15866E+05
    0.48299E-02    0.16092E+05
    0.49275E-02    0.16319E+05
    0.50270E-02    0.16548E+05
    0.51286E-02    0.16777E+05
    0.52322E-02    0.17008E+05
    0.53379E-02    0.17240E+05
    0.54457E-02    0.17473E+05
    0.55557E-02    0.17707E+05
    0.56680E-02    0.17941E+05
    0.57825E-02    0.18176E+05
    0.58993E-02    0.18412E+05
    0.60184E-02    0.18648E+05
    0.61400E-02    0.18884E+05
    0.62641E-02    0.19121E+05
    0.63906E-02    0.19358E+05
    0.65197E-02    0.19595E+05
    0.66514E-02    0.19831E+05
    0.67858E-02    0.20068E+05
    0.69229E-02    0.20304E+05
    0.70627E-02    0.20539E+05
    0.72054E-02    0.20774E+05
    0.73510E-02    0.21012E+05
    0.74994E-02    0.21249E+05
    0.76509E-02    0.21482E+05
    0.78055E-02    0.21712E+05
    0.79632E-02    0.21941E+05
    0.81241E-02    0.22169E+05
    0.82882E-02    0.22395E+05
    0.84556E-02    0.22619E+05
    0.86264E-02    0.22840E+05
    0.88007E-02    0.23059E+05
    0.89785E-02    0.23275E+05
    0.91598E-02    0.23489E+05
    0.93449E-02    0.23699E+05
    0.95337E-02    0.23906E+05
    0.97263E-02    0.24109E+05
    0.99227E-02    0.24309E+05
    0.10123E-01    0.24505E+05
    0.10328E-01    0.24696E+05
    0.10536E-01    0.24883E+05
    0.10749E-01    0.25065E+05
    0.10966E-01    0.25242E+05
    0.11188E-01    0.25413E+05
    0.11414E-01    0.25580E+05
    0.11644E-01    0.25740E+05
    0.11880E-01    0.25894E+05
    0.12120E-01    0.26042E+05
    0.12365E-01    0.26182E+05
    0.12614E-01    0.26315E+05
    0.12869E-01    0.26440E+05
    0.13129E-01    0.26559E+05
    0.13394E-01    0.26670E+05
    0.13665E-01    0.26773E+05
    0.13941E-01    0.26867E+05
    0.14223E-01    0.26952E+05
    0.14510E-01    0.27029E+05
    0.14803E-01    0.27096E+05
    0.15102E-01    0.27153E+05
    0.15407E-01    0.27200E+05
    0.15718E-01    0.27237E+05
    0.16036E-01    0.27263E+05
    0.16360E-01    0.27279E+05
    0.16690E-01    0.27284E+05
    0.17028E-01    0.27277E+05
    0.17371E-01    0.27258E+05
    0.17722E-01    0.27229E+05
    0.18080E-01    0.27187E+05
    0.18446E-01    0.27132E+05
    0.18818E-01    0.27065E+05
    0.19198E-01    0.26986E+05
    0.19586E-01    0.26894E+05
    0.19982E-01    0.26789E+05
    0.20386E-01    0.26671E+05
    0.20797E-01    0.26540E+05
    0.21218E-01    0.26396E+05
    0.21646E-01    0.26239E+05
    0.22083E-01    0.26069E+05
    0.22530E-01    0.25886E+05
    0.22985E-01    0.25691E+05
    0.23449E-01    0.25483E+05
    0.23923E-01    0.25262E+05
    0.24406E-01    0.25029E+05
    0.24899E-01    0.24784E+05
    0.25402E-01    0.24527E+05
    0.25915E-01    0.24259E+05
    0.26439E-01    0.23980E+05
    0.26973E-01    0.23691E+05
    0.27518E-01    0.23392E+05
    0.28074E-01    0.23084E+05
    0.28641E-01    0.22767E+05
    0.29219E-01    0.22442E+05
    0.29810E-01    0.22109E+05
    0.30412E-01    0.21770E+05
    0.31026E-01    0.21426E+05
    0.31653E-01    0.21076E+05
    0.32292E-01    0.20722E+05
    0.32945E-01    0.20365E+05
    0.33610E-01    0.20006E+05
    0.34289E-01    0.19646E+05
    0.34982E-01    0.19285E+05
    0.35689E-01    0.18925E+05
    0.36409E-01    0.18567E+05
    0.37145E-01    0.18211E+05
    0.37895E-01    0.17859E+05
    0.38661E-01    0.17511E+05
    0.39442E-01    0.17169E+05
    0.40239E-01    0.16833E+05
    0.41052E-01    0.16505E+05
    0.41881E-01    0.16184E+05
    0.42727E-01    0.15872E+05
    0.43590E-01    0.15570E+05
    0.44471E-01    0.15277E+05
    0.45369E-01    0.14994E+05
    0.46286E-01    0.14723E+05
    0.47221E-01    0.14462E+05
    0.48174E-01    0.14212E+05
    0.49148E-01    0.13973E+05
    0.50141E-01    0.13745E+05
    0.51153E-01    0.13528E+05
    0.52187E-01    0.13320E+05
    0.53241E-01    0.13123E+05
    0.54317E-01    0.12934E+05
    0.55414E-01    0.12752E+05
    0.56533E-01    0.12578E+05
    0.57675E-01    0.12409E+05
    0.58840E-01    0.12245E+05
    0.60029E-01    0.12083E+05
    0.61242E-01    0.11922E+05
    0.62479E-01    0.11761E+05
    0.63741E-01    0.11598E+05
    0.65029E-01    0.11431E+05
    0.66342E-01    0.11259E+05
    0.67683E-01    0.11079E+05
    0.69050E-01    0.10891E+05
    0.70445E-01    0.10693E+05
    0.71868E-01    0.10485E+05
    0.73320E-01    0.10265E+05
    0.74801E-01    0.10033E+05
    0.76312E-01    0.97896E+04
    0.77854E-01    0.95347E+04
    0.79426E-01    0.92694E+04
    0.81031E-01    0.89949E+04
    0.82668E-01    0.87132E+04
    0.84338E-01    0.84262E+04
    0.86041E-01    0.81365E+04
    0.87780E-01    0.78467E+04
    0.89553E-01    0.75598E+04
    0.91362E-01    0.72786E+04
    0.93208E-01    0.70061E+04
    0.95091E-01    0.67449E+04
    0.97011E-01    0.64974E+04
    0.98971E-01    0.62658E+04
    0.10097E+00    0.60516E+04
    0.10301E+00    0.58558E+04
    0.10509E+00    0.56789E+04
    0.10721E+00    0.55207E+04
    0.10938E+00    0.53803E+04
    0.11159E+00    0.52562E+04
    0.11384E+00    0.51463E+04
    0.11614E+00    0.50479E+04
    0.11849E+00    0.49577E+04
    0.12088E+00    0.48722E+04
    0.12333E+00    0.47873E+04
    0.12582E+00    0.46996E+04
    0.12836E+00    0.46056E+04
    0.13095E+00    0.45027E+04
    0.13360E+00    0.43888E+04
    0.13630E+00    0.42629E+04
    0.13905E+00    0.41250E+04
    0.14186E+00    0.39765E+04
    0.14472E+00    0.38200E+04
    0.14765E+00    0.36591E+04
    0.15063E+00    0.34976E+04
    0.15367E+00    0.33397E+04
    0.15678E+00    0.31893E+04
    0.15994E+00    0.30501E+04
    0.16318E+00    0.29247E+04
    0.16647E+00    0.28145E+04
    0.16984E+00    0.27197E+04
    0.17327E+00    0.26393E+04
    0.17677E+00    0.25709E+04
    0.18034E+00    0.25116E+04
    0.18398E+00    0.24572E+04
    0.18770E+00    0.24035E+04
    0.19149E+00    0.23467E+04
    0.19536E+00    0.22839E+04
    0.19930E+00    0.22132E+04
    0.20333E+00    0.21342E+04
    0.20744E+00    0.20485E+04
    0.21163E+00    0.19588E+04
    0.21590E+00    0.18687E+04
    0.22026E+00    0.17819E+04
    0.22471E+00    0.17016E+04
    0.22925E+00    0.16304E+04
    0.23388E+00    0.15689E+04
    0.23861E+00    0.15165E+04
    0.24343E+00    0.14715E+04
    0.24835E+00    0.14307E+04
    0.25336E+00    0.13911E+04
    0.25848E+00    0.13498E+04
    0.26370E+00    0.13048E+04
    0.26903E+00    0.12557E+04
    0.27447E+00    0.12034E+04
    0.28001E+00    0.11501E+04
    0.28567E+00    0.10983E+04
    0.29144E+00    0.10503E+04
    0.29733E+00    0.10074E+04
    0.30333E+00    0.96979E+03
    0.30946E+00    0.93653E+03
    0.31571E+00    0.90574E+03
    0.32209E+00    0.87546E+03
    0.32860E+00    0.84418E+03
    0.33523E+00    0.81134E+03
    0.34201E+00    0.77745E+03
    0.34892E+00    0.74373E+03
    0.35596E+00    0.71164E+03
    0.36316E+00    0.68215E+03
    0.37049E+00    0.65548E+03
    0.37798E+00    0.63104E+03
    0.38561E+00    0.60781E+03
    0.39340E+00    0.58478E+03
    0.40135E+00    0.56148E+03
    0.40946E+00    0.53806E+03
    0.41773E+00    0.51515E+03
    0.42617E+00    0.49342E+03
    0.43478E+00    0.47321E+03
    0.44356E+00    0.45438E+03
    0.45252E+00    0.43647E+03
    0.46166E+00    0.41899E+03
    0.47099E+00    0.40172E+03
    0.48050E+00    0.38480E+03
    0.49021E+00    0.36851E+03
    0.50011E+00    0.35308E+03
    0.51021E+00    0.33852E+03
    0.52052E+00    0.32461E+03
    0.53104E+00    0.31115E+03
    0.54176E+00    0.29805E+03
    0.55271E+00    0.28538E+03
    0.56387E+00    0.27326E+03
    0.57526E+00    0.26172E+03
    0.58689E+00    0.25069E+03
    0.59874E+00    0.24008E+03
    0.61084E+00    0.22983E+03
    0.62318E+00    0.21997E+03
    0.63577E+00    0.21053E+03
    0.64861E+00    0.20150E+03
    0.66171E+00    0.19285E+03
    0.67508E+00    0.18453E+03
    0.68872E+00    0.17654E+03
    0.70263E+00    0.16888E+03
    0.71682E+00    0.16155E+03
    0.73130E+00    0.15452E+03
    0.74608E+00    0.14778E+03
    0.76115E+00    0.14131E+03
    0.77653E+00    0.13512E+03
    0.79221E+00    0.12919E+03
    0.80822E+00    0.12350E+03
    0.82454E+00    0.11806E+03
    0.84120E+00    0.11284E+03
    0.85819E+00    0.10784E+03
    0.87553E+00    0.10306E+03
    0.89322E+00    0.98472E+02
    0.91126E+00    0.94085E+02
    0.92967E+00    0.89885E+02
    0.94845E+00    0.85866E+02
    0.96761E+00    0.82019E+02
    0.98716E+00    0.78337E+02
    0.10071E+01    0.74814E+02
    0.10274E+01    0.71443E+02
    0.10482E+01    0.68218E+02
    0.10694E+01    0.65133E+02
    0.10910E+01    0.62182E+02
    0.11130E+01    0.59360E+02
    0.11355E+01    0.56661E+02
    0.11584E+01    0.54081E+02
    0.11818E+01    0.51614E+02
    0.12057E+01    0.49256E+02
    0.12301E+01    0.47002E+02
    0.12549E+01    0.44847E+02
    0.12803E+01    0.42788E+02
    0.13061E+01    0.40820E+02
    0.13325E+01    0.38939E+02
    0.13594E+01    0.37142E+02
    0.13869E+01    0.35426E+02
    0.14149E+01    0.33786E+02
    0.14435E+01    0.32220E+02
    0.14727E+01    0.30724E+02
    0.15024E+01    0.29296E+02
    0.15328E+01    0.27932E+02
    0.15637E+01    0.26629E+02
    0.15953E+01    0.25386E+02
    0.16275E+01    0.24199E+02
    0.16604E+01    0.23066E+02
    0.16940E+01    0.21984E+02
    0.17282E+01    0.20951E+02
    0.17631E+01    0.19966E+02
    0.17987E+01    0.19026E+02
    0.18351E+01    0.18129E+02
    0.18721E+01    0.17273E+02
    0.19099E+01    0.16456E+02
    0.19485E+01    0.15677E+02
    0.19879E+01    0.14934E+02
    0.20280E+01    0.14225E+02
    0.20690E+01    0.13549E+02
    0.21108E+01    0.12905E+02
    0.21535E+01    0.12290E+02
    0.21970E+01    0.11704E+02
    0.22413E+01    0.11145E+02
    0.22866E+01    0.10612E+02
    0.23328E+01    0.10104E+02
    0.23799E+01    0.96196E+01
    0.24280E+01    0.91580E+01
    0.24771E+01    0.87181E+01
    0.25271E+01    0.82988E+01
    0.25782E+01    0.78992E+01
    0.26302E+01    0.75184E+01
    0.26834E+01    0.71556E+01
    0.27376E+01    0.68099E+01
    0.27929E+01    0.64806E+01
    0.28493E+01    0.61668E+01
    0.29069E+01    0.58679E+01
    0.29656E+01    0.55832E+01
    0.30255E+01    0.53121E+01
    0.30866E+01    0.50538E+01
    0.31490E+01    0.48078E+01
    0.32126E+01    0.45736E+01
    0.32775E+01    0.43505E+01
    0.33437E+01    0.41382E+01
    0.34112E+01    0.39359E+01
    0.34801E+01    0.37434E+01
    0.35504E+01    0.35601E+01
    0.36222E+01    0.33857E+01
    0.36953E+01    0.32196E+01
    0.37700E+01    0.30615E+01
    0.38462E+01    0.29110E+01
    0.39239E+01    0.27678E+01
    0.40031E+01    0.26315E+01
    0.40840E+01    0.25018E+01
    0.41665E+01    0.23784E+01
    0.42507E+01    0.22610E+01
    0.43365E+01    0.21492E+01
    0.44241E+01    0.20429E+01
    0.45135E+01    0.19418E+01
    0.46047E+01    0.18456E+01
    0.46977E+01    0.17540E+01
    0.47926E+01    0.16670E+01
    0.48894E+01    0.15842E+01
    0.49882E+01    0.15054E+01
    0.50890E+01    0.14305E+01
    0.51918E+01    0.13593E+01
    0.52966E+01    0.12915E+01
    0.54036E+01    0.12271E+01
    0.55128E+01    0.11658E+01
    0.56242E+01    0.11076E+01
    0.57378E+01    0.10522E+01
    0.58537E+01    0.99957E+00
    0.59720E+01    0.94951E+00
    0.60926E+01    0.90192E+00
    0.62157E+01    0.85669E+00
    0.63412E+01    0.81369E+00
    0.64693E+01    0.77282E+00
    0.66000E+01    0.73397E+00
    0.67334E+01    0.69705E+00
    0.68694E+01    0.66195E+00
    0.70082E+01    0.62861E+00
    0.71497E+01    0.59691E+00
    0.72942E+01    0.56680E+00
    0.74415E+01    0.53818E+00
    0.75918E+01    0.51099E+00
    0.77452E+01    0.48516E+00
    0.79017E+01    0.46061E+00
    0.80613E+01    0.43729E+00
    0.82241E+01    0.41514E+00
    0.83903E+01    0.39409E+00
    0.85598E+01    0.37410E+00
    0.87327E+01    0.35511E+00
    0.89091E+01    0.33707E+00
    0.90891E+01    0.31994E+00
    0.92727E+01    0.30366E+00
    0.94600E+01    0.28821E+00
    0.96511E+01    0.27353E+00
    0.98461E+01    0.25959E+00
    0.10045E+02    0.24635E+00
    0.10248E+02    0.23378E+00
    0.10455E+02    0.22184E+00
    0.10666E+02    0.21051E+00
    0.10882E+02    0.19975E+00
    0.11101E+02    0.18953E+00
    0.11326E+02    0.17983E+00
    0.11554E+02    0.17062E+00
    0.11788E+02    0.16187E+00
    0.12026E+02    0.15357E+00
    0.12269E+02    0.14569E+00
    0.12517E+02    0.13821E+00
    0.12770E+02    0.13111E+00
    0.13028E+02    0.12437E+00
    0.13291E+02    0.11798E+00
    0.13559E+02    0.11190E+00
    0.13833E+02    0.10614E+00
    0.14113E+02    0.10067E+00
    0.14398E+02    0.95485E-01
    0.14689E+02    0.90563E-01
