  0.161889E-04  0.261920E+08  0.261920E+08  0.349061E+08  0.349056E+08  0.000000E+00  0.261920E+08  0.261920E+08  0.262023E+08 -0.619612E+00  0.213045E+08  0.213045E+08  0.553135E+01
  0.178899E-04  0.261918E+08  0.261918E+08  0.349021E+08  0.349016E+08  0.000000E+00  0.261918E+08  0.261918E+08  0.262021E+08 -0.619608E+00  0.213046E+08  0.213046E+08  0.611871E+01
  0.197697E-04  0.261916E+08  0.261916E+08  0.348974E+08  0.348968E+08  0.000000E+00  0.261916E+08  0.261916E+08  0.262019E+08 -0.619603E+00  0.213048E+08  0.213048E+08  0.676109E+01
  0.218470E-04  0.261913E+08  0.261913E+08  0.348915E+08  0.348908E+08  0.000000E+00  0.261913E+08  0.261913E+08  0.262016E+08 -0.619596E+00  0.213050E+08  0.213050E+08  0.747394E+01
  0.241426E-04  0.261910E+08  0.261910E+08  0.348844E+08  0.348835E+08  0.000000E+00  0.261910E+08  0.261910E+08  0.262013E+08 -0.619589E+00  0.213053E+08  0.213053E+08  0.825704E+01
  0.266794E-04  0.261906E+08  0.261906E+08  0.348757E+08  0.348747E+08  0.000000E+00  0.261906E+08  0.261906E+08  0.262009E+08 -0.619580E+00  0.213056E+08  0.213056E+08  0.912411E+01
  0.294827E-04  0.261902E+08  0.261902E+08  0.348651E+08  0.348638E+08  0.000000E+00  0.261902E+08  0.261902E+08  0.262005E+08 -0.619569E+00  0.213059E+08  0.213059E+08  0.100817E+02
  0.325806E-04  0.261896E+08  0.261896E+08  0.348522E+08  0.348506E+08  0.000000E+00  0.261896E+08  0.261896E+08  0.261999E+08 -0.619555E+00  0.213064E+08  0.213064E+08  0.111411E+02
  0.360040E-04  0.261889E+08  0.261889E+08  0.348364E+08  0.348345E+08  0.000000E+00  0.261889E+08  0.261889E+08  0.261992E+08 -0.619538E+00  0.213070E+08  0.213070E+08  0.123113E+02
  0.397871E-04  0.261880E+08  0.261880E+08  0.348171E+08  0.348148E+08  0.000000E+00  0.261880E+08  0.261880E+08  0.261983E+08 -0.619517E+00  0.213076E+08  0.213076E+08  0.136026E+02
  0.439678E-04  0.261870E+08  0.261870E+08  0.347935E+08  0.347907E+08  0.000000E+00  0.261870E+08  0.261870E+08  0.261973E+08 -0.619492E+00  0.213085E+08  0.213085E+08  0.150294E+02
  0.485877E-04  0.261857E+08  0.261857E+08  0.347648E+08  0.347614E+08  0.000000E+00  0.261857E+08  0.261857E+08  0.261960E+08 -0.619462E+00  0.213095E+08  0.213095E+08  0.166047E+02
  0.536931E-04  0.261841E+08  0.261841E+08  0.347297E+08  0.347256E+08  0.000000E+00  0.261841E+08  0.261841E+08  0.261944E+08 -0.619425E+00  0.213107E+08  0.213107E+08  0.183446E+02
  0.593349E-04  0.261822E+08  0.261822E+08  0.346870E+08  0.346819E+08  0.000000E+00  0.261822E+08  0.261822E+08  0.261925E+08 -0.619379E+00  0.213122E+08  0.213122E+08  0.202654E+02
  0.655695E-04  0.261799E+08  0.261799E+08  0.346348E+08  0.346286E+08  0.000000E+00  0.261799E+08  0.261799E+08  0.261901E+08 -0.619324E+00  0.213141E+08  0.213141E+08  0.223857E+02
  0.724593E-04  0.261771E+08  0.261771E+08  0.345712E+08  0.345637E+08  0.000000E+00  0.261771E+08  0.261771E+08  0.261873E+08 -0.619256E+00  0.213163E+08  0.213163E+08  0.247256E+02
  0.800729E-04  0.261736E+08  0.261736E+08  0.344937E+08  0.344845E+08  0.000000E+00  0.261736E+08  0.261736E+08  0.261838E+08 -0.619174E+00  0.213190E+08  0.213190E+08  0.273069E+02
  0.884866E-04  0.261694E+08  0.261694E+08  0.343993E+08  0.343880E+08  0.000000E+00  0.261694E+08  0.261694E+08  0.261796E+08 -0.619074E+00  0.213224E+08  0.213224E+08  0.301535E+02
  0.977844E-04  0.261643E+08  0.261643E+08  0.342843E+08  0.342706E+08  0.000000E+00  0.261643E+08  0.261643E+08  0.261744E+08 -0.618951E+00  0.213264E+08  0.213264E+08  0.332922E+02
  0.108059E-03  0.261580E+08  0.261580E+08  0.341444E+08  0.341277E+08  0.000000E+00  0.261580E+08  0.261580E+08  0.261681E+08 -0.618802E+00  0.213313E+08  0.213313E+08  0.367495E+02
  0.119413E-03  0.261504E+08  0.261504E+08  0.339742E+08  0.339539E+08  0.000000E+00  0.261504E+08  0.261504E+08  0.261605E+08 -0.618621E+00  0.213373E+08  0.213373E+08  0.405561E+02
  0.131961E-03  0.261412E+08  0.261411E+08  0.337674E+08  0.337429E+08  0.000000E+00  0.261412E+08  0.261412E+08  0.261511E+08 -0.618400E+00  0.213446E+08  0.213446E+08  0.447438E+02
  0.145827E-03  0.261299E+08  0.261299E+08  0.335166E+08  0.334867E+08  0.000000E+00  0.261299E+08  0.261299E+08  0.261398E+08 -0.618132E+00  0.213534E+08  0.213533E+08  0.493459E+02
  0.161149E-03  0.261163E+08  0.261162E+08  0.332126E+08  0.331764E+08  0.000000E+00  0.261163E+08  0.261163E+08  0.261261E+08 -0.617806E+00  0.213640E+08  0.213640E+08  0.543973E+02
  0.178082E-03  0.260997E+08  0.260997E+08  0.328449E+08  0.328011E+08  0.000000E+00  0.260997E+08  0.260997E+08  0.261094E+08 -0.617412E+00  0.213768E+08  0.213768E+08  0.599336E+02
  0.196794E-03  0.260797E+08  0.260797E+08  0.324010E+08  0.323481E+08  0.000000E+00  0.260797E+08  0.260797E+08  0.260893E+08 -0.616934E+00  0.213922E+08  0.213922E+08  0.659900E+02
  0.217472E-03  0.260556E+08  0.260555E+08  0.318665E+08  0.318029E+08  0.000000E+00  0.260555E+08  0.260555E+08  0.260649E+08 -0.616358E+00  0.214107E+08  0.214107E+08  0.726006E+02
  0.240323E-03  0.260264E+08  0.260263E+08  0.312251E+08  0.311487E+08  0.000000E+00  0.260264E+08  0.260264E+08  0.260356E+08 -0.615663E+00  0.214328E+08  0.214328E+08  0.797960E+02
  0.265576E-03  0.259915E+08  0.259913E+08  0.304582E+08  0.303670E+08  0.000000E+00  0.259914E+08  0.259914E+08  0.260004E+08 -0.614829E+00  0.214591E+08  0.214590E+08  0.876015E+02
  0.293481E-03  0.259496E+08  0.259494E+08  0.295458E+08  0.294372E+08  0.000000E+00  0.259496E+08  0.259496E+08  0.259583E+08 -0.613830E+00  0.214901E+08  0.214900E+08  0.960334E+02
  0.324319E-03  0.258997E+08  0.258995E+08  0.284665E+08  0.283380E+08  0.000000E+00  0.258997E+08  0.258997E+08  0.259081E+08 -0.612641E+00  0.215264E+08  0.215263E+08  0.105095E+03
  0.358396E-03  0.258406E+08  0.258404E+08  0.271991E+08  0.270480E+08  0.000000E+00  0.258406E+08  0.258406E+08  0.258486E+08 -0.611231E+00  0.215686E+08  0.215684E+08  0.114773E+03
  0.396055E-03  0.257711E+08  0.257708E+08  0.257238E+08  0.255479E+08  0.000000E+00  0.257710E+08  0.257710E+08  0.257786E+08 -0.609573E+00  0.216169E+08  0.216168E+08  0.125027E+03
  0.437671E-03  0.256899E+08  0.256896E+08  0.240255E+08  0.238229E+08  0.000000E+00  0.256899E+08  0.256899E+08  0.256970E+08 -0.607637E+00  0.216715E+08  0.216714E+08  0.135786E+03
  0.483659E-03  0.255962E+08  0.255957E+08  0.220969E+08  0.218666E+08  0.000000E+00  0.255961E+08  0.255961E+08  0.256026E+08 -0.605401E+00  0.217321E+08  0.217318E+08  0.146940E+03
  0.534479E-03  0.254892E+08  0.254887E+08  0.199438E+08  0.196863E+08  0.000000E+00  0.254891E+08  0.254891E+08  0.254950E+08 -0.602850E+00  0.217975E+08  0.217972E+08  0.158328E+03
  0.590640E-03  0.253690E+08  0.253684E+08  0.175904E+08  0.173085E+08  0.000000E+00  0.253689E+08  0.253689E+08  0.253741E+08 -0.599983E+00  0.218659E+08  0.218656E+08  0.169734E+03
  0.652702E-03  0.252365E+08  0.252357E+08  0.150862E+08  0.147853E+08  0.000000E+00  0.252364E+08  0.252364E+08  0.252408E+08 -0.596822E+00  0.219345E+08  0.219342E+08  0.180877E+03
  0.721284E-03  0.250937E+08  0.250928E+08  0.125100E+08  0.121993E+08  0.000000E+00  0.250936E+08  0.250936E+08  0.250972E+08 -0.593416E+00  0.219993E+08  0.219989E+08  0.191420E+03
  0.797074E-03  0.249441E+08  0.249431E+08  0.997241E+07  0.966440E+07  0.000000E+00  0.249440E+08  0.249440E+08  0.249469E+08 -0.589849E+00  0.220552E+08  0.220547E+08  0.200969E+03
  0.880826E-03  0.247928E+08  0.247915E+08  0.760948E+07  0.731973E+07  0.000000E+00  0.247926E+08  0.247926E+08  0.247948E+08 -0.586240E+00  0.220969E+08  0.220964E+08  0.209106E+03
  0.973379E-03  0.246459E+08  0.246444E+08  0.556642E+07  0.531143E+07  0.000000E+00  0.246456E+08  0.246456E+08  0.246472E+08 -0.582736E+00  0.221196E+08  0.221190E+08  0.215416E+03
  0.107566E-02  0.245100E+08  0.245083E+08  0.396749E+07  0.376127E+07  0.000000E+00  0.245098E+08  0.245098E+08  0.245109E+08 -0.579497E+00  0.221207E+08  0.221200E+08  0.219542E+03
  0.118868E-02  0.243910E+08  0.243890E+08  0.287562E+07  0.272507E+07  0.000000E+00  0.243907E+08  0.243907E+08  0.243915E+08 -0.576660E+00  0.221016E+08  0.221008E+08  0.221236E+03
  0.131358E-02  0.242919E+08  0.242896E+08  0.225443E+07  0.215509E+07  0.000000E+00  0.242915E+08  0.242915E+08  0.242922E+08 -0.574298E+00  0.220685E+08  0.220676E+08  0.220401E+03
  0.145161E-02  0.242115E+08  0.242089E+08  0.195734E+07  0.189251E+07  0.000000E+00  0.242111E+08  0.242111E+08  0.242116E+08 -0.572384E+00  0.220316E+08  0.220306E+08  0.217095E+03
  0.160414E-02  0.241441E+08  0.241412E+08  0.177165E+07  0.171792E+07  0.000000E+00  0.241436E+08  0.241436E+08  0.241442E+08 -0.570782E+00  0.220008E+08  0.219998E+08  0.211490E+03
  0.177269E-02  0.240816E+08  0.240784E+08  0.152191E+07  0.146157E+07  0.000000E+00  0.240811E+08  0.240811E+08  0.240815E+08 -0.569296E+00  0.219799E+08  0.219788E+08  0.203787E+03
  0.195896E-02  0.240171E+08  0.240137E+08  0.117876E+07  0.111261E+07  0.000000E+00  0.240165E+08  0.240165E+08  0.240169E+08 -0.567765E+00  0.219621E+08  0.219610E+08  0.194154E+03
  0.216480E-02  0.239487E+08  0.239450E+08  0.864056E+06  0.811624E+06  0.000000E+00  0.239481E+08  0.239481E+08  0.239484E+08 -0.566142E+00  0.219351E+08  0.219339E+08  0.182744E+03
  0.239226E-02  0.238786E+08  0.238747E+08  0.694235E+06  0.673942E+06  0.000000E+00  0.238780E+08  0.238780E+08  0.238782E+08 -0.564480E+00  0.218932E+08  0.218920E+08  0.169809E+03
  0.264363E-02  0.238079E+08  0.238039E+08  0.613392E+06  0.477884E+06  0.000000E+00  0.238072E+08  0.238072E+08  0.238074E+08 -0.562804E+00  0.218440E+08  0.218428E+08  0.155803E+03
  0.292141E-02  0.237332E+08  0.237291E+08  0.487586E+06  0.390386E+06  0.000000E+00  0.237325E+08  0.237325E+08  0.237327E+08 -0.561036E+00  0.217950E+08  0.217937E+08  0.141309E+03
  0.322838E-02  0.236510E+08  0.236469E+08  0.355160E+06  0.315957E+06  0.000000E+00  0.236503E+08  0.236503E+08  0.236504E+08 -0.559090E+00  0.217380E+08  0.217367E+08  0.126896E+03
  0.356760E-02  0.235616E+08  0.235576E+08  0.312084E+06  0.256358E+06  0.000000E+00  0.235609E+08  0.235609E+08  0.235610E+08 -0.556976E+00  0.216655E+08  0.216642E+08  0.113116E+03
  0.394247E-02  0.234643E+08  0.234604E+08  0.256017E+06  0.208810E+06  0.000000E+00  0.234637E+08  0.234637E+08  0.234638E+08 -0.554676E+00  0.215849E+08  0.215837E+08  0.100531E+03
  0.435672E-02  0.233564E+08  0.233525E+08  0.186983E+06  0.168995E+06  0.000000E+00  0.233558E+08  0.233558E+08  0.233558E+08 -0.552123E+00  0.214928E+08  0.214916E+08  0.895121E+02
  0.481451E-02  0.232373E+08  0.232334E+08  0.170468E+06  0.137750E+06  0.000000E+00  0.232367E+08  0.232367E+08  0.232367E+08 -0.549307E+00  0.213854E+08  0.213842E+08  0.801563E+02
  0.532039E-02  0.231051E+08  0.231011E+08  0.121282E+06  0.112188E+06  0.000000E+00  0.231044E+08  0.231044E+08  0.231045E+08 -0.546180E+00  0.212674E+08  0.212662E+08  0.723091E+02
  0.587943E-02  0.229582E+08  0.229541E+08  0.103908E+06  0.917691E+05  0.000000E+00  0.229575E+08  0.229575E+08  0.229575E+08 -0.542706E+00  0.211344E+08  0.211332E+08  0.655385E+02
  0.649722E-02  0.227947E+08  0.227904E+08  0.847356E+05  0.747287E+05  0.000000E+00  0.227940E+08  0.227940E+08  0.227940E+08 -0.538840E+00  0.209883E+08  0.209871E+08  0.593820E+02
  0.717991E-02  0.226129E+08  0.226086E+08  0.679566E+05  0.606757E+05  0.000000E+00  0.226123E+08  0.226123E+08  0.226123E+08 -0.534543E+00  0.208252E+08  0.208241E+08  0.535533E+02
  0.793435E-02  0.224113E+08  0.224068E+08  0.561673E+05  0.489611E+05  0.000000E+00  0.224106E+08  0.224106E+08  0.224106E+08 -0.529775E+00  0.206417E+08  0.206405E+08  0.480678E+02
  0.876805E-02  0.221882E+08  0.221835E+08  0.465591E+05  0.395814E+05  0.000000E+00  0.221874E+08  0.221874E+08  0.221875E+08 -0.524501E+00  0.204364E+08  0.204352E+08  0.431130E+02
  0.968935E-02  0.219420E+08  0.219371E+08  0.352235E+05  0.322248E+05  0.000000E+00  0.219412E+08  0.219412E+08  0.219412E+08 -0.518679E+00  0.202101E+08  0.202090E+08  0.387752E+02
  0.107075E-01  0.216707E+08  0.216655E+08  0.285713E+05  0.261192E+05  0.000000E+00  0.216699E+08  0.216699E+08  0.216699E+08 -0.512265E+00  0.199626E+08  0.199614E+08  0.349110E+02
  0.118326E-01  0.213724E+08  0.213670E+08  0.231184E+05  0.209479E+05  0.000000E+00  0.213716E+08  0.213716E+08  0.213716E+08 -0.505213E+00  0.196889E+08  0.196878E+08  0.313514E+02
  0.130759E-01  0.210457E+08  0.210399E+08  0.197158E+05  0.169400E+05  0.000000E+00  0.210448E+08  0.210448E+08  0.210448E+08 -0.497488E+00  0.193873E+08  0.193862E+08  0.281185E+02
  0.144498E-01  0.206885E+08  0.206822E+08  0.139298E+05  0.136836E+05  0.000000E+00  0.206875E+08  0.206875E+08  0.206875E+08 -0.489042E+00  0.190598E+08  0.190587E+08  0.252589E+02
  0.159681E-01  0.202990E+08  0.202921E+08  0.122805E+05  0.109134E+05  0.000000E+00  0.202979E+08  0.202979E+08  0.202979E+08 -0.479832E+00  0.187009E+08  0.186998E+08  0.226747E+02
  0.176460E-01  0.198754E+08  0.198679E+08  0.925690E+04  0.882004E+04  0.000000E+00  0.198743E+08  0.198743E+08  0.198743E+08 -0.469817E+00  0.183109E+08  0.183098E+08  0.203437E+02
  0.195001E-01  0.194158E+08  0.194075E+08  0.738619E+04  0.699859E+04  0.000000E+00  0.194145E+08  0.194145E+08  0.194145E+08 -0.458949E+00  0.178877E+08  0.178867E+08  0.182695E+02
  0.215491E-01  0.189184E+08  0.189092E+08  0.592680E+04  0.562731E+04  0.000000E+00  0.189170E+08  0.189170E+08  0.189170E+08 -0.447187E+00  0.174297E+08  0.174286E+08  0.164034E+02
  0.238134E-01  0.183812E+08  0.183709E+08  0.473111E+04  0.445492E+04  0.000000E+00  0.183796E+08  0.183796E+08  0.183796E+08 -0.434484E+00  0.169343E+08  0.169332E+08  0.147411E+02
  0.263156E-01  0.178025E+08  0.177909E+08  0.372688E+04  0.352662E+04  0.000000E+00  0.178007E+08  0.178007E+08  0.178007E+08 -0.420799E+00  0.164015E+08  0.164005E+08  0.132539E+02
  0.290807E-01  0.171958E+08  0.171827E+08  0.298941E+04  0.280368E+04  0.000000E+00  0.171938E+08  0.171938E+08  0.171938E+08 -0.406452E+00  0.158424E+08  0.158414E+08  0.119363E+02
  0.321364E-01  0.165320E+08  0.165171E+08  0.229661E+04  0.221137E+04  0.000000E+00  0.165296E+08  0.165296E+08  0.165296E+08 -0.390751E+00  0.152304E+08  0.152294E+08  0.107519E+02
  0.355131E-01  0.158231E+08  0.158063E+08  0.187068E+04  0.173305E+04  0.000000E+00  0.158204E+08  0.158204E+08  0.158204E+08 -0.373986E+00  0.145770E+08  0.145759E+08  0.969158E+01
  0.392447E-01  0.150585E+08  0.150397E+08  0.137658E+04  0.135059E+04  0.000000E+00  0.150556E+08  0.150556E+08  0.150556E+08 -0.355906E+00  0.138723E+08  0.138713E+08  0.873390E+01
  0.433683E-01  0.142594E+08  0.142383E+08  0.110072E+04  0.104557E+04  0.000000E+00  0.142561E+08  0.142561E+08  0.142561E+08 -0.337006E+00  0.131359E+08  0.131348E+08  0.787093E+01
  0.479253E-01  0.134266E+08  0.134032E+08  0.831970E+03  0.801414E+03  0.000000E+00  0.134229E+08  0.134229E+08  0.134229E+08 -0.317309E+00  0.123681E+08  0.123671E+08  0.708347E+01
  0.529610E-01  0.125519E+08  0.125262E+08  0.686907E+03  0.616810E+03  0.000000E+00  0.125478E+08  0.125478E+08  0.125478E+08 -0.296623E+00  0.115617E+08  0.115607E+08  0.634950E+01
  0.585259E-01  0.116556E+08  0.116279E+08  0.468057E+03  0.466676E+03  0.000000E+00  0.116513E+08  0.116513E+08  0.116513E+08 -0.275429E+00  0.107358E+08  0.107348E+08  0.565844E+01
  0.646755E-01  0.107498E+08  0.107205E+08  0.376936E+03  0.354605E+03  0.000000E+00  0.107452E+08  0.107452E+08  0.107452E+08 -0.254010E+00  0.990089E+07  0.989992E+07  0.499563E+01
  0.714713E-01  0.985313E+07  0.982292E+07  0.282181E+03  0.266359E+03  0.000000E+00  0.984839E+07  0.984839E+07  0.984839E+07 -0.232810E+00  0.907455E+07  0.907362E+07  0.435090E+01
  0.789812E-01  0.898923E+07  0.895909E+07  0.354041E+03  0.198813E+03  0.000000E+00  0.898450E+07  0.898450E+07  0.898450E+07 -0.212388E+00  0.827858E+07  0.827769E+07  0.371923E+01
  0.872802E-01  0.817638E+07  0.814750E+07  0.262705E+03  0.147090E+03  0.000000E+00  0.817185E+07  0.817185E+07  0.817185E+07 -0.193178E+00  0.752978E+07  0.752896E+07  0.310159E+01
  0.964512E-01  0.744539E+07  0.741908E+07  0.196724E+03  0.110513E+03  0.000000E+00  0.744126E+07  0.744126E+07  0.744126E+07 -0.175907E+00  0.685658E+07  0.685585E+07  0.250987E+01
  0.106096E+00  0.683462E+07  0.681185E+07  0.148796E+03  0.833894E+02  0.000000E+00  0.683105E+07  0.683105E+07  0.683105E+07 -0.161482E+00  0.629428E+07  0.629365E+07  0.198689E+01
  0.115741E+00  0.634569E+07  0.632676E+07  0.115984E+03  0.649531E+02  0.000000E+00  0.634272E+07  0.634272E+07  0.634272E+07 -0.149938E+00  0.584436E+07  0.584381E+07  0.156357E+01
  0.125387E+00  0.594561E+07  0.593028E+07  0.929375E+02  0.521944E+02  0.000000E+00  0.594320E+07  0.594320E+07  0.594320E+07 -0.140494E+00  0.547622E+07  0.547576E+07  0.123619E+01
  0.135032E+00  0.560035E+07  0.558797E+07  0.753851E+02  0.422921E+02  0.000000E+00  0.559840E+07  0.559840E+07  0.559840E+07 -0.132343E+00  0.515849E+07  0.515808E+07  0.995725E+00
  0.144677E+00  0.528340E+07  0.527309E+07  0.617827E+02  0.345855E+02  0.000000E+00  0.528178E+07  0.528178E+07  0.528178E+07 -0.124858E+00  0.486676E+07  0.486640E+07  0.829193E+00
  0.154322E+00  0.497703E+07  0.496785E+07  0.513120E+02  0.287941E+02  0.000000E+00  0.497559E+07  0.497559E+07  0.497559E+07 -0.117620E+00  0.458464E+07  0.458430E+07  0.720810E+00
  0.163967E+00  0.467436E+07  0.466547E+07  0.427236E+02  0.239899E+02  0.000000E+00  0.467296E+07  0.467296E+07  0.467296E+07 -0.110466E+00  0.430577E+07  0.430545E+07  0.653971E+00
  0.173612E+00  0.437648E+07  0.436729E+07  0.355496E+02  0.199051E+02  0.000000E+00  0.437504E+07  0.437504E+07  0.437504E+07 -0.103423E+00  0.403126E+07  0.403094E+07  0.612913E+00
  0.183257E+00  0.408805E+07  0.407825E+07  0.298452E+02  0.167303E+02  0.000000E+00  0.408651E+07  0.408651E+07  0.408651E+07 -0.966027E-01  0.376543E+07  0.376510E+07  0.584132E+00
  0.192902E+00  0.381523E+07  0.380479E+07  0.252042E+02  0.141585E+02  0.000000E+00  0.381359E+07  0.381359E+07  0.381359E+07 -0.901510E-01  0.351395E+07  0.351362E+07  0.557501E+00
  0.202547E+00  0.356539E+07  0.355451E+07  0.212957E+02  0.119334E+02  0.000000E+00  0.356368E+07  0.356368E+07  0.356368E+07 -0.842432E-01  0.328367E+07  0.328335E+07  0.526820E+00
  0.214560E+00  0.329648E+07  0.328557E+07  0.176000E+02  0.988634E+01  0.000000E+00  0.329477E+07  0.329477E+07  0.329477E+07 -0.778863E-01  0.303589E+07  0.303559E+07  0.479467E+00
  0.226572E+00  0.307891E+07  0.306860E+07  0.146823E+02  0.822152E+01  0.000000E+00  0.307729E+07  0.307729E+07  0.307729E+07 -0.727452E-01  0.283550E+07  0.283522E+07  0.423405E+00
  0.238584E+00  0.290665E+07  0.289743E+07  0.125268E+02  0.702598E+01  0.000000E+00  0.290520E+07  0.290520E+07  0.290520E+07 -0.686772E-01  0.267693E+07  0.267667E+07  0.363875E+00
  0.250596E+00  0.276724E+07  0.275936E+07  0.108249E+02  0.607772E+01  0.000000E+00  0.276601E+07  0.276601E+07  0.276601E+07 -0.653867E-01  0.254867E+07  0.254844E+07  0.307409E+00
  0.262609E+00  0.264722E+07  0.264061E+07  0.939468E+01  0.525908E+01  0.000000E+00  0.264618E+07  0.264618E+07  0.264618E+07 -0.625541E-01  0.243826E+07  0.243805E+07  0.259544E+00
  0.274621E+00  0.253456E+07  0.252894E+07  0.825506E+01  0.463409E+01  0.000000E+00  0.253368E+07  0.253368E+07  0.253368E+07 -0.598946E-01  0.233459E+07  0.233441E+07  0.223331E+00
  0.286633E+00  0.242076E+07  0.241573E+07  0.723168E+01  0.405703E+01  0.000000E+00  0.241997E+07  0.241997E+07  0.241997E+07 -0.572066E-01  0.222982E+07  0.222965E+07  0.198950E+00
  0.298645E+00  0.230221E+07  0.229736E+07  0.631939E+01  0.353820E+01  0.000000E+00  0.230145E+07  0.230145E+07  0.230145E+07 -0.544048E-01  0.212061E+07  0.212044E+07  0.184249E+00
  0.310658E+00  0.217996E+07  0.217499E+07  0.555237E+01  0.311867E+01  0.000000E+00  0.217918E+07  0.217918E+07  0.217918E+07 -0.515144E-01  0.200795E+07  0.200778E+07  0.175761E+00
  0.322670E+00  0.205859E+07  0.205337E+07  0.484672E+01  0.271654E+01  0.000000E+00  0.205777E+07  0.205777E+07  0.205777E+07 -0.486444E-01  0.189608E+07  0.189592E+07  0.169840E+00
  0.334682E+00  0.194432E+07  0.193888E+07  0.425247E+01  0.238244E+01  0.000000E+00  0.194347E+07  0.194347E+07  0.194347E+07 -0.459424E-01  0.179076E+07  0.179060E+07  0.163563E+00
  0.346694E+00  0.184227E+07  0.183675E+07  0.376768E+01  0.211652E+01  0.000000E+00  0.184140E+07  0.184140E+07  0.184140E+07 -0.435297E-01  0.169672E+07  0.169656E+07  0.155230E+00
  0.358707E+00  0.175471E+07  0.174933E+07  0.333924E+01  0.187014E+01  0.000000E+00  0.175387E+07  0.175387E+07  0.175387E+07 -0.414604E-01  0.161606E+07  0.161591E+07  0.144441E+00
  0.370719E+00  0.168136E+07  0.167629E+07  0.300037E+01  0.168242E+01  0.000000E+00  0.168056E+07  0.168056E+07  0.168056E+07 -0.397274E-01  0.154851E+07  0.154837E+07  0.131861E+00
  0.382731E+00  0.161988E+07  0.161525E+07  0.271717E+01  0.152583E+01  0.000000E+00  0.161915E+07  0.161915E+07  0.161915E+07 -0.382758E-01  0.149193E+07  0.149179E+07  0.118754E+00
  0.394743E+00  0.156627E+07  0.156212E+07  0.246011E+01  0.137719E+01  0.000000E+00  0.156562E+07  0.156562E+07  0.156562E+07 -0.370103E-01  0.144261E+07  0.144248E+07  0.106459E+00
  0.406756E+00  0.151608E+07  0.151235E+07  0.225009E+01  0.126285E+01  0.000000E+00  0.151550E+07  0.151550E+07  0.151550E+07 -0.358254E-01  0.139642E+07  0.139630E+07  0.960002E-01
  0.418768E+00  0.146605E+07  0.146262E+07  0.205233E+01  0.115164E+01  0.000000E+00  0.146551E+07  0.146551E+07  0.146551E+07 -0.346437E-01  0.135036E+07  0.135025E+07  0.878845E-01
  0.430780E+00  0.141461E+07  0.141135E+07  0.186591E+01  0.104460E+01  0.000000E+00  0.141410E+07  0.141410E+07  0.141410E+07 -0.334283E-01  0.130298E+07  0.130288E+07  0.820616E-01
  0.442792E+00  0.136153E+07  0.135832E+07  0.170667E+01  0.958486E+00  0.000000E+00  0.136103E+07  0.136103E+07  0.136103E+07 -0.321739E-01  0.125409E+07  0.125398E+07  0.780359E-01
  0.454805E+00  0.130778E+07  0.130455E+07  0.155030E+01  0.869134E+00  0.000000E+00  0.130728E+07  0.130728E+07  0.130728E+07 -0.309032E-01  0.120456E+07  0.120446E+07  0.750853E-01
  0.466817E+00  0.125527E+07  0.125198E+07  0.141084E+01  0.790256E+00  0.000000E+00  0.125475E+07  0.125475E+07  0.125475E+07 -0.296615E-01  0.115616E+07  0.115606E+07  0.724932E-01
  0.478829E+00  0.120594E+07  0.120264E+07  0.129301E+01  0.726363E+00  0.000000E+00  0.120543E+07  0.120543E+07  0.120543E+07 -0.284955E-01  0.111071E+07  0.111061E+07  0.697143E-01
  0.490841E+00  0.116110E+07  0.115782E+07  0.118038E+01  0.661190E+00  0.000000E+00  0.116058E+07  0.116058E+07  0.116058E+07 -0.274354E-01  0.106939E+07  0.106929E+07  0.664603E-01
  0.502854E+00  0.112124E+07  0.111806E+07  0.108717E+01  0.609471E+00  0.000000E+00  0.112074E+07  0.112074E+07  0.112074E+07 -0.264936E-01  0.103268E+07  0.103259E+07  0.627138E-01
  0.514866E+00  0.108617E+07  0.108314E+07  0.100697E+01  0.565550E+00  0.000000E+00  0.108569E+07  0.108569E+07  0.108569E+07 -0.256651E-01  0.100039E+07  0.100030E+07  0.586652E-01
  0.526878E+00  0.105489E+07  0.105204E+07  0.930129E+00  0.520737E+00  0.000000E+00  0.105445E+07  0.105445E+07  0.105445E+07 -0.249264E-01  0.971594E+06  0.971508E+06  0.546055E-01
  0.538890E+00  0.102596E+07  0.102328E+07  0.867247E+00  0.486631E+00  0.000000E+00  0.102554E+07  0.102554E+07  0.102554E+07 -0.242430E-01  0.944956E+06  0.944874E+06  0.508207E-01
  0.550903E+00  0.998052E+06  0.995534E+06  0.807546E+00  0.453248E+00  0.000000E+00  0.997657E+06  0.997657E+06  0.997657E+06 -0.235840E-01  0.919268E+06  0.919189E+06  0.475200E-01
  0.562915E+00  0.970380E+06  0.967979E+06  0.749519E+00  0.419586E+00  0.000000E+00  0.970003E+06  0.970003E+06  0.970003E+06 -0.229303E-01  0.893786E+06  0.893710E+06  0.447958E-01
  0.574927E+00  0.942563E+06  0.940237E+06  0.700689E+00  0.393466E+00  0.000000E+00  0.942198E+06  0.942198E+06  0.942198E+06 -0.222730E-01  0.868166E+06  0.868092E+06  0.426173E-01
  0.586939E+00  0.914573E+06  0.912287E+06  0.651178E+00  0.365157E+00  0.000000E+00  0.914214E+06  0.914214E+06  0.914214E+06 -0.216115E-01  0.842381E+06  0.842310E+06  0.408596E-01
  0.598952E+00  0.886773E+06  0.884506E+06  0.605302E+00  0.338989E+00  0.000000E+00  0.886417E+06  0.886417E+06  0.886417E+06 -0.209544E-01  0.816768E+06  0.816697E+06  0.393555E-01
  0.610964E+00  0.859808E+06  0.857555E+06  0.566243E+00  0.318085E+00  0.000000E+00  0.859455E+06  0.859455E+06  0.859455E+06 -0.203170E-01  0.791924E+06  0.791855E+06  0.379463E-01
  0.622976E+00  0.834285E+06  0.832054E+06  0.526656E+00  0.295063E+00  0.000000E+00  0.833935E+06  0.833935E+06  0.833935E+06 -0.197137E-01  0.768410E+06  0.768342E+06  0.365149E-01
  0.634988E+00  0.810535E+06  0.808343E+06  0.492716E+00  0.276149E+00  0.000000E+00  0.810191E+06  0.810191E+06  0.810191E+06 -0.191524E-01  0.746531E+06  0.746464E+06  0.350028E-01
  0.647001E+00  0.788620E+06  0.786486E+06  0.463047E+00  0.260088E+00  0.000000E+00  0.788285E+06  0.788285E+06  0.788285E+06 -0.186346E-01  0.726347E+06  0.726282E+06  0.334104E-01
  0.659013E+00  0.768411E+06  0.766349E+06  0.433121E+00  0.242506E+00  0.000000E+00  0.768087E+06  0.768087E+06  0.768087E+06 -0.181571E-01  0.707736E+06  0.707673E+06  0.317843E-01
  0.671025E+00  0.749608E+06  0.747626E+06  0.408537E+00  0.229182E+00  0.000000E+00  0.749297E+06  0.749297E+06  0.749297E+06 -0.177129E-01  0.690422E+06  0.690361E+06  0.301922E-01
  0.683037E+00  0.731779E+06  0.729875E+06  0.385261E+00  0.216276E+00  0.000000E+00  0.731481E+06  0.731481E+06  0.731481E+06 -0.172917E-01  0.674006E+06  0.673947E+06  0.286987E-01
  0.695050E+00  0.714498E+06  0.712662E+06  0.361968E+00  0.202626E+00  0.000000E+00  0.714210E+06  0.714210E+06  0.714210E+06 -0.168835E-01  0.658092E+06  0.658035E+06  0.273482E-01
  0.707062E+00  0.697499E+06  0.695721E+06  0.342744E+00  0.192433E+00  0.000000E+00  0.697220E+06  0.697220E+06  0.697220E+06 -0.164819E-01  0.642437E+06  0.642381E+06  0.261580E-01
  0.719074E+00  0.680708E+06  0.678972E+06  0.323007E+00  0.181175E+00  0.000000E+00  0.680435E+06  0.680435E+06  0.680435E+06 -0.160851E-01  0.626971E+06  0.626917E+06  0.251189E-01
  0.731086E+00  0.664152E+06  0.662449E+06  0.304225E+00  0.170352E+00  0.000000E+00  0.663885E+06  0.663885E+06  0.663885E+06 -0.156938E-01  0.611721E+06  0.611668E+06  0.242001E-01
  0.743098E+00  0.647922E+06  0.646245E+06  0.288430E+00  0.162017E+00  0.000000E+00  0.647659E+06  0.647659E+06  0.647659E+06 -0.153103E-01  0.596770E+06  0.596718E+06  0.233610E-01
  0.755111E+00  0.632170E+06  0.630517E+06  0.271705E+00  0.152260E+00  0.000000E+00  0.631910E+06  0.631910E+06  0.631910E+06 -0.149380E-01  0.582259E+06  0.582208E+06  0.225630E-01
  0.767123E+00  0.617072E+06  0.615446E+06  0.256952E+00  0.143982E+00  0.000000E+00  0.616817E+06  0.616817E+06  0.616817E+06 -0.145812E-01  0.568351E+06  0.568301E+06  0.217784E-01
  0.779135E+00  0.602741E+06  0.601146E+06  0.244075E+00  0.137106E+00  0.000000E+00  0.602491E+06  0.602491E+06  0.602491E+06 -0.142425E-01  0.555151E+06  0.555102E+06  0.209934E-01
  0.791147E+00  0.589178E+06  0.587618E+06  0.230470E+00  0.129059E+00  0.000000E+00  0.588933E+06  0.588933E+06  0.588933E+06 -0.139220E-01  0.542659E+06  0.542611E+06  0.202075E-01
  0.803160E+00  0.576314E+06  0.574794E+06  0.219181E+00  0.122928E+00  0.000000E+00  0.576075E+06  0.576075E+06  0.576075E+06 -0.136181E-01  0.530811E+06  0.530764E+06  0.194303E-01
  0.815172E+00  0.564051E+06  0.562572E+06  0.208537E+00  0.117088E+00  0.000000E+00  0.563819E+06  0.563819E+06  0.563819E+06 -0.133283E-01  0.519518E+06  0.519472E+06  0.186771E-01
  0.827184E+00  0.552272E+06  0.550833E+06  0.197538E+00  0.110581E+00  0.000000E+00  0.552046E+06  0.552046E+06  0.552046E+06 -0.130500E-01  0.508670E+06  0.508625E+06  0.179626E-01
  0.839196E+00  0.540852E+06  0.539450E+06  0.188618E+00  0.105879E+00  0.000000E+00  0.540632E+06  0.540632E+06  0.540632E+06 -0.127802E-01  0.498152E+06  0.498109E+06  0.172967E-01
  0.851209E+00  0.529697E+06  0.528328E+06  0.179421E+00  0.100660E+00  0.000000E+00  0.529482E+06  0.529482E+06  0.529482E+06 -0.125166E-01  0.487879E+06  0.487837E+06  0.166826E-01
  0.863221E+00  0.518771E+06  0.517430E+06  0.170421E+00  0.954160E-01  0.000000E+00  0.518560E+06  0.518560E+06  0.518560E+06 -0.122584E-01  0.477815E+06  0.477773E+06  0.161177E-01
  0.875233E+00  0.508081E+06  0.506765E+06  0.163020E+00  0.915624E-01  0.000000E+00  0.507874E+06  0.507874E+06  0.507874E+06 -0.120058E-01  0.467969E+06  0.467928E+06  0.155944E-01
  0.887245E+00  0.497654E+06  0.496360E+06  0.154968E+00  0.868601E-01  0.000000E+00  0.497451E+06  0.497451E+06  0.497451E+06 -0.117594E-01  0.458365E+06  0.458324E+06  0.151026E-01
  0.899258E+00  0.487520E+06  0.486249E+06  0.147692E+00  0.827411E-01  0.000000E+00  0.487321E+06  0.487321E+06  0.487321E+06 -0.115200E-01  0.449030E+06  0.448991E+06  0.146324E-01
  0.911270E+00  0.477718E+06  0.476468E+06  0.141421E+00  0.794432E-01  0.000000E+00  0.477522E+06  0.477522E+06  0.477522E+06 -0.112883E-01  0.440001E+06  0.439963E+06  0.141766E-01
  0.923282E+00  0.468280E+06  0.467053E+06  0.134525E+00  0.753422E-01  0.000000E+00  0.468088E+06  0.468088E+06  0.468088E+06 -0.110653E-01  0.431308E+06  0.431270E+06  0.137311E-01
  0.935294E+00  0.459211E+06  0.458007E+06  0.128747E+00  0.721916E-01  0.000000E+00  0.459022E+06  0.459022E+06  0.459022E+06 -0.108510E-01  0.422955E+06  0.422917E+06  0.132954E-01
  0.947307E+00  0.450482E+06  0.449303E+06  0.123351E+00  0.692690E-01  0.000000E+00  0.450297E+06  0.450297E+06  0.450297E+06 -0.106447E-01  0.414916E+06  0.414879E+06  0.128709E-01
  0.959319E+00  0.442056E+06  0.440901E+06  0.117566E+00  0.658163E-01  0.000000E+00  0.441875E+06  0.441875E+06  0.441875E+06 -0.104457E-01  0.407155E+06  0.407120E+06  0.124606E-01
  0.971331E+00  0.433901E+06  0.432770E+06  0.112924E+00  0.633770E-01  0.000000E+00  0.433724E+06  0.433724E+06  0.433724E+06 -0.102530E-01  0.399644E+06  0.399609E+06  0.120678E-01
  0.104633E+01  0.387524E+06  0.386514E+06  0.869033E-01  0.487690E-01  0.000000E+00  0.387366E+06  0.387366E+06  0.387366E+06 -0.915708E-02  0.356929E+06  0.356897E+06  0.100300E-01
  0.112713E+01  0.345759E+06  0.344859E+06  0.666236E-01  0.373023E-01  0.000000E+00  0.345618E+06  0.345618E+06  0.345618E+06 -0.817019E-02  0.318462E+06  0.318434E+06  0.832230E-02
  0.121416E+01  0.308213E+06  0.307409E+06  0.513129E-01  0.287885E-01  0.000000E+00  0.308087E+06  0.308087E+06  0.308087E+06 -0.728298E-02  0.283879E+06  0.283854E+06  0.691035E-02
  0.124634E+01  0.295964E+06  0.295193E+06  0.467679E-01  0.262409E-01  0.000000E+00  0.295843E+06  0.295843E+06  0.295843E+06 -0.699355E-02  0.272598E+06  0.272574E+06  0.646960E-02
  0.132186E+01  0.270051E+06  0.269347E+06  0.379852E-01  0.213344E-01  0.000000E+00  0.269940E+06  0.269940E+06  0.269940E+06 -0.638122E-02  0.248730E+06  0.248708E+06  0.557985E-02
  0.140194E+01  0.246273E+06  0.245631E+06  0.306904E-01  0.171910E-01  0.000000E+00  0.246172E+06  0.246172E+06  0.246172E+06 -0.581936E-02  0.226830E+06  0.226809E+06  0.481255E-02
  0.148689E+01  0.224485E+06  0.223900E+06  0.249349E-01  0.139956E-01  0.000000E+00  0.224393E+06  0.224393E+06  0.224393E+06 -0.530451E-02  0.206762E+06  0.206743E+06  0.415024E-02
  0.207512E+01  0.131699E+06  0.131355E+06  0.747576E-02  0.418078E-02  0.000000E+00  0.131645E+06  0.131645E+06  0.131645E+06 -0.311200E-02  0.121301E+06  0.121290E+06  0.179571E-02
  0.289606E+01  0.762874E+05  0.760881E+05  0.250791E-02  0.152793E-02  0.000000E+00  0.762561E+05  0.762561E+05  0.762561E+05 -0.180265E-02  0.702627E+05  0.702559E+05  0.787022E-03
