  0.108334E-04  0.205356E+08  0.205356E+08  0.273667E+08  0.273664E+08  0.000000E+00  0.205356E+08  0.205356E+08  0.205437E+08 -0.484490E+00  0.109923E+08  0.109923E+08  0.545952E+01
  0.119691E-04  0.205356E+08  0.205356E+08  0.273636E+08  0.273631E+08  0.000000E+00  0.205356E+08  0.205356E+08  0.205437E+08 -0.484489E+00  0.109923E+08  0.109923E+08  0.603166E+01
  0.132238E-04  0.205355E+08  0.205355E+08  0.273597E+08  0.273592E+08  0.000000E+00  0.205355E+08  0.205355E+08  0.205436E+08 -0.484488E+00  0.109923E+08  0.109923E+08  0.666371E+01
  0.146101E-04  0.205355E+08  0.205355E+08  0.273550E+08  0.273544E+08  0.000000E+00  0.205355E+08  0.205355E+08  0.205436E+08 -0.484487E+00  0.109924E+08  0.109924E+08  0.736192E+01
  0.161417E-04  0.205354E+08  0.205354E+08  0.273493E+08  0.273485E+08  0.000000E+00  0.205354E+08  0.205354E+08  0.205435E+08 -0.484486E+00  0.109924E+08  0.109924E+08  0.813321E+01
  0.178339E-04  0.205354E+08  0.205354E+08  0.273423E+08  0.273414E+08  0.000000E+00  0.205354E+08  0.205354E+08  0.205435E+08 -0.484484E+00  0.109924E+08  0.109924E+08  0.898518E+01
  0.197034E-04  0.205353E+08  0.205353E+08  0.273337E+08  0.273326E+08  0.000000E+00  0.205353E+08  0.205353E+08  0.205434E+08 -0.484482E+00  0.109924E+08  0.109924E+08  0.992625E+01
  0.217690E-04  0.205352E+08  0.205352E+08  0.273233E+08  0.273220E+08  0.000000E+00  0.205352E+08  0.205352E+08  0.205433E+08 -0.484479E+00  0.109924E+08  0.109924E+08  0.109657E+02
  0.240511E-04  0.205350E+08  0.205350E+08  0.273106E+08  0.273090E+08  0.000000E+00  0.205350E+08  0.205350E+08  0.205431E+08 -0.484476E+00  0.109925E+08  0.109925E+08  0.121136E+02
  0.265724E-04  0.205349E+08  0.205349E+08  0.272951E+08  0.272931E+08  0.000000E+00  0.205349E+08  0.205349E+08  0.205430E+08 -0.484472E+00  0.109925E+08  0.109925E+08  0.133814E+02
  0.293581E-04  0.205347E+08  0.205347E+08  0.272762E+08  0.272737E+08  0.000000E+00  0.205347E+08  0.205347E+08  0.205428E+08 -0.484467E+00  0.109925E+08  0.109925E+08  0.147813E+02
  0.324357E-04  0.205344E+08  0.205344E+08  0.272531E+08  0.272501E+08  0.000000E+00  0.205344E+08  0.205344E+08  0.205425E+08 -0.484461E+00  0.109926E+08  0.109926E+08  0.163270E+02
  0.358360E-04  0.205342E+08  0.205342E+08  0.272249E+08  0.272213E+08  0.000000E+00  0.205342E+08  0.205342E+08  0.205422E+08 -0.484454E+00  0.109927E+08  0.109927E+08  0.180334E+02
  0.395928E-04  0.205338E+08  0.205338E+08  0.271906E+08  0.271862E+08  0.000000E+00  0.205338E+08  0.205338E+08  0.205419E+08 -0.484445E+00  0.109927E+08  0.109927E+08  0.199168E+02
  0.437434E-04  0.205334E+08  0.205334E+08  0.271488E+08  0.271434E+08  0.000000E+00  0.205334E+08  0.205334E+08  0.205414E+08 -0.484435E+00  0.109928E+08  0.109928E+08  0.219952E+02
  0.483291E-04  0.205329E+08  0.205328E+08  0.270978E+08  0.270912E+08  0.000000E+00  0.205329E+08  0.205329E+08  0.205409E+08 -0.484422E+00  0.109929E+08  0.109929E+08  0.242882E+02
  0.533955E-04  0.205322E+08  0.205322E+08  0.270356E+08  0.270276E+08  0.000000E+00  0.205322E+08  0.205322E+08  0.205402E+08 -0.484406E+00  0.109931E+08  0.109931E+08  0.268172E+02
  0.589931E-04  0.205314E+08  0.205314E+08  0.269600E+08  0.269502E+08  0.000000E+00  0.205314E+08  0.205314E+08  0.205394E+08 -0.484387E+00  0.109933E+08  0.109933E+08  0.296052E+02
  0.651775E-04  0.205305E+08  0.205305E+08  0.268679E+08  0.268560E+08  0.000000E+00  0.205305E+08  0.205305E+08  0.205385E+08 -0.484363E+00  0.109935E+08  0.109935E+08  0.326775E+02
  0.720102E-04  0.205293E+08  0.205293E+08  0.267558E+08  0.267414E+08  0.000000E+00  0.205293E+08  0.205293E+08  0.205373E+08 -0.484335E+00  0.109937E+08  0.109937E+08  0.360610E+02
  0.795591E-04  0.205279E+08  0.205279E+08  0.266197E+08  0.266021E+08  0.000000E+00  0.205279E+08  0.205279E+08  0.205358E+08 -0.484300E+00  0.109940E+08  0.109940E+08  0.397846E+02
  0.878995E-04  0.205262E+08  0.205262E+08  0.264544E+08  0.264330E+08  0.000000E+00  0.205262E+08  0.205262E+08  0.205341E+08 -0.484258E+00  0.109944E+08  0.109944E+08  0.438790E+02
  0.971142E-04  0.205242E+08  0.205241E+08  0.262538E+08  0.262279E+08  0.000000E+00  0.205242E+08  0.205242E+08  0.205319E+08 -0.484206E+00  0.109949E+08  0.109949E+08  0.483762E+02
  0.107295E-03  0.205216E+08  0.205216E+08  0.260109E+08  0.259795E+08  0.000000E+00  0.205216E+08  0.205216E+08  0.205293E+08 -0.484144E+00  0.109954E+08  0.109954E+08  0.533096E+02
  0.118543E-03  0.205186E+08  0.205185E+08  0.257173E+08  0.256793E+08  0.000000E+00  0.205186E+08  0.205186E+08  0.205262E+08 -0.484068E+00  0.109961E+08  0.109961E+08  0.587127E+02
  0.130970E-03  0.205149E+08  0.205148E+08  0.253629E+08  0.253171E+08  0.000000E+00  0.205149E+08  0.205149E+08  0.205224E+08 -0.483976E+00  0.109969E+08  0.109969E+08  0.646189E+02
  0.144700E-03  0.205104E+08  0.205103E+08  0.249365E+08  0.248813E+08  0.000000E+00  0.205104E+08  0.205104E+08  0.205178E+08 -0.483865E+00  0.109978E+08  0.109978E+08  0.710594E+02
  0.159869E-03  0.205050E+08  0.205049E+08  0.244250E+08  0.243586E+08  0.000000E+00  0.205050E+08  0.205050E+08  0.205122E+08 -0.483731E+00  0.109989E+08  0.109989E+08  0.780622E+02
  0.176628E-03  0.204985E+08  0.204984E+08  0.238138E+08  0.237343E+08  0.000000E+00  0.204985E+08  0.204985E+08  0.205055E+08 -0.483570E+00  0.110002E+08  0.110002E+08  0.856486E+02
  0.195145E-03  0.204907E+08  0.204905E+08  0.230869E+08  0.229921E+08  0.000000E+00  0.204906E+08  0.204906E+08  0.204975E+08 -0.483376E+00  0.110018E+08  0.110017E+08  0.938309E+02
  0.215602E-03  0.204813E+08  0.204811E+08  0.222275E+08  0.221151E+08  0.000000E+00  0.204813E+08  0.204813E+08  0.204878E+08 -0.483144E+00  0.110035E+08  0.110035E+08  0.102607E+03
  0.238204E-03  0.204701E+08  0.204699E+08  0.212188E+08  0.210863E+08  0.000000E+00  0.204701E+08  0.204701E+08  0.204764E+08 -0.482868E+00  0.110055E+08  0.110054E+08  0.111957E+03
  0.263175E-03  0.204569E+08  0.204566E+08  0.200452E+08  0.198903E+08  0.000000E+00  0.204569E+08  0.204569E+08  0.204628E+08 -0.482541E+00  0.110077E+08  0.110076E+08  0.121833E+03
  0.290765E-03  0.204414E+08  0.204410E+08  0.186949E+08  0.185155E+08  0.000000E+00  0.204413E+08  0.204413E+08  0.204468E+08 -0.482156E+00  0.110101E+08  0.110100E+08  0.132155E+03
  0.321246E-03  0.204232E+08  0.204227E+08  0.171622E+08  0.169570E+08  0.000000E+00  0.204231E+08  0.204231E+08  0.204282E+08 -0.481706E+00  0.110126E+08  0.110125E+08  0.142800E+03
  0.354923E-03  0.204021E+08  0.204016E+08  0.154518E+08  0.152205E+08  0.000000E+00  0.204020E+08  0.204020E+08  0.204066E+08 -0.481185E+00  0.110151E+08  0.110150E+08  0.153591E+03
  0.392130E-03  0.203780E+08  0.203774E+08  0.135831E+08  0.133273E+08  0.000000E+00  0.203779E+08  0.203779E+08  0.203819E+08 -0.480589E+00  0.110174E+08  0.110172E+08  0.164292E+03
  0.433238E-03  0.203507E+08  0.203500E+08  0.115952E+08  0.113186E+08  0.000000E+00  0.203506E+08  0.203506E+08  0.203540E+08 -0.479917E+00  0.110191E+08  0.110189E+08  0.174600E+03
  0.478655E-03  0.203204E+08  0.203195E+08  0.955101E+07  0.926029E+07  0.000000E+00  0.203202E+08  0.203202E+08  0.203230E+08 -0.479170E+00  0.110199E+08  0.110197E+08  0.184145E+03
  0.528834E-03  0.202872E+08  0.202862E+08  0.753785E+07  0.724311E+07  0.000000E+00  0.202871E+08  0.202871E+08  0.202893E+08 -0.478355E+00  0.110194E+08  0.110191E+08  0.192498E+03
  0.584272E-03  0.202517E+08  0.202506E+08  0.566356E+07  0.537797E+07  0.000000E+00  0.202516E+08  0.202516E+08  0.202532E+08 -0.477485E+00  0.110169E+08  0.110165E+08  0.199195E+03
  0.645523E-03  0.202146E+08  0.202132E+08  0.404308E+07  0.378185E+07  0.000000E+00  0.202144E+08  0.202144E+08  0.202155E+08 -0.476577E+00  0.110120E+08  0.110116E+08  0.203771E+03
  0.713194E-03  0.201765E+08  0.201749E+08  0.277480E+07  0.255279E+07  0.000000E+00  0.201762E+08  0.201762E+08  0.201770E+08 -0.475649E+00  0.110043E+08  0.110039E+08  0.205822E+03
  0.787960E-03  0.201381E+08  0.201364E+08  0.190854E+07  0.173675E+07  0.000000E+00  0.201378E+08  0.201378E+08  0.201384E+08 -0.474720E+00  0.109937E+08  0.109932E+08  0.205062E+03
  0.870563E-03  0.200998E+08  0.200978E+08  0.141543E+07  0.129705E+07  0.000000E+00  0.200995E+08  0.200995E+08  0.200999E+08 -0.473797E+00  0.109803E+08  0.109798E+08  0.201383E+03
  0.961826E-03  0.200613E+08  0.200591E+08  0.117926E+07  0.110707E+07  0.000000E+00  0.200609E+08  0.200609E+08  0.200613E+08 -0.472873E+00  0.109647E+08  0.109641E+08  0.194890E+03
  0.106266E-02  0.200214E+08  0.200191E+08  0.103163E+07  0.989114E+06  0.000000E+00  0.200211E+08  0.200211E+08  0.200214E+08 -0.471924E+00  0.109473E+08  0.109467E+08  0.185878E+03
  0.117406E-02  0.199788E+08  0.199762E+08  0.835122E+06  0.802558E+06  0.000000E+00  0.199784E+08  0.199784E+08  0.199786E+08 -0.470910E+00  0.109282E+08  0.109276E+08  0.174767E+03
  0.129714E-02  0.199315E+08  0.199288E+08  0.571427E+06  0.534805E+06  0.000000E+00  0.199311E+08  0.199311E+08  0.199313E+08 -0.469790E+00  0.109066E+08  0.109060E+08  0.162031E+03
  0.143312E-02  0.198786E+08  0.198758E+08  0.345546E+06  0.301946E+06  0.000000E+00  0.198781E+08  0.198781E+08  0.198782E+08 -0.468536E+00  0.108813E+08  0.108807E+08  0.148177E+03
  0.158335E-02  0.198194E+08  0.198165E+08  0.254470E+06  0.208675E+06  0.000000E+00  0.198189E+08  0.198189E+08  0.198190E+08 -0.467135E+00  0.108515E+08  0.108509E+08  0.133797E+03
  0.174934E-02  0.197533E+08  0.197504E+08  0.241780E+06 -0.127478E+06  0.000000E+00  0.197528E+08  0.197528E+08  0.197529E+08 -0.465573E+00  0.108172E+08  0.108166E+08  0.119610E+03
  0.193273E-02  0.196792E+08  0.196763E+08  0.175078E+06 -0.104631E+06  0.000000E+00  0.196787E+08  0.196787E+08  0.196788E+08 -0.463825E+00  0.107785E+08  0.107779E+08  0.106351E+03
  0.213534E-02  0.195957E+08  0.195928E+08  0.812589E+05 -0.861602E+05  0.000000E+00  0.195952E+08  0.195952E+08  0.195952E+08 -0.461854E+00  0.107346E+08  0.107340E+08  0.945432E+02
  0.235919E-02  0.195016E+08  0.194987E+08  0.704289E+05 -0.705685E+05  0.000000E+00  0.195012E+08  0.195012E+08  0.195012E+08 -0.459636E+00  0.106842E+08  0.106836E+08  0.844159E+02
  0.260651E-02  0.193960E+08  0.193930E+08  0.634743E+05 -0.576246E+05  0.000000E+00  0.193956E+08  0.193956E+08  0.193956E+08 -0.457145E+00  0.106273E+08  0.106267E+08  0.759483E+02
  0.287976E-02  0.192774E+08  0.192743E+08  0.267319E+05 -0.471741E+05  0.000000E+00  0.192769E+08  0.192769E+08  0.192769E+08 -0.454347E+00  0.105633E+08  0.105627E+08  0.688157E+02
  0.318165E-02  0.191444E+08  0.191411E+08  0.321956E+05 -0.384372E+05  0.000000E+00  0.191439E+08  0.191439E+08  0.191439E+08 -0.451212E+00  0.104910E+08  0.104904E+08  0.624947E+02
  0.351519E-02  0.189958E+08  0.189923E+08  0.902651E+04 -0.313425E+05  0.000000E+00  0.189953E+08  0.189953E+08  0.189953E+08 -0.447708E+00  0.104102E+08  0.104096E+08  0.565784E+02
  0.388369E-02  0.188301E+08  0.188264E+08  0.103523E+05 -0.254836E+05  0.000000E+00  0.188295E+08  0.188295E+08  0.188295E+08 -0.443800E+00  0.103197E+08  0.103192E+08  0.509240E+02
  0.429082E-02  0.186458E+08  0.186418E+08 -0.650572E+03 -0.207209E+05  0.000000E+00  0.186452E+08  0.186452E+08  0.186452E+08 -0.439455E+00  0.102191E+08  0.102186E+08  0.457070E+02
  0.474064E-02  0.184414E+08  0.184372E+08  0.211178E+04 -0.167999E+05  0.000000E+00  0.184408E+08  0.184408E+08  0.184408E+08 -0.434638E+00  0.101074E+08  0.101068E+08  0.411203E+02
  0.523761E-02  0.182156E+08  0.182109E+08  0.493661E+04 -0.136100E+05  0.000000E+00  0.182148E+08  0.182148E+08  0.182148E+08 -0.429313E+00  0.998384E+07  0.998325E+07  0.371152E+02
  0.578668E-02  0.179667E+08  0.179616E+08  0.868232E+03 -0.110103E+05  0.000000E+00  0.179659E+08  0.179659E+08  0.179659E+08 -0.423444E+00  0.984759E+07  0.984701E+07  0.334748E+02
  0.639331E-02  0.176933E+08  0.176876E+08 -0.969932E+03 -0.888951E+04  0.000000E+00  0.176924E+08  0.176924E+08  0.176924E+08 -0.416998E+00  0.969785E+07  0.969727E+07  0.301258E+02
  0.706353E-02  0.173938E+08  0.173875E+08 -0.204724E+04 -0.716330E+04  0.000000E+00  0.173928E+08  0.173928E+08  0.173928E+08 -0.409938E+00  0.953379E+07  0.953321E+07  0.271468E+02
  0.780402E-02  0.170669E+08  0.170597E+08 -0.161270E+04 -0.576055E+04  0.000000E+00  0.170658E+08  0.170658E+08  0.170658E+08 -0.402229E+00  0.935461E+07  0.935403E+07  0.245048E+02
  0.862213E-02  0.167109E+08  0.167028E+08 -0.345718E+03 -0.462190E+04  0.000000E+00  0.167097E+08  0.167097E+08  0.167097E+08 -0.393835E+00  0.915950E+07  0.915892E+07  0.221175E+02
  0.952601E-02  0.163245E+08  0.163152E+08 -0.877112E+03 -0.369982E+04  0.000000E+00  0.163230E+08  0.163230E+08  0.163230E+08 -0.384723E+00  0.894765E+07  0.894708E+07  0.199916E+02
  0.105246E-01  0.159062E+08  0.158955E+08 -0.138090E+04 -0.295457E+04  0.000000E+00  0.159045E+08  0.159045E+08  0.159045E+08 -0.374858E+00  0.871826E+07  0.871769E+07  0.180990E+02
  0.116280E-01  0.154544E+08  0.154421E+08 -0.127719E+04 -0.235195E+04  0.000000E+00  0.154525E+08  0.154525E+08  0.154525E+08 -0.364205E+00  0.847056E+07  0.846999E+07  0.164137E+02
  0.128469E-01  0.149680E+08  0.149538E+08 -0.798866E+03 -0.186638E+04  0.000000E+00  0.149658E+08  0.149658E+08  0.149658E+08 -0.352733E+00  0.820378E+07  0.820320E+07  0.149179E+02
  0.141937E-01  0.144456E+08  0.144292E+08 -0.540889E+03 -0.147583E+04  0.000000E+00  0.144430E+08  0.144430E+08  0.144430E+08 -0.340411E+00  0.791724E+07  0.791666E+07  0.135896E+02
  0.156817E-01  0.138861E+08  0.138673E+08 -0.704851E+03 -0.116235E+04  0.000000E+00  0.138832E+08  0.138832E+08  0.138832E+08 -0.327216E+00  0.761038E+07  0.760979E+07  0.124088E+02
  0.173256E-01  0.132890E+08  0.132674E+08 -0.612582E+03 -0.911422E+03  0.000000E+00  0.132856E+08  0.132856E+08  0.132856E+08 -0.313133E+00  0.728285E+07  0.728226E+07  0.113554E+02
  0.191419E-01  0.126734E+08  0.126487E+08 -0.300104E+03 -0.712069E+03  0.000000E+00  0.126695E+08  0.126695E+08  0.126695E+08 -0.298612E+00  0.694515E+07  0.694455E+07  0.104197E+02
  0.211486E-01  0.120052E+08  0.119771E+08 -0.280944E+03 -0.552597E+03  0.000000E+00  0.120008E+08  0.120008E+08  0.120008E+08 -0.282851E+00  0.657858E+07  0.657797E+07  0.955927E+01
  0.233656E-01  0.112918E+08  0.112601E+08 -0.369354E+03 -0.425820E+03  0.000000E+00  0.112868E+08  0.112868E+08  0.112868E+08 -0.266022E+00  0.618719E+07  0.618658E+07  0.875849E+01
  0.258151E-01  0.105592E+08  0.105240E+08 -0.198567E+03 -0.326187E+03  0.000000E+00  0.105536E+08  0.105536E+08  0.105536E+08 -0.248742E+00  0.578529E+07  0.578467E+07  0.800412E+01
  0.285213E-01  0.981196E+07  0.977351E+07 -0.149689E+03 -0.248304E+03  0.000000E+00  0.980591E+07  0.980591E+07  0.980591E+07 -0.231119E+00  0.537542E+07  0.537480E+07  0.727314E+01
  0.315113E-01  0.904846E+07  0.900725E+07 -0.118444E+03 -0.187588E+03  0.000000E+00  0.904197E+07  0.904197E+07  0.904197E+07 -0.213113E+00  0.495665E+07  0.495604E+07  0.654132E+01
  0.348147E-01  0.828623E+07  0.824318E+07 -0.873892E+02 -0.140721E+03  0.000000E+00  0.827946E+07  0.827946E+07  0.827946E+07 -0.195141E+00  0.453866E+07  0.453806E+07  0.579432E+01
  0.384644E-01  0.754963E+07  0.750607E+07 -0.739517E+02 -0.105032E+03  0.000000E+00  0.754277E+07  0.754277E+07  0.754277E+07 -0.177778E+00  0.413483E+07  0.413425E+07  0.502551E+01
  0.424967E-01  0.685624E+07  0.681388E+07 -0.545535E+02 -0.781396E+02  0.000000E+00  0.684958E+07  0.684958E+07  0.684958E+07 -0.161440E+00  0.375484E+07  0.375430E+07  0.423602E+01
  0.469517E-01  0.622263E+07  0.618343E+07  0.116941E+03 -0.580963E+02  0.000000E+00  0.621646E+07  0.621646E+07  0.621646E+07 -0.146518E+00  0.340777E+07  0.340729E+07  0.344156E+01
  0.516469E-01  0.569240E+07  0.565798E+07  0.884150E+02 -0.439240E+02  0.000000E+00  0.568698E+07  0.568698E+07  0.568698E+07 -0.134038E+00  0.311752E+07  0.311710E+07  0.270774E+01
  0.563420E-01  0.527232E+07  0.524341E+07  0.688180E+02 -0.341874E+02  0.000000E+00  0.526777E+07  0.526777E+07  0.526777E+07 -0.124158E+00  0.288771E+07  0.288735E+07  0.209349E+01
  0.610372E-01  0.493026E+07  0.490678E+07  0.548409E+02 -0.272430E+02  0.000000E+00  0.492656E+07  0.492656E+07  0.492656E+07 -0.116116E+00  0.270066E+07  0.270036E+07  0.160586E+01
  0.657324E-01  0.464048E+07  0.462170E+07  0.445129E+02 -0.221117E+02  0.000000E+00  0.463752E+07  0.463752E+07  0.463752E+07 -0.109303E+00  0.254220E+07  0.254196E+07  0.124287E+01
  0.704275E-01  0.437991E+07  0.436467E+07  0.366023E+02 -0.181816E+02  0.000000E+00  0.437751E+07  0.437751E+07  0.437751E+07 -0.103175E+00  0.239967E+07  0.239946E+07  0.992671E+00
  0.751227E-01  0.413238E+07  0.411933E+07  0.303537E+02 -0.150775E+02  0.000000E+00  0.413033E+07  0.413033E+07  0.413033E+07 -0.973489E-01  0.226416E+07  0.226398E+07  0.836346E+00
  0.798179E-01  0.389424E+07  0.388207E+07  0.253383E+02 -0.125862E+02  0.000000E+00  0.389232E+07  0.389232E+07  0.389232E+07 -0.917393E-01  0.213370E+07  0.213352E+07  0.751512E+00
  0.845130E-01  0.365264E+07  0.364031E+07  0.211979E+02 -0.105298E+02  0.000000E+00  0.365070E+07  0.365070E+07  0.365070E+07 -0.860445E-01  0.200125E+07  0.200107E+07  0.712424E+00
  0.892082E-01  0.341514E+07  0.340198E+07  0.177866E+02 -0.883553E+01  0.000000E+00  0.341307E+07  0.341307E+07  0.341307E+07 -0.804437E-01  0.187099E+07  0.187080E+07  0.697462E+00
  0.939034E-01  0.318726E+07  0.317302E+07  0.149794E+02 -0.744141E+01  0.000000E+00  0.318502E+07  0.318502E+07  0.318502E+07 -0.750686E-01  0.174597E+07  0.174578E+07  0.688440E+00
  0.985985E-01  0.297496E+07  0.295978E+07  0.126802E+02 -0.629953E+01  0.000000E+00  0.297258E+07  0.297258E+07  0.297258E+07 -0.700615E-01  0.162952E+07  0.162932E+07  0.672646E+00
  0.104465E+00  0.273991E+07  0.272418E+07  0.104022E+02 -0.516818E+01  0.000000E+00  0.273744E+07  0.273744E+07  0.273744E+07 -0.645195E-01  0.150062E+07  0.150042E+07  0.633500E+00
  0.110331E+00  0.254517E+07  0.252983E+07  0.866231E+01 -0.430371E+01  0.000000E+00  0.254276E+07  0.254276E+07  0.254276E+07 -0.599311E-01  0.139390E+07  0.139371E+07  0.571491E+00
  0.116197E+00  0.239124E+07  0.237717E+07  0.733764E+01 -0.364555E+01  0.000000E+00  0.238902E+07  0.238902E+07  0.238902E+07 -0.563076E-01  0.130963E+07  0.130945E+07  0.493640E+00
  0.122063E+00  0.227068E+07  0.225846E+07  0.631471E+01 -0.313722E+01  0.000000E+00  0.226875E+07  0.226875E+07  0.226875E+07 -0.534729E-01  0.124369E+07  0.124354E+07  0.411315E+00
  0.127929E+00  0.217185E+07  0.216166E+07  0.549944E+01 -0.273200E+01  0.000000E+00  0.217024E+07  0.217024E+07  0.217024E+07 -0.511511E-01  0.118969E+07  0.118956E+07  0.335976E+00
  0.133795E+00  0.208332E+07  0.207490E+07  0.482342E+01 -0.239611E+01  0.000000E+00  0.208199E+07  0.208199E+07  0.208199E+07 -0.490711E-01  0.114131E+07  0.114120E+07  0.276029E+00
  0.139661E+00  0.199606E+07  0.198888E+07  0.424172E+01 -0.210705E+01  0.000000E+00  0.199493E+07  0.199493E+07  0.199493E+07 -0.470192E-01  0.109358E+07  0.109349E+07  0.235178E+00
  0.145527E+00  0.190469E+07  0.189809E+07  0.372790E+01 -0.185181E+01  0.000000E+00  0.190365E+07  0.190365E+07  0.190365E+07 -0.448677E-01  0.104354E+07  0.104345E+07  0.212408E+00
  0.151393E+00  0.180820E+07  0.180160E+07  0.326997E+01 -0.162438E+01  0.000000E+00  0.180716E+07  0.180716E+07  0.180716E+07 -0.425934E-01  0.990651E+06  0.990559E+06  0.203223E+00
  0.157259E+00  0.170925E+07  0.170228E+07  0.286449E+01 -0.142299E+01  0.000000E+00  0.170815E+07  0.170815E+07  0.170815E+07 -0.402599E-01  0.936378E+06  0.936283E+06  0.201465E+00
  0.163125E+00  0.161232E+07  0.160487E+07  0.251093E+01 -0.124742E+01  0.000000E+00  0.161115E+07  0.161115E+07  0.161115E+07 -0.379736E-01  0.883203E+06  0.883104E+06  0.201116E+00
  0.168991E+00  0.152228E+07  0.151448E+07  0.220877E+01 -0.109734E+01  0.000000E+00  0.152106E+07  0.152106E+07  0.152106E+07 -0.358502E-01  0.833818E+06  0.833718E+06  0.197697E+00
  0.174857E+00  0.144329E+07  0.143541E+07  0.195589E+01 -0.971718E+00  0.000000E+00  0.144205E+07  0.144205E+07  0.144205E+07 -0.339881E-01  0.790510E+06  0.790411E+06  0.188983E+00
  0.180723E+00  0.137731E+07  0.136968E+07  0.174724E+01 -0.868071E+00  0.000000E+00  0.137611E+07  0.137611E+07  0.137611E+07 -0.324338E-01  0.754360E+06  0.754265E+06  0.174987E+00
  0.186589E+00  0.132338E+07  0.131630E+07  0.157499E+01 -0.782473E+00  0.000000E+00  0.132226E+07  0.132226E+07  0.132226E+07 -0.311648E-01  0.724844E+06  0.724756E+06  0.157389E+00
  0.192455E+00  0.127851E+07  0.127215E+07  0.143035E+01 -0.710597E+00  0.000000E+00  0.127751E+07  0.127751E+07  0.127751E+07 -0.301099E-01  0.700308E+06  0.700228E+06  0.138704E+00
  0.198321E+00  0.123905E+07  0.123343E+07  0.130553E+01 -0.648569E+00  0.000000E+00  0.123817E+07  0.123817E+07  0.123817E+07 -0.291828E-01  0.678743E+06  0.678670E+06  0.121449E+00
  0.204187E+00  0.120155E+07  0.119656E+07  0.119442E+01 -0.593346E+00  0.000000E+00  0.120077E+07  0.120077E+07  0.120077E+07 -0.283013E-01  0.658240E+06  0.658174E+06  0.107474E+00
  0.210053E+00  0.116319E+07  0.115862E+07  0.109265E+01 -0.542790E+00  0.000000E+00  0.116247E+07  0.116247E+07  0.116247E+07 -0.273987E-01  0.637247E+06  0.637186E+06  0.976057E-01
  0.215919E+00  0.112250E+07  0.111813E+07  0.997916E+00 -0.495727E+00  0.000000E+00  0.112181E+07  0.112181E+07  0.112181E+07 -0.264404E-01  0.614958E+06  0.614898E+06  0.916432E-01
  0.221785E+00  0.107967E+07  0.107531E+07  0.909707E+00 -0.451913E+00  0.000000E+00  0.107898E+07  0.107898E+07  0.107898E+07 -0.254308E-01  0.591478E+06  0.591419E+06  0.886084E-01
  0.227651E+00  0.103607E+07  0.103160E+07  0.828513E+00 -0.411592E+00  0.000000E+00  0.103536E+07  0.103536E+07  0.103536E+07 -0.244028E-01  0.567568E+06  0.567509E+06  0.871383E-01
  0.233517E+00  0.993520E+06  0.988922E+06  0.755032E+00 -0.375091E+00  0.000000E+00  0.992797E+06  0.992797E+06  0.992797E+06 -0.233995E-01  0.544234E+06  0.544174E+06  0.858877E-01
  0.239383E+00  0.953768E+06  0.949089E+06  0.689695E+00 -0.342642E+00  0.000000E+00  0.953032E+06  0.953032E+06  0.953032E+06 -0.224623E-01  0.522436E+06  0.522376E+06  0.838480E-01
  0.245249E+00  0.918083E+06  0.913426E+06  0.632491E+00 -0.314226E+00  0.000000E+00  0.917350E+06  0.917350E+06  0.917350E+06 -0.216213E-01  0.502876E+06  0.502817E+06  0.805172E-01
  0.251115E+00  0.886955E+06  0.882436E+06  0.582831E+00 -0.289553E+00  0.000000E+00  0.886244E+06  0.886244E+06  0.886244E+06 -0.208881E-01  0.485824E+06  0.485767E+06  0.759093E-01
  0.256981E+00  0.860050E+06  0.855767E+06  0.539655E+00 -0.268103E+00  0.000000E+00  0.859376E+06  0.859376E+06  0.859376E+06 -0.202549E-01  0.471096E+06  0.471041E+06  0.704362E-01
  0.262847E+00  0.836437E+06  0.832444E+06  0.501697E+00 -0.249239E+00  0.000000E+00  0.835809E+06  0.835809E+06  0.835809E+06 -0.196994E-01  0.458176E+06  0.458125E+06  0.647163E-01
  0.268713E+00  0.814851E+06  0.811151E+06  0.467665E+00 -0.232329E+00  0.000000E+00  0.814269E+06  0.814269E+06  0.814269E+06 -0.191917E-01  0.446368E+06  0.446320E+06  0.593697E-01
  0.274579E+00  0.793977E+06  0.790528E+06  0.436438E+00 -0.216814E+00  0.000000E+00  0.793434E+06  0.793434E+06  0.793434E+06 -0.187007E-01  0.434947E+06  0.434902E+06  0.548569E-01
  0.280445E+00  0.772823E+06  0.769556E+06  0.407235E+00 -0.202303E+00  0.000000E+00  0.772309E+06  0.772309E+06  0.772309E+06 -0.182028E-01  0.423366E+06  0.423323E+06  0.513941E-01
  0.286311E+00  0.751000E+06  0.747836E+06  0.379685E+00 -0.188619E+00  0.000000E+00  0.750502E+06  0.750502E+06  0.750502E+06 -0.176888E-01  0.411412E+06  0.411370E+06  0.489471E-01
  0.292177E+00  0.728659E+06  0.725534E+06  0.353741E+00 -0.175731E+00  0.000000E+00  0.728167E+06  0.728167E+06  0.728167E+06 -0.171624E-01  0.399168E+06  0.399127E+06  0.472845E-01
  0.298043E+00  0.706244E+06  0.703116E+06  0.329487E+00 -0.163684E+00  0.000000E+00  0.705752E+06  0.705752E+06  0.705752E+06 -0.166341E-01  0.386881E+06  0.386840E+06  0.460674E-01
  0.303909E+00  0.684322E+06  0.681182E+06  0.307044E+00 -0.152537E+00  0.000000E+00  0.683828E+06  0.683828E+06  0.683828E+06 -0.161173E-01  0.374863E+06  0.374822E+06  0.449522E-01
  0.309775E+00  0.663504E+06  0.660368E+06  0.286528E+00 -0.142345E+00  0.000000E+00  0.663010E+06  0.663010E+06  0.663010E+06 -0.156267E-01  0.363451E+06  0.363410E+06  0.436754E-01
  0.315641E+00  0.644281E+06  0.641182E+06  0.267977E+00 -0.133130E+00  0.000000E+00  0.643793E+06  0.643793E+06  0.643793E+06 -0.151737E-01  0.352917E+06  0.352877E+06  0.420990E-01
  0.321507E+00  0.626841E+06  0.623818E+06  0.251295E+00 -0.124843E+00  0.000000E+00  0.626366E+06  0.626366E+06  0.626366E+06 -0.147630E-01  0.343363E+06  0.343324E+06  0.402149E-01
  0.327373E+00  0.611041E+06  0.608127E+06  0.236264E+00 -0.117374E+00  0.000000E+00  0.610583E+06  0.610583E+06  0.610583E+06 -0.143910E-01  0.334711E+06  0.334674E+06  0.381189E-01
  0.333239E+00  0.596536E+06  0.593748E+06  0.222610E+00 -0.110592E+00  0.000000E+00  0.596097E+06  0.596097E+06  0.596097E+06 -0.140496E-01  0.326770E+06  0.326734E+06  0.359655E-01
  0.339105E+00  0.582912E+06  0.580252E+06  0.210070E+00 -0.104360E+00  0.000000E+00  0.582493E+06  0.582493E+06  0.582493E+06 -0.137289E-01  0.319313E+06  0.319278E+06  0.339173E-01
  0.344971E+00  0.569752E+06  0.567207E+06  0.198408E+00 -0.985659E-01  0.000000E+00  0.569352E+06  0.569352E+06  0.569352E+06 -0.134192E-01  0.312109E+06  0.312076E+06  0.321006E-01
  0.350837E+00  0.556710E+06  0.554256E+06  0.187439E+00 -0.931172E-01  0.000000E+00  0.556324E+06  0.556324E+06  0.556324E+06 -0.131122E-01  0.304967E+06  0.304935E+06  0.305796E-01
  0.356703E+00  0.543602E+06  0.541212E+06  0.177057E+00 -0.879582E-01  0.000000E+00  0.543226E+06  0.543226E+06  0.543226E+06 -0.128034E-01  0.297787E+06  0.297756E+06  0.293527E-01
  0.362569E+00  0.530442E+06  0.528094E+06  0.167224E+00 -0.830742E-01  0.000000E+00  0.530072E+06  0.530072E+06  0.530072E+06 -0.124934E-01  0.290576E+06  0.290546E+06  0.283649E-01
  0.368435E+00  0.517384E+06  0.515062E+06  0.157953E+00 -0.784689E-01  0.000000E+00  0.517019E+06  0.517019E+06  0.517019E+06 -0.121858E-01  0.283421E+06  0.283390E+06  0.275297E-01
  0.374301E+00  0.504631E+06  0.502329E+06  0.149267E+00 -0.741537E-01  0.000000E+00  0.504269E+06  0.504269E+06  0.504269E+06 -0.118853E-01  0.276432E+06  0.276402E+06  0.267551E-01
  0.380167E+00  0.492377E+06  0.490099E+06  0.141180E+00 -0.701373E-01  0.000000E+00  0.492019E+06  0.492019E+06  0.492019E+06 -0.115965E-01  0.269716E+06  0.269687E+06  0.259659E-01
  0.386033E+00  0.480774E+06  0.478530E+06  0.133694E+00 -0.664182E-01  0.000000E+00  0.480421E+06  0.480421E+06  0.480421E+06 -0.113232E-01  0.263359E+06  0.263330E+06  0.251186E-01
  0.391899E+00  0.469893E+06  0.467694E+06  0.126786E+00 -0.629863E-01  0.000000E+00  0.469547E+06  0.469547E+06  0.469547E+06 -0.110669E-01  0.257398E+06  0.257369E+06  0.242043E-01
  0.397765E+00  0.459704E+06  0.457562E+06  0.120405E+00 -0.598167E-01  0.000000E+00  0.459367E+06  0.459367E+06  0.459367E+06 -0.108270E-01  0.251817E+06  0.251790E+06  0.232432E-01
  0.403631E+00  0.450101E+06  0.448022E+06  0.114490E+00 -0.568772E-01  0.000000E+00  0.449774E+06  0.449774E+06  0.449774E+06 -0.106009E-01  0.246558E+06  0.246532E+06  0.222736E-01
  0.409497E+00  0.440944E+06  0.438928E+06  0.108971E+00 -0.541358E-01  0.000000E+00  0.440627E+06  0.440627E+06  0.440627E+06 -0.103853E-01  0.241544E+06  0.241518E+06  0.213384E-01
  0.415363E+00  0.432093E+06  0.430137E+06  0.103790E+00 -0.515614E-01  0.000000E+00  0.431785E+06  0.431785E+06  0.431785E+06 -0.101769E-01  0.236697E+06  0.236672E+06  0.204736E-01
  0.421229E+00  0.423424E+06  0.421520E+06  0.988951E-01 -0.491296E-01  0.000000E+00  0.423125E+06  0.423125E+06  0.423125E+06 -0.997275E-02  0.231950E+06  0.231925E+06  0.196995E-01
  0.427095E+00  0.414858E+06  0.412996E+06  0.942508E-01 -0.468228E-01  0.000000E+00  0.414565E+06  0.414565E+06  0.414565E+06 -0.977099E-02  0.227257E+06  0.227233E+06  0.190190E-01
  0.432961E+00  0.406378E+06  0.404551E+06  0.898398E-01 -0.446310E-01  0.000000E+00  0.406091E+06  0.406091E+06  0.406091E+06 -0.957127E-02  0.222612E+06  0.222588E+06  0.184196E-01
  0.438827E+00  0.398031E+06  0.396231E+06  0.856569E-01 -0.425534E-01  0.000000E+00  0.397747E+06  0.397747E+06  0.397747E+06 -0.937462E-02  0.218038E+06  0.218015E+06  0.178793E-01
  0.444693E+00  0.389880E+06  0.388105E+06  0.817033E-01 -0.405894E-01  0.000000E+00  0.389600E+06  0.389600E+06  0.389600E+06 -0.918260E-02  0.213572E+06  0.213549E+06  0.173729E-01
  0.450559E+00  0.381977E+06  0.380227E+06  0.779761E-01 -0.387376E-01  0.000000E+00  0.381701E+06  0.381701E+06  0.381701E+06 -0.899643E-02  0.209242E+06  0.209219E+06  0.168780E-01
  0.456425E+00  0.374365E+06  0.372643E+06  0.744701E-01 -0.369962E-01  0.000000E+00  0.374094E+06  0.374094E+06  0.374094E+06 -0.881713E-02  0.205072E+06  0.205050E+06  0.163801E-01
  0.462291E+00  0.367080E+06  0.365388E+06  0.711796E-01 -0.353613E-01  0.000000E+00  0.366814E+06  0.366814E+06  0.366814E+06 -0.864554E-02  0.201081E+06  0.201059E+06  0.158738E-01
  0.468157E+00  0.360126E+06  0.358468E+06  0.680922E-01 -0.338276E-01  0.000000E+00  0.359865E+06  0.359865E+06  0.359865E+06 -0.848177E-02  0.197272E+06  0.197250E+06  0.153625E-01
  0.474023E+00  0.353466E+06  0.351844E+06  0.651892E-01 -0.323855E-01  0.000000E+00  0.353211E+06  0.353211E+06  0.353211E+06 -0.832493E-02  0.193624E+06  0.193603E+06  0.148548E-01
  0.479889E+00  0.347045E+06  0.345459E+06  0.624501E-01 -0.310244E-01  0.000000E+00  0.346795E+06  0.346795E+06  0.346795E+06 -0.817372E-02  0.190107E+06  0.190086E+06  0.143616E-01
  0.485755E+00  0.340817E+06  0.339266E+06  0.598572E-01 -0.297365E-01  0.000000E+00  0.340573E+06  0.340573E+06  0.340573E+06 -0.802706E-02  0.186696E+06  0.186676E+06  0.138931E-01
  0.491621E+00  0.334749E+06  0.333230E+06  0.573971E-01 -0.285142E-01  0.000000E+00  0.334510E+06  0.334510E+06  0.334510E+06 -0.788417E-02  0.183373E+06  0.183353E+06  0.134559E-01
  0.497487E+00  0.328808E+06  0.327318E+06  0.550568E-01 -0.273515E-01  0.000000E+00  0.328573E+06  0.328573E+06  0.328573E+06 -0.774424E-02  0.180118E+06  0.180099E+06  0.130520E-01
  0.503353E+00  0.322969E+06  0.321506E+06  0.528259E-01 -0.262434E-01  0.000000E+00  0.322739E+06  0.322739E+06  0.322739E+06 -0.760673E-02  0.176920E+06  0.176901E+06  0.126786E-01
  0.509219E+00  0.317238E+06  0.315798E+06  0.506999E-01 -0.251871E-01  0.000000E+00  0.317011E+06  0.317011E+06  0.317011E+06 -0.747173E-02  0.173780E+06  0.173761E+06  0.123303E-01
  0.515085E+00  0.311636E+06  0.310218E+06  0.486766E-01 -0.241820E-01  0.000000E+00  0.311413E+06  0.311413E+06  0.311413E+06 -0.733979E-02  0.170711E+06  0.170693E+06  0.120002E-01
  0.520952E+00  0.306185E+06  0.304788E+06  0.467540E-01 -0.232270E-01  0.000000E+00  0.305965E+06  0.305965E+06  0.305965E+06 -0.721138E-02  0.167725E+06  0.167707E+06  0.116817E-01
  0.526818E+00  0.300892E+06  0.299516E+06  0.449282E-01 -0.223198E-01  0.000000E+00  0.300675E+06  0.300675E+06  0.300675E+06 -0.708670E-02  0.164825E+06  0.164807E+06  0.113698E-01
  0.532683E+00  0.295762E+06  0.294408E+06  0.431948E-01 -0.214588E-01  0.000000E+00  0.295548E+06  0.295548E+06  0.295548E+06 -0.696587E-02  0.162015E+06  0.161997E+06  0.110618E-01
  0.538550E+00  0.290800E+06  0.289469E+06  0.415500E-01 -0.206416E-01  0.000000E+00  0.290590E+06  0.290590E+06  0.290590E+06 -0.684901E-02  0.159297E+06  0.159279E+06  0.107576E-01
  0.544416E+00  0.286002E+06  0.284694E+06  0.399886E-01 -0.198659E-01  0.000000E+00  0.285796E+06  0.285796E+06  0.285796E+06 -0.673601E-02  0.156668E+06  0.156651E+06  0.104590E-01
  0.550282E+00  0.281349E+06  0.280065E+06  0.385039E-01 -0.191284E-01  0.000000E+00  0.281147E+06  0.281147E+06  0.281147E+06 -0.662644E-02  0.154120E+06  0.154103E+06  0.101684E-01
  0.556148E+00  0.276821E+06  0.275559E+06  0.370894E-01 -0.184255E-01  0.000000E+00  0.276622E+06  0.276622E+06  0.276622E+06 -0.651979E-02  0.151640E+06  0.151623E+06  0.988853E-02
  0.562014E+00  0.272402E+06  0.271162E+06  0.357394E-01 -0.177550E-01  0.000000E+00  0.272207E+06  0.272207E+06  0.272207E+06 -0.641573E-02  0.149219E+06  0.149203E+06  0.962127E-02
  0.567880E+00  0.268085E+06  0.266866E+06  0.344501E-01 -0.171145E-01  0.000000E+00  0.267893E+06  0.267893E+06  0.267893E+06 -0.631405E-02  0.146854E+06  0.146838E+06  0.936756E-02
  0.573746E+00  0.263859E+06  0.262660E+06  0.332174E-01 -0.165020E-01  0.000000E+00  0.263671E+06  0.263671E+06  0.263671E+06 -0.621453E-02  0.144540E+06  0.144524E+06  0.912696E-02
  0.579612E+00  0.259720E+06  0.258538E+06  0.320376E-01 -0.159160E-01  0.000000E+00  0.259534E+06  0.259534E+06  0.259534E+06 -0.611702E-02  0.142272E+06  0.142256E+06  0.889805E-02
  0.585478E+00  0.255667E+06  0.254503E+06  0.309090E-01 -0.153552E-01  0.000000E+00  0.255484E+06  0.255484E+06  0.255484E+06 -0.602157E-02  0.140052E+06  0.140037E+06  0.867891E-02
  0.591344E+00  0.251709E+06  0.250562E+06  0.298297E-01 -0.148191E-01  0.000000E+00  0.251529E+06  0.251529E+06  0.251529E+06 -0.592835E-02  0.137884E+06  0.137869E+06  0.846761E-02
  0.597210E+00  0.247851E+06  0.246720E+06  0.287982E-01 -0.143067E-01  0.000000E+00  0.247673E+06  0.247673E+06  0.247673E+06 -0.583747E-02  0.135770E+06  0.135755E+06  0.826250E-02
  0.603076E+00  0.244090E+06  0.242976E+06  0.278123E-01 -0.138168E-01  0.000000E+00  0.243915E+06  0.243915E+06  0.243915E+06 -0.574890E-02  0.133710E+06  0.133695E+06  0.806239E-02
  0.608942E+00  0.240425E+06  0.239328E+06  0.268694E-01 -0.133485E-01  0.000000E+00  0.240252E+06  0.240252E+06  0.240252E+06 -0.566258E-02  0.131702E+06  0.131688E+06  0.786679E-02
  0.614808E+00  0.236856E+06  0.235775E+06  0.259678E-01 -0.129006E-01  0.000000E+00  0.236686E+06  0.236686E+06  0.236686E+06 -0.557852E-02  0.129747E+06  0.129733E+06  0.767588E-02
  0.620674E+00  0.233380E+06  0.232315E+06  0.251054E-01 -0.124721E-01  0.000000E+00  0.233212E+06  0.233212E+06  0.233212E+06 -0.549665E-02  0.127843E+06  0.127829E+06  0.749014E-02
  0.626540E+00  0.229988E+06  0.228940E+06  0.242794E-01 -0.120618E-01  0.000000E+00  0.229823E+06  0.229823E+06  0.229823E+06 -0.541677E-02  0.125985E+06  0.125971E+06  0.731014E-02
  0.632406E+00  0.226672E+06  0.225639E+06  0.234875E-01 -0.116683E-01  0.000000E+00  0.226509E+06  0.226509E+06  0.226509E+06 -0.533866E-02  0.124168E+06  0.124155E+06  0.713631E-02
  0.638272E+00  0.223427E+06  0.222410E+06  0.227277E-01 -0.112909E-01  0.000000E+00  0.223267E+06  0.223267E+06  0.223267E+06 -0.526225E-02  0.122391E+06  0.122378E+06  0.696894E-02
  0.644138E+00  0.220253E+06  0.219250E+06  0.219986E-01 -0.109287E-01  0.000000E+00  0.220095E+06  0.220095E+06  0.220095E+06 -0.518749E-02  0.120652E+06  0.120639E+06  0.680802E-02
  0.650004E+00  0.217145E+06  0.216157E+06  0.212985E-01 -0.105809E-01  0.000000E+00  0.216990E+06  0.216990E+06  0.216990E+06 -0.511429E-02  0.118950E+06  0.118937E+06  0.665316E-02
  0.700195E+00  0.193132E+06  0.192252E+06  0.163247E-01 -0.810998E-02  0.000000E+00  0.192994E+06  0.192994E+06  0.192994E+06 -0.454873E-02  0.105796E+06  0.105784E+06  0.550612E-02
  0.754263E+00  0.171666E+06  0.170884E+06  0.125046E-01 -0.621215E-02  0.000000E+00  0.171543E+06  0.171543E+06  0.171543E+06 -0.404315E-02  0.940369E+05  0.940266E+05  0.455300E-02
  0.812505E+00  0.152480E+06  0.151785E+06  0.957171E-02 -0.475514E-02  0.000000E+00  0.152370E+06  0.152370E+06  0.152370E+06 -0.359126E-02  0.835268E+05  0.835176E+05  0.376276E-02
  0.101032E+01  0.107329E+06  0.106840E+06  0.435738E-02 -0.216472E-02  0.000000E+00  0.107252E+06  0.107252E+06  0.107252E+06 -0.252786E-02  0.587937E+05  0.587872E+05  0.215061E-02
  0.141002E+01  0.620913E+05  0.618084E+05  0.129287E-02 -0.644311E-03  0.000000E+00  0.620468E+05  0.620468E+05  0.620468E+05 -0.146240E-02  0.340130E+05  0.340091E+05  0.915061E-03
  0.196784E+01  0.355375E+05  0.353754E+05  0.317717E-03 -0.251528E-03  0.000000E+00  0.355120E+05  0.355120E+05  0.355120E+05 -0.836993E-03  0.194670E+05  0.194646E+05  0.394316E-03
  0.274634E+01  0.201530E+05  0.200609E+05  0.130456E-03 -0.352756E-04  0.000000E+00  0.201385E+05  0.201385E+05  0.201385E+05 -0.474651E-03  0.110397E+05  0.110383E+05  0.175362E-03
