    0.10000E-03    0.40575E+03
    0.10202E-03    0.41360E+03
    0.10408E-03    0.42159E+03
    0.10618E-03    0.42974E+03
    0.10833E-03    0.43805E+03
    0.11052E-03    0.44652E+03
    0.11275E-03    0.45515E+03
    0.11503E-03    0.46394E+03
    0.11735E-03    0.47290E+03
    0.11972E-03    0.48204E+03
    0.12214E-03    0.49135E+03
    0.12461E-03    0.50084E+03
    0.12712E-03    0.51051E+03
    0.12969E-03    0.52037E+03
    0.13231E-03    0.53041E+03
    0.13499E-03    0.54065E+03
    0.13771E-03    0.55109E+03
    0.14049E-03    0.56172E+03
    0.14333E-03    0.57255E+03
    0.14623E-03    0.58360E+03
    0.14918E-03    0.59485E+03
    0.15220E-03    0.60632E+03
    0.15527E-03    0.61801E+03
    0.15841E-03    0.62992E+03
    0.16161E-03    0.64205E+03
    0.16487E-03    0.65442E+03
    0.16820E-03    0.66702E+03
    0.17160E-03    0.67987E+03
    0.17507E-03    0.69295E+03
    0.17860E-03    0.70629E+03
    0.18221E-03    0.71987E+03
    0.18589E-03    0.73372E+03
    0.18965E-03    0.74782E+03
    0.19348E-03    0.76220E+03
    0.19739E-03    0.77684E+03
    0.20138E-03    0.79176E+03
    0.20544E-03    0.80697E+03
    0.20959E-03    0.82246E+03
    0.21383E-03    0.83824E+03
    0.21815E-03    0.85432E+03
    0.22255E-03    0.87070E+03
    0.22705E-03    0.88738E+03
    0.23164E-03    0.90438E+03
    0.23632E-03    0.92170E+03
    0.24109E-03    0.93935E+03
    0.24596E-03    0.95732E+03
    0.25093E-03    0.97563E+03
    0.25600E-03    0.99428E+03
    0.26117E-03    0.10133E+04
    0.26645E-03    0.10326E+04
    0.27183E-03    0.10523E+04
    0.27732E-03    0.10724E+04
    0.28292E-03    0.10929E+04
    0.28864E-03    0.11137E+04
    0.29447E-03    0.11349E+04
    0.30042E-03    0.11565E+04
    0.30649E-03    0.11785E+04
    0.31268E-03    0.12009E+04
    0.31899E-03    0.12237E+04
    0.32544E-03    0.12470E+04
    0.33201E-03    0.12706E+04
    0.33872E-03    0.12947E+04
    0.34556E-03    0.13193E+04
    0.35254E-03    0.13443E+04
    0.35966E-03    0.13697E+04
    0.36693E-03    0.13956E+04
    0.37434E-03    0.14220E+04
    0.38190E-03    0.14489E+04
    0.38962E-03    0.14762E+04
    0.39749E-03    0.15041E+04
    0.40552E-03    0.15325E+04
    0.41371E-03    0.15613E+04
    0.42207E-03    0.15907E+04
    0.43060E-03    0.16207E+04
    0.43929E-03    0.16511E+04
    0.44817E-03    0.16822E+04
    0.45722E-03    0.17138E+04
    0.46646E-03    0.17459E+04
    0.47588E-03    0.17787E+04
    0.48550E-03    0.18120E+04
    0.49530E-03    0.18459E+04
    0.50531E-03    0.18805E+04
    0.51552E-03    0.19157E+04
    0.52593E-03    0.19515E+04
    0.53656E-03    0.19880E+04
    0.54739E-03    0.20251E+04
    0.55845E-03    0.20629E+04
    0.56973E-03    0.21014E+04
    0.58124E-03    0.21406E+04
    0.59299E-03    0.21805E+04
    0.60496E-03    0.22212E+04
    0.61719E-03    0.22626E+04
    0.62965E-03    0.23047E+04
    0.64237E-03    0.23476E+04
    0.65535E-03    0.23914E+04
    0.66859E-03    0.24359E+04
    0.68210E-03    0.24812E+04
    0.69588E-03    0.25274E+04
    0.70993E-03    0.25744E+04
    0.72427E-03    0.26223E+04
    0.73891E-03    0.26711E+04
    0.75383E-03    0.27208E+04
    0.76906E-03    0.27715E+04
    0.78460E-03    0.28230E+04
    0.80045E-03    0.28756E+04
    0.81662E-03    0.29291E+04
    0.83311E-03    0.29836E+04
    0.84994E-03    0.30391E+04
    0.86711E-03    0.30956E+04
    0.88463E-03    0.31532E+04
    0.90250E-03    0.32119E+04
    0.92073E-03    0.32716E+04
    0.93933E-03    0.33325E+04
    0.95831E-03    0.33944E+04
    0.97767E-03    0.34575E+04
    0.99742E-03    0.35218E+04
    0.10176E-02    0.35872E+04
    0.10381E-02    0.36538E+04
    0.10591E-02    0.37216E+04
    0.10805E-02    0.37906E+04
    0.11023E-02    0.38608E+04
    0.11246E-02    0.39323E+04
    0.11473E-02    0.40051E+04
    0.11705E-02    0.40791E+04
    0.11941E-02    0.41544E+04
    0.12182E-02    0.42310E+04
    0.12429E-02    0.43090E+04
    0.12680E-02    0.43883E+04
    0.12936E-02    0.44689E+04
    0.13197E-02    0.45509E+04
    0.13464E-02    0.46343E+04
    0.13736E-02    0.47191E+04
    0.14013E-02    0.48054E+04
    0.14296E-02    0.48931E+04
    0.14585E-02    0.49823E+04
    0.14880E-02    0.50729E+04
    0.15180E-02    0.51651E+04
    0.15487E-02    0.52588E+04
    0.15800E-02    0.53540E+04
    0.16119E-02    0.54509E+04
    0.16445E-02    0.55493E+04
    0.16777E-02    0.56493E+04
    0.17116E-02    0.57509E+04
    0.17462E-02    0.58542E+04
    0.17814E-02    0.59592E+04
    0.18174E-02    0.60658E+04
    0.18541E-02    0.61741E+04
    0.18916E-02    0.62841E+04
    0.19298E-02    0.63958E+04
    0.19688E-02    0.65092E+04
    0.20086E-02    0.66244E+04
    0.20491E-02    0.67413E+04
    0.20905E-02    0.68600E+04
    0.21328E-02    0.69805E+04
    0.21758E-02    0.71028E+04
    0.22198E-02    0.72269E+04
    0.22646E-02    0.73528E+04
    0.23104E-02    0.74806E+04
    0.23571E-02    0.76102E+04
    0.24047E-02    0.77416E+04
    0.24533E-02    0.78750E+04
    0.25028E-02    0.80102E+04
    0.25534E-02    0.81473E+04
    0.26050E-02    0.82863E+04
    0.26576E-02    0.84271E+04
    0.27113E-02    0.85699E+04
    0.27660E-02    0.87146E+04
    0.28219E-02    0.88612E+04
    0.28789E-02    0.90096E+04
    0.29371E-02    0.91600E+04
    0.29964E-02    0.93123E+04
    0.30569E-02    0.94665E+04
    0.31187E-02    0.96227E+04
    0.31817E-02    0.97807E+04
    0.32460E-02    0.99406E+04
    0.33115E-02    0.10102E+05
    0.33784E-02    0.10266E+05
    0.34467E-02    0.10432E+05
    0.35163E-02    0.10599E+05
    0.35874E-02    0.10768E+05
    0.36598E-02    0.10939E+05
    0.37338E-02    0.11112E+05
    0.38092E-02    0.11287E+05
    0.38861E-02    0.11464E+05
    0.39646E-02    0.11642E+05
    0.40447E-02    0.11822E+05
    0.41264E-02    0.12003E+05
    0.42098E-02    0.12187E+05
    0.42948E-02    0.12372E+05
    0.43816E-02    0.12558E+05
    0.44701E-02    0.12747E+05
    0.45604E-02    0.12936E+05
    0.46525E-02    0.13128E+05
    0.47465E-02    0.13320E+05
    0.48424E-02    0.13514E+05
    0.49402E-02    0.13710E+05
    0.50400E-02    0.13906E+05
    0.51419E-02    0.14104E+05
    0.52457E-02    0.14304E+05
    0.53517E-02    0.14504E+05
    0.54598E-02    0.14705E+05
    0.55701E-02    0.14908E+05
    0.56826E-02    0.15111E+05
    0.57974E-02    0.15315E+05
    0.59145E-02    0.15520E+05
    0.60340E-02    0.15726E+05
    0.61559E-02    0.15932E+05
    0.62803E-02    0.16139E+05
    0.64072E-02    0.16346E+05
    0.65366E-02    0.16554E+05
    0.66686E-02    0.16762E+05
    0.68033E-02    0.16970E+05
    0.69408E-02    0.17178E+05
    0.70810E-02    0.17386E+05
    0.72240E-02    0.17594E+05
    0.73700E-02    0.17801E+05
    0.75189E-02    0.18008E+05
    0.76708E-02    0.18215E+05
    0.78257E-02    0.18421E+05
    0.79838E-02    0.18626E+05
    0.81451E-02    0.18830E+05
    0.83096E-02    0.19033E+05
    0.84775E-02    0.19234E+05
    0.86488E-02    0.19434E+05
    0.88235E-02    0.19633E+05
    0.90017E-02    0.19830E+05
    0.91836E-02    0.20025E+05
    0.93691E-02    0.20217E+05
    0.95583E-02    0.20408E+05
    0.97514E-02    0.20596E+05
    0.99484E-02    0.20781E+05
    0.10149E-01    0.20964E+05
    0.10354E-01    0.21143E+05
    0.10564E-01    0.21319E+05
    0.10777E-01    0.21492E+05
    0.10995E-01    0.21661E+05
    0.11217E-01    0.21826E+05
    0.11443E-01    0.21987E+05
    0.11675E-01    0.22143E+05
    0.11910E-01    0.22295E+05
    0.12151E-01    0.22443E+05
    0.12397E-01    0.22585E+05
    0.12647E-01    0.22721E+05
    0.12902E-01    0.22852E+05
    0.13163E-01    0.22977E+05
    0.13429E-01    0.23096E+05
    0.13700E-01    0.23209E+05
    0.13977E-01    0.23315E+05
    0.14259E-01    0.23415E+05
    0.14547E-01    0.23508E+05
    0.14841E-01    0.23594E+05
    0.15141E-01    0.23671E+05
    0.15447E-01    0.23740E+05
    0.15759E-01    0.23799E+05
    0.16077E-01    0.23849E+05
    0.16402E-01    0.23890E+05
    0.16734E-01    0.23924E+05
    0.17072E-01    0.23952E+05
    0.17416E-01    0.23975E+05
    0.17768E-01    0.23994E+05
    0.18127E-01    0.24006E+05
    0.18493E-01    0.24009E+05
    0.18867E-01    0.24001E+05
    0.19248E-01    0.23980E+05
    0.19637E-01    0.23944E+05
    0.20034E-01    0.23893E+05
    0.20438E-01    0.23828E+05
    0.20851E-01    0.23748E+05
    0.21272E-01    0.23655E+05
    0.21702E-01    0.23548E+05
    0.22141E-01    0.23429E+05
    0.22588E-01    0.23298E+05
    0.23044E-01    0.23157E+05
    0.23510E-01    0.23006E+05
    0.23985E-01    0.22846E+05
    0.24469E-01    0.22677E+05
    0.24964E-01    0.22499E+05
    0.25468E-01    0.22312E+05
    0.25982E-01    0.22115E+05
    0.26507E-01    0.21910E+05
    0.27043E-01    0.21695E+05
    0.27589E-01    0.21469E+05
    0.28146E-01    0.21233E+05
    0.28715E-01    0.20987E+05
    0.29295E-01    0.20730E+05
    0.29887E-01    0.20463E+05
    0.30490E-01    0.20188E+05
    0.31106E-01    0.19903E+05
    0.31735E-01    0.19612E+05
    0.32376E-01    0.19313E+05
    0.33030E-01    0.19009E+05
    0.33697E-01    0.18701E+05
    0.34378E-01    0.18389E+05
    0.35072E-01    0.18075E+05
    0.35781E-01    0.17759E+05
    0.36504E-01    0.17442E+05
    0.37241E-01    0.17125E+05
    0.37993E-01    0.16808E+05
    0.38761E-01    0.16493E+05
    0.39544E-01    0.16180E+05
    0.40343E-01    0.15869E+05
    0.41158E-01    0.15561E+05
    0.41989E-01    0.15257E+05
    0.42838E-01    0.14957E+05
    0.43703E-01    0.14663E+05
    0.44586E-01    0.14374E+05
    0.45486E-01    0.14093E+05
    0.46405E-01    0.13821E+05
    0.47343E-01    0.13558E+05
    0.48299E-01    0.13305E+05
    0.49275E-01    0.13063E+05
    0.50270E-01    0.12830E+05
    0.51286E-01    0.12608E+05
    0.52322E-01    0.12396E+05
    0.53379E-01    0.12193E+05
    0.54457E-01    0.12000E+05
    0.55557E-01    0.11815E+05
    0.56680E-01    0.11638E+05
    0.57825E-01    0.11468E+05
    0.58993E-01    0.11305E+05
    0.60184E-01    0.11148E+05
    0.61400E-01    0.10997E+05
    0.62641E-01    0.10850E+05
    0.63906E-01    0.10705E+05
    0.65197E-01    0.10563E+05
    0.66514E-01    0.10421E+05
    0.67858E-01    0.10278E+05
    0.69229E-01    0.10131E+05
    0.70627E-01    0.99791E+04
    0.72054E-01    0.98205E+04
    0.73510E-01    0.96561E+04
    0.74994E-01    0.94871E+04
    0.76509E-01    0.93138E+04
    0.78055E-01    0.91328E+04
    0.79632E-01    0.89399E+04
    0.81241E-01    0.87321E+04
    0.82882E-01    0.85112E+04
    0.84556E-01    0.82802E+04
    0.86264E-01    0.80418E+04
    0.88007E-01    0.77972E+04
    0.89785E-01    0.75475E+04
    0.91598E-01    0.72943E+04
    0.93449E-01    0.70400E+04
    0.95337E-01    0.67868E+04
    0.97263E-01    0.65370E+04
    0.99227E-01    0.62932E+04
    0.10123E+00    0.60577E+04
    0.10328E+00    0.58330E+04
    0.10536E+00    0.56213E+04
    0.10749E+00    0.54244E+04
    0.10966E+00    0.52437E+04
    0.11188E+00    0.50802E+04
    0.11414E+00    0.49339E+04
    0.11644E+00    0.48040E+04
    0.11880E+00    0.46894E+04
    0.12120E+00    0.45880E+04
    0.12365E+00    0.44973E+04
    0.12614E+00    0.44147E+04
    0.12869E+00    0.43370E+04
    0.13129E+00    0.42614E+04
    0.13394E+00    0.41845E+04
    0.13665E+00    0.41036E+04
    0.13941E+00    0.40159E+04
    0.14223E+00    0.39194E+04
    0.14510E+00    0.38128E+04
    0.14803E+00    0.36959E+04
    0.15102E+00    0.35696E+04
    0.15407E+00    0.34355E+04
    0.15718E+00    0.32961E+04
    0.16036E+00    0.31545E+04
    0.16360E+00    0.30140E+04
    0.16690E+00    0.28782E+04
    0.17028E+00    0.27505E+04
    0.17371E+00    0.26338E+04
    0.17722E+00    0.25302E+04
    0.18080E+00    0.24404E+04
    0.18446E+00    0.23638E+04
    0.18818E+00    0.22986E+04
    0.19198E+00    0.22423E+04
    0.19586E+00    0.21917E+04
    0.19982E+00    0.21437E+04
    0.20386E+00    0.20948E+04
    0.20797E+00    0.20420E+04
    0.21218E+00    0.19829E+04
    0.21646E+00    0.19167E+04
    0.22083E+00    0.18439E+04
    0.22530E+00    0.17666E+04
    0.22985E+00    0.16876E+04
    0.23449E+00    0.16099E+04
    0.23923E+00    0.15365E+04
    0.24406E+00    0.14699E+04
    0.24899E+00    0.14114E+04
    0.25402E+00    0.13612E+04
    0.25915E+00    0.13181E+04
    0.26439E+00    0.12802E+04
    0.26973E+00    0.12448E+04
    0.27518E+00    0.12091E+04
    0.28074E+00    0.11709E+04
    0.28641E+00    0.11291E+04
    0.29219E+00    0.10844E+04
    0.29810E+00    0.10380E+04
    0.30412E+00    0.99175E+03
    0.31026E+00    0.94772E+03
    0.31653E+00    0.90766E+03
    0.32292E+00    0.87227E+03
    0.32945E+00    0.84105E+03
    0.33610E+00    0.81274E+03
    0.34289E+00    0.78578E+03
    0.34982E+00    0.75863E+03
    0.35689E+00    0.73028E+03
    0.36409E+00    0.70078E+03
    0.37145E+00    0.67098E+03
    0.37895E+00    0.64200E+03
    0.38661E+00    0.61488E+03
    0.39442E+00    0.59014E+03
    0.40239E+00    0.56760E+03
    0.41052E+00    0.54655E+03
    0.41881E+00    0.52614E+03
    0.42727E+00    0.50569E+03
    0.43590E+00    0.48505E+03
    0.44471E+00    0.46463E+03
    0.45369E+00    0.44495E+03
    0.46286E+00    0.42644E+03
    0.47221E+00    0.40924E+03
    0.48174E+00    0.39302E+03
    0.49148E+00    0.37740E+03
    0.50141E+00    0.36209E+03
    0.51153E+00    0.34698E+03
    0.52187E+00    0.33234E+03
    0.53241E+00    0.31835E+03
    0.54317E+00    0.30511E+03
    0.55414E+00    0.29256E+03
    0.56533E+00    0.28048E+03
    0.57675E+00    0.26877E+03
    0.58840E+00    0.25739E+03
    0.60029E+00    0.24646E+03
    0.61242E+00    0.23602E+03
    0.62479E+00    0.22606E+03
    0.63741E+00    0.21651E+03
    0.65029E+00    0.20731E+03
    0.66342E+00    0.19846E+03
    0.67683E+00    0.18995E+03
    0.69050E+00    0.18179E+03
    0.70445E+00    0.17397E+03
    0.71868E+00    0.16647E+03
    0.73320E+00    0.15928E+03
    0.74801E+00    0.15238E+03
    0.76312E+00    0.14577E+03
    0.77854E+00    0.13943E+03
    0.79426E+00    0.13336E+03
    0.81031E+00    0.12753E+03
    0.82668E+00    0.12195E+03
    0.84338E+00    0.11660E+03
    0.86041E+00    0.11147E+03
    0.87780E+00    0.10656E+03
    0.89553E+00    0.10186E+03
    0.91362E+00    0.97349E+02
    0.93208E+00    0.93033E+02
    0.95091E+00    0.88900E+02
    0.97011E+00    0.84943E+02
    0.98971E+00    0.81154E+02
    0.10097E+01    0.77527E+02
    0.10301E+01    0.74056E+02
    0.10509E+01    0.70734E+02
    0.10721E+01    0.67554E+02
    0.10938E+01    0.64512E+02
    0.11159E+01    0.61602E+02
    0.11384E+01    0.58818E+02
    0.11614E+01    0.56155E+02
    0.11849E+01    0.53608E+02
    0.12088E+01    0.51172E+02
    0.12333E+01    0.48843E+02
    0.12582E+01    0.46616E+02
    0.12836E+01    0.44488E+02
    0.13095E+01    0.42453E+02
    0.13360E+01    0.40508E+02
    0.13630E+01    0.38650E+02
    0.13905E+01    0.36873E+02
    0.14186E+01    0.35176E+02
    0.14472E+01    0.33555E+02
    0.14765E+01    0.32006E+02
    0.15063E+01    0.30526E+02
    0.15367E+01    0.29113E+02
    0.15678E+01    0.27762E+02
    0.15994E+01    0.26473E+02
    0.16318E+01    0.25241E+02
    0.16647E+01    0.24065E+02
    0.16984E+01    0.22942E+02
    0.17327E+01    0.21870E+02
    0.17677E+01    0.20846E+02
    0.18034E+01    0.19868E+02
    0.18398E+01    0.18935E+02
    0.18770E+01    0.18044E+02
    0.19149E+01    0.17194E+02
    0.19536E+01    0.16383E+02
    0.19930E+01    0.15608E+02
    0.20333E+01    0.14869E+02
    0.20744E+01    0.14164E+02
    0.21163E+01    0.13492E+02
    0.21590E+01    0.12850E+02
    0.22026E+01    0.12238E+02
    0.22471E+01    0.11655E+02
    0.22925E+01    0.11099E+02
    0.23388E+01    0.10569E+02
    0.23861E+01    0.10065E+02
    0.24343E+01    0.95833E+01
    0.24835E+01    0.91249E+01
    0.25336E+01    0.86882E+01
    0.25848E+01    0.82722E+01
    0.26370E+01    0.78760E+01
    0.26903E+01    0.74987E+01
    0.27447E+01    0.71395E+01
