  0.107464E-04  0.203158E+08  0.203158E+08  0.270736E+08  0.270733E+08  0.000000E+00  0.203158E+08  0.203158E+08  0.203238E+08 -0.479309E+00  0.110736E+08  0.110736E+08  0.557037E+01
  0.118675E-04  0.203158E+08  0.203158E+08  0.270705E+08  0.270701E+08  0.000000E+00  0.203158E+08  0.203158E+08  0.203238E+08 -0.479309E+00  0.110736E+08  0.110736E+08  0.615128E+01
  0.131055E-04  0.203158E+08  0.203158E+08  0.270667E+08  0.270662E+08  0.000000E+00  0.203158E+08  0.203158E+08  0.203238E+08 -0.479308E+00  0.110736E+08  0.110736E+08  0.679272E+01
  0.144727E-04  0.203158E+08  0.203158E+08  0.270621E+08  0.270615E+08  0.000000E+00  0.203158E+08  0.203158E+08  0.203238E+08 -0.479308E+00  0.110736E+08  0.110736E+08  0.750099E+01
  0.159825E-04  0.203158E+08  0.203158E+08  0.270565E+08  0.270557E+08  0.000000E+00  0.203158E+08  0.203158E+08  0.203238E+08 -0.479308E+00  0.110736E+08  0.110736E+08  0.828301E+01
  0.176498E-04  0.203158E+08  0.203158E+08  0.270496E+08  0.270487E+08  0.000000E+00  0.203158E+08  0.203158E+08  0.203238E+08 -0.479307E+00  0.110736E+08  0.110736E+08  0.914645E+01
  0.194911E-04  0.203157E+08  0.203157E+08  0.270412E+08  0.270401E+08  0.000000E+00  0.203157E+08  0.203157E+08  0.203238E+08 -0.479307E+00  0.110736E+08  0.110736E+08  0.100997E+02
  0.215244E-04  0.203157E+08  0.203157E+08  0.270310E+08  0.270296E+08  0.000000E+00  0.203157E+08  0.203157E+08  0.203237E+08 -0.479306E+00  0.110735E+08  0.110735E+08  0.111522E+02
  0.237698E-04  0.203157E+08  0.203157E+08  0.270185E+08  0.270169E+08  0.000000E+00  0.203157E+08  0.203157E+08  0.203237E+08 -0.479306E+00  0.110735E+08  0.110735E+08  0.123140E+02
  0.262495E-04  0.203157E+08  0.203157E+08  0.270034E+08  0.270014E+08  0.000000E+00  0.203157E+08  0.203157E+08  0.203237E+08 -0.479305E+00  0.110735E+08  0.110735E+08  0.135965E+02
  0.289879E-04  0.203156E+08  0.203156E+08  0.269849E+08  0.269824E+08  0.000000E+00  0.203156E+08  0.203156E+08  0.203236E+08 -0.479304E+00  0.110735E+08  0.110735E+08  0.150120E+02
  0.320120E-04  0.203156E+08  0.203156E+08  0.269623E+08  0.269593E+08  0.000000E+00  0.203156E+08  0.203156E+08  0.203236E+08 -0.479302E+00  0.110735E+08  0.110735E+08  0.165742E+02
  0.353515E-04  0.203155E+08  0.203155E+08  0.269349E+08  0.269312E+08  0.000000E+00  0.203155E+08  0.203155E+08  0.203235E+08 -0.479301E+00  0.110734E+08  0.110734E+08  0.182980E+02
  0.390394E-04  0.203155E+08  0.203155E+08  0.269014E+08  0.268969E+08  0.000000E+00  0.203155E+08  0.203155E+08  0.203234E+08 -0.479299E+00  0.110734E+08  0.110734E+08  0.201998E+02
  0.431120E-04  0.203154E+08  0.203154E+08  0.268607E+08  0.268552E+08  0.000000E+00  0.203154E+08  0.203154E+08  0.203233E+08 -0.479296E+00  0.110734E+08  0.110734E+08  0.222976E+02
  0.476095E-04  0.203153E+08  0.203153E+08  0.268110E+08  0.268044E+08  0.000000E+00  0.203153E+08  0.203153E+08  0.203232E+08 -0.479293E+00  0.110733E+08  0.110733E+08  0.246109E+02
  0.525762E-04  0.203152E+08  0.203152E+08  0.267506E+08  0.267426E+08  0.000000E+00  0.203152E+08  0.203152E+08  0.203231E+08 -0.479290E+00  0.110732E+08  0.110732E+08  0.271612E+02
  0.580610E-04  0.203150E+08  0.203150E+08  0.266771E+08  0.266673E+08  0.000000E+00  0.203150E+08  0.203150E+08  0.203229E+08 -0.479285E+00  0.110732E+08  0.110732E+08  0.299716E+02
  0.641180E-04  0.203149E+08  0.203148E+08  0.265878E+08  0.265758E+08  0.000000E+00  0.203148E+08  0.203148E+08  0.203227E+08 -0.479280E+00  0.110731E+08  0.110731E+08  0.330672E+02
  0.708068E-04  0.203146E+08  0.203146E+08  0.264792E+08  0.264646E+08  0.000000E+00  0.203146E+08  0.203146E+08  0.203225E+08 -0.479274E+00  0.110729E+08  0.110729E+08  0.364750E+02
  0.781935E-04  0.203144E+08  0.203143E+08  0.263472E+08  0.263296E+08  0.000000E+00  0.203144E+08  0.203144E+08  0.203222E+08 -0.479266E+00  0.110728E+08  0.110728E+08  0.402240E+02
  0.863507E-04  0.203141E+08  0.203140E+08  0.261872E+08  0.261658E+08  0.000000E+00  0.203141E+08  0.203141E+08  0.203218E+08 -0.479256E+00  0.110726E+08  0.110726E+08  0.443448E+02
  0.953589E-04  0.203137E+08  0.203136E+08  0.259932E+08  0.259673E+08  0.000000E+00  0.203137E+08  0.203137E+08  0.203214E+08 -0.479245E+00  0.110724E+08  0.110724E+08  0.488695E+02
  0.105307E-03  0.203132E+08  0.203131E+08  0.257585E+08  0.257271E+08  0.000000E+00  0.203132E+08  0.203132E+08  0.203208E+08 -0.479230E+00  0.110721E+08  0.110721E+08  0.538316E+02
  0.116293E-03  0.203126E+08  0.203126E+08  0.254749E+08  0.254369E+08  0.000000E+00  0.203126E+08  0.203126E+08  0.203201E+08 -0.479213E+00  0.110718E+08  0.110718E+08  0.592648E+02
  0.128424E-03  0.203119E+08  0.203118E+08  0.251329E+08  0.250870E+08  0.000000E+00  0.203119E+08  0.203119E+08  0.203193E+08 -0.479192E+00  0.110714E+08  0.110714E+08  0.652028E+02
  0.141822E-03  0.203111E+08  0.203110E+08  0.247215E+08  0.246663E+08  0.000000E+00  0.203110E+08  0.203110E+08  0.203184E+08 -0.479167E+00  0.110710E+08  0.110709E+08  0.716772E+02
  0.156617E-03  0.203100E+08  0.203099E+08  0.242284E+08  0.241620E+08  0.000000E+00  0.203100E+08  0.203100E+08  0.203172E+08 -0.479136E+00  0.110704E+08  0.110704E+08  0.787166E+02
  0.172955E-03  0.203088E+08  0.203086E+08  0.236392E+08  0.235598E+08  0.000000E+00  0.203087E+08  0.203087E+08  0.203157E+08 -0.479098E+00  0.110697E+08  0.110696E+08  0.863435E+02
  0.190998E-03  0.203072E+08  0.203071E+08  0.229388E+08  0.228441E+08  0.000000E+00  0.203072E+08  0.203072E+08  0.203140E+08 -0.479053E+00  0.110688E+08  0.110688E+08  0.945714E+02
  0.210923E-03  0.203053E+08  0.203051E+08  0.221106E+08  0.219983E+08  0.000000E+00  0.203053E+08  0.203053E+08  0.203118E+08 -0.478998E+00  0.110678E+08  0.110677E+08  0.103401E+03
  0.232927E-03  0.203031E+08  0.203028E+08  0.211383E+08  0.210059E+08  0.000000E+00  0.203030E+08  0.203030E+08  0.203093E+08 -0.478932E+00  0.110665E+08  0.110665E+08  0.112813E+03
  0.257226E-03  0.203003E+08  0.203000E+08  0.200065E+08  0.198516E+08  0.000000E+00  0.203003E+08  0.203003E+08  0.203062E+08 -0.478852E+00  0.110650E+08  0.110649E+08  0.122766E+03
  0.284060E-03  0.202970E+08  0.202967E+08  0.187029E+08  0.185234E+08  0.000000E+00  0.202969E+08  0.202969E+08  0.203025E+08 -0.478756E+00  0.110632E+08  0.110631E+08  0.133182E+03
  0.313693E-03  0.202930E+08  0.202926E+08  0.172210E+08  0.170155E+08  0.000000E+00  0.202929E+08  0.202929E+08  0.202980E+08 -0.478640E+00  0.110609E+08  0.110608E+08  0.143945E+03
  0.346418E-03  0.202881E+08  0.202876E+08  0.155637E+08  0.153316E+08  0.000000E+00  0.202880E+08  0.202880E+08  0.202926E+08 -0.478502E+00  0.110583E+08  0.110581E+08  0.154886E+03
  0.382557E-03  0.202823E+08  0.202817E+08  0.137475E+08  0.134900E+08  0.000000E+00  0.202822E+08  0.202822E+08  0.202862E+08 -0.478338E+00  0.110550E+08  0.110548E+08  0.165777E+03
  0.422466E-03  0.202752E+08  0.202745E+08  0.118074E+08  0.115278E+08  0.000000E+00  0.202751E+08  0.202751E+08  0.202786E+08 -0.478143E+00  0.110511E+08  0.110509E+08  0.176322E+03
  0.466538E-03  0.202668E+08  0.202659E+08  0.980063E+07  0.950532E+07  0.000000E+00  0.202666E+08  0.202666E+08  0.202695E+08 -0.477912E+00  0.110464E+08  0.110462E+08  0.186159E+03
  0.515207E-03  0.202567E+08  0.202557E+08  0.780876E+07  0.750736E+07  0.000000E+00  0.202565E+08  0.202565E+08  0.202588E+08 -0.477642E+00  0.110408E+08  0.110405E+08  0.194864E+03
  0.568954E-03  0.202447E+08  0.202435E+08  0.593416E+07  0.563959E+07  0.000000E+00  0.202445E+08  0.202445E+08  0.202462E+08 -0.477325E+00  0.110342E+08  0.110338E+08  0.201971E+03
  0.628308E-03  0.202305E+08  0.202291E+08  0.428893E+07  0.401653E+07  0.000000E+00  0.202302E+08  0.202302E+08  0.202315E+08 -0.476957E+00  0.110263E+08  0.110259E+08  0.207008E+03
  0.693854E-03  0.202136E+08  0.202121E+08  0.297380E+07  0.273918E+07  0.000000E+00  0.202134E+08  0.202134E+08  0.202142E+08 -0.476530E+00  0.110169E+08  0.110165E+08  0.209548E+03
  0.766238E-03  0.201938E+08  0.201921E+08  0.204802E+07  0.186376E+07  0.000000E+00  0.201936E+08  0.201936E+08  0.201942E+08 -0.476037E+00  0.110060E+08  0.110055E+08  0.209272E+03
  0.846172E-03  0.201707E+08  0.201687E+08  0.149880E+07  0.137040E+07  0.000000E+00  0.201704E+08  0.201704E+08  0.201708E+08 -0.475470E+00  0.109932E+08  0.109926E+08  0.206031E+03
  0.934446E-03  0.201436E+08  0.201415E+08  0.122739E+07  0.115007E+07  0.000000E+00  0.201433E+08  0.201433E+08  0.201437E+08 -0.474817E+00  0.109783E+08  0.109777E+08  0.199888E+03
  0.103193E-02  0.201122E+08  0.201099E+08  0.107398E+07  0.103266E+07  0.000000E+00  0.201119E+08  0.201119E+08  0.201122E+08 -0.474066E+00  0.109610E+08  0.109604E+08  0.191105E+03
  0.113958E-02  0.200759E+08  0.200733E+08  0.890912E+06  0.865068E+06  0.000000E+00  0.200755E+08  0.200755E+08  0.200758E+08 -0.473201E+00  0.109410E+08  0.109404E+08  0.180096E+03
  0.125846E-02  0.200340E+08  0.200313E+08  0.633498E+06  0.605725E+06  0.000000E+00  0.200335E+08  0.200335E+08  0.200337E+08 -0.472205E+00  0.109180E+08  0.109174E+08  0.167344E+03
  0.138975E-02  0.199857E+08  0.199829E+08  0.387709E+06  0.350852E+06  0.000000E+00  0.199853E+08  0.199853E+08  0.199854E+08 -0.471062E+00  0.108916E+08  0.108910E+08  0.153368E+03
  0.153473E-02  0.199304E+08  0.199275E+08  0.266493E+06  0.223191E+06  0.000000E+00  0.199299E+08  0.199299E+08  0.199300E+08 -0.469752E+00  0.108614E+08  0.108607E+08  0.138760E+03
  0.169483E-02  0.198670E+08  0.198641E+08  0.250160E+06 -0.134428E+06  0.000000E+00  0.198666E+08  0.198666E+08  0.198666E+08 -0.468254E+00  0.108268E+08  0.108262E+08  0.124236E+03
  0.187164E-02  0.197948E+08  0.197919E+08  0.202038E+06 -0.109815E+06  0.000000E+00  0.197944E+08  0.197944E+08  0.197944E+08 -0.466549E+00  0.107874E+08  0.107868E+08  0.110559E+03
  0.206689E-02  0.197126E+08  0.197097E+08  0.100861E+06 -0.896633E+05  0.000000E+00  0.197122E+08  0.197122E+08  0.197122E+08 -0.464611E+00  0.107426E+08  0.107420E+08  0.983129E+02
  0.228251E-02  0.196194E+08  0.196165E+08  0.685081E+05 -0.731686E+05  0.000000E+00  0.196190E+08  0.196190E+08  0.196190E+08 -0.462412E+00  0.106917E+08  0.106911E+08  0.877713E+02
  0.252062E-02  0.195141E+08  0.195110E+08  0.733453E+05 -0.596710E+05  0.000000E+00  0.195136E+08  0.195136E+08  0.195136E+08 -0.459926E+00  0.106342E+08  0.106336E+08  0.789360E+02
  0.278358E-02  0.193952E+08  0.193920E+08  0.332778E+05 -0.486286E+05  0.000000E+00  0.193947E+08  0.193947E+08  0.193947E+08 -0.457124E+00  0.105694E+08  0.105688E+08  0.715213E+02
  0.307396E-02  0.192617E+08  0.192583E+08  0.331887E+05 -0.395984E+05  0.000000E+00  0.192611E+08  0.192611E+08  0.192611E+08 -0.453974E+00  0.104966E+08  0.104960E+08  0.649982E+02
  0.339464E-02  0.191120E+08  0.191084E+08  0.159828E+05 -0.322167E+05  0.000000E+00  0.191115E+08  0.191115E+08  0.191115E+08 -0.450446E+00  0.104150E+08  0.104144E+08  0.589185E+02
  0.374877E-02  0.189449E+08  0.189411E+08  0.111734E+05 -0.261855E+05  0.000000E+00  0.189443E+08  0.189443E+08  0.189443E+08 -0.446506E+00  0.103239E+08  0.103233E+08  0.530968E+02
  0.413985E-02  0.187589E+08  0.187548E+08  0.214450E+03 -0.212604E+05  0.000000E+00  0.187583E+08  0.187583E+08  0.187583E+08 -0.442121E+00  0.102225E+08  0.102219E+08  0.476815E+02
  0.457172E-02  0.185526E+08  0.185482E+08  0.529684E+04 -0.172411E+05  0.000000E+00  0.185519E+08  0.185519E+08  0.185519E+08 -0.437256E+00  0.101101E+08  0.101095E+08  0.428962E+02
  0.504865E-02  0.183244E+08  0.183196E+08  0.323343E+04 -0.139634E+05  0.000000E+00  0.183237E+08  0.183237E+08  0.183237E+08 -0.431877E+00  0.998567E+07  0.998509E+07  0.387366E+02
  0.557533E-02  0.180730E+08  0.180676E+08 -0.468693E+03 -0.112925E+05  0.000000E+00  0.180721E+08  0.180721E+08  0.180721E+08 -0.425948E+00  0.984859E+07  0.984801E+07  0.349781E+02
  0.615695E-02  0.177968E+08  0.177908E+08 -0.508852E+03 -0.911810E+04  0.000000E+00  0.177958E+08  0.177958E+08  0.177958E+08 -0.419435E+00  0.969800E+07  0.969742E+07  0.315081E+02
  0.679925E-02  0.174943E+08  0.174876E+08 -0.106672E+04 -0.734956E+04  0.000000E+00  0.174932E+08  0.174932E+08  0.174932E+08 -0.412303E+00  0.953309E+07  0.953251E+07  0.284057E+02
  0.750856E-02  0.171641E+08  0.171565E+08 -0.117391E+04 -0.591273E+04  0.000000E+00  0.171629E+08  0.171629E+08  0.171629E+08 -0.404517E+00  0.935307E+07  0.935249E+07  0.256661E+02
  0.829186E-02  0.168047E+08  0.167961E+08 -0.135102E+04 -0.474680E+04  0.000000E+00  0.168034E+08  0.168034E+08  0.168034E+08 -0.396043E+00  0.915713E+07  0.915656E+07  0.231913E+02
  0.915687E-02  0.164147E+08  0.164048E+08 -0.744761E+03 -0.380194E+04  0.000000E+00  0.164132E+08  0.164132E+08  0.164132E+08 -0.386846E+00  0.894449E+07  0.894392E+07  0.209819E+02
  0.101121E-01  0.159927E+08  0.159813E+08 -0.765393E+03 -0.303734E+04  0.000000E+00  0.159909E+08  0.159909E+08  0.159909E+08 -0.376894E+00  0.871437E+07  0.871379E+07  0.190200E+02
  0.111670E-01  0.155372E+08  0.155241E+08 -0.750481E+03 -0.241961E+04  0.000000E+00  0.155351E+08  0.155351E+08  0.155351E+08 -0.366152E+00  0.846600E+07  0.846543E+07  0.172715E+02
  0.123320E-01  0.150469E+08  0.150318E+08 -0.107972E+04 -0.192141E+04  0.000000E+00  0.150446E+08  0.150446E+08  0.150446E+08 -0.354589E+00  0.819866E+07  0.819808E+07  0.157185E+02
  0.136185E-01  0.145207E+08  0.145033E+08 -0.846934E+03 -0.152040E+04  0.000000E+00  0.145180E+08  0.145180E+08  0.145180E+08 -0.342178E+00  0.791169E+07  0.791111E+07  0.143408E+02
  0.150392E-01  0.139575E+08  0.139374E+08 -0.721148E+03 -0.119832E+04  0.000000E+00  0.139543E+08  0.139543E+08  0.139543E+08 -0.328894E+00  0.760455E+07  0.760396E+07  0.131148E+02
  0.166081E-01  0.133568E+08  0.133337E+08 -0.473240E+03 -0.940285E+03  0.000000E+00  0.133532E+08  0.133532E+08  0.133532E+08 -0.314724E+00  0.727693E+07  0.727633E+07  0.120227E+02
  0.183406E-01  0.127378E+08  0.127114E+08 -0.470969E+03 -0.735261E+03  0.000000E+00  0.127336E+08  0.127336E+08  0.127336E+08 -0.300123E+00  0.693932E+07  0.693872E+07  0.110501E+02
  0.202540E-01  0.120663E+08  0.120363E+08 -0.328498E+03 -0.571093E+03  0.000000E+00  0.120616E+08  0.120616E+08  0.120616E+08 -0.284283E+00  0.657308E+07  0.657247E+07  0.101560E+02
  0.223669E-01  0.113614E+08  0.113276E+08 -0.199380E+03 -0.440906E+03  0.000000E+00  0.113561E+08  0.113561E+08  0.113561E+08 -0.267654E+00  0.618862E+07  0.618799E+07  0.932778E+01
  0.247002E-01  0.106142E+08  0.105766E+08 -0.300258E+03 -0.337736E+03  0.000000E+00  0.106083E+08  0.106083E+08  0.106083E+08 -0.250029E+00  0.578110E+07  0.578046E+07  0.853554E+01
  0.272770E-01  0.985725E+07  0.981621E+07 -0.213734E+03 -0.257171E+03  0.000000E+00  0.985080E+07  0.985080E+07  0.985080E+07 -0.232176E+00  0.536832E+07  0.536768E+07  0.776773E+01
  0.301225E-01  0.909792E+07  0.905391E+07 -0.183189E+03 -0.194616E+03  0.000000E+00  0.909100E+07  0.909100E+07  0.909100E+07 -0.214268E+00  0.495426E+07  0.495363E+07  0.700160E+01
  0.332649E-01  0.833605E+07  0.829003E+07 -0.918188E+02 -0.146207E+03  0.000000E+00  0.832881E+07  0.832881E+07  0.832881E+07 -0.196304E+00  0.453890E+07  0.453828E+07  0.621470E+01
  0.367352E-01  0.759312E+07  0.754649E+07 -0.548631E+02 -0.109194E+03  0.000000E+00  0.758578E+07  0.758578E+07  0.758578E+07 -0.178791E+00  0.413398E+07  0.413339E+07  0.539935E+01
  0.405674E-01  0.689626E+07  0.685085E+07 -0.597846E+02 -0.813159E+02  0.000000E+00  0.688912E+07  0.688912E+07  0.688912E+07 -0.162371E+00  0.375433E+07  0.375377E+07  0.455954E+01
  0.447994E-01  0.626173E+07  0.621960E+07 -0.271967E+02 -0.605416E+02  0.000000E+00  0.625510E+07  0.625510E+07  0.625510E+07 -0.147428E+00  0.340881E+07  0.340831E+07  0.371120E+01
  0.492794E-01  0.572225E+07  0.568519E+07  0.100688E+03 -0.457248E+02  0.000000E+00  0.571642E+07  0.571642E+07  0.571642E+07 -0.134732E+00  0.311524E+07  0.311481E+07  0.291963E+01
  0.537593E-01  0.529775E+07  0.526656E+07  0.783386E+02 -0.355737E+02  0.000000E+00  0.529285E+07  0.529285E+07  0.529285E+07 -0.124748E+00  0.288441E+07  0.288404E+07  0.225479E+01
  0.582393E-01  0.495278E+07  0.492742E+07  0.624129E+02 -0.283402E+02  0.000000E+00  0.494879E+07  0.494879E+07  0.494879E+07 -0.116639E+00  0.269690E+07  0.269660E+07  0.172513E+01
  0.627192E-01  0.466122E+07  0.464095E+07  0.506548E+02 -0.229999E+02  0.000000E+00  0.465803E+07  0.465803E+07  0.465803E+07 -0.109786E+00  0.253844E+07  0.253819E+07  0.132964E+01
  0.671992E-01  0.439963E+07  0.438323E+07  0.416545E+02 -0.189125E+02  0.000000E+00  0.439705E+07  0.439705E+07  0.439705E+07 -0.103635E+00  0.239622E+07  0.239600E+07  0.105644E+01
  0.716791E-01  0.415176E+07  0.413779E+07  0.345502E+02 -0.156866E+02  0.000000E+00  0.414956E+07  0.414956E+07  0.414956E+07 -0.978022E-01  0.226135E+07  0.226115E+07  0.885750E+00
  0.761591E-01  0.390799E+07  0.389504E+07  0.288082E+02 -0.130797E+02  0.000000E+00  0.390595E+07  0.390595E+07  0.390595E+07 -0.920604E-01  0.212859E+07  0.212841E+07  0.792822E+00
  0.806390E-01  0.367170E+07  0.365862E+07  0.241413E+02 -0.109610E+02  0.000000E+00  0.366965E+07  0.366965E+07  0.366965E+07 -0.864909E-01  0.199981E+07  0.199963E+07  0.752421E+00
  0.851189E-01  0.343339E+07  0.341944E+07  0.202587E+02 -0.919855E+01  0.000000E+00  0.343120E+07  0.343120E+07  0.343120E+07 -0.808708E-01  0.186987E+07  0.186968E+07  0.738407E+00
  0.895989E-01  0.320417E+07  0.318906E+07  0.170606E+02 -0.774684E+01  0.000000E+00  0.320179E+07  0.320179E+07  0.320179E+07 -0.754639E-01  0.174486E+07  0.174466E+07  0.731581E+00
  0.940788E-01  0.299020E+07  0.297404E+07  0.144392E+02 -0.655682E+01  0.000000E+00  0.298766E+07  0.298766E+07  0.298766E+07 -0.704169E-01  0.162816E+07  0.162796E+07  0.717740E+00
  0.996415E-01  0.275402E+07  0.273720E+07  0.118537E+02 -0.538300E+01  0.000000E+00  0.275137E+07  0.275137E+07  0.275137E+07 -0.648478E-01  0.149940E+07  0.149920E+07  0.679499E+00
  0.105204E+00  0.255736E+07  0.254087E+07  0.987339E+01 -0.448377E+01  0.000000E+00  0.255476E+07  0.255476E+07  0.255476E+07 -0.602139E-01  0.139226E+07  0.139206E+07  0.615857E+00
  0.110767E+00  0.240136E+07  0.238615E+07  0.836352E+01 -0.379804E+01  0.000000E+00  0.239896E+07  0.239896E+07  0.239896E+07 -0.565418E-01  0.130735E+07  0.130717E+07  0.533856E+00
  0.116330E+00  0.227945E+07  0.226620E+07  0.719859E+01 -0.326888E+01  0.000000E+00  0.227736E+07  0.227736E+07  0.227736E+07 -0.536758E-01  0.124108E+07  0.124092E+07  0.445561E+00
  0.121892E+00  0.218034E+07  0.216925E+07  0.627237E+01 -0.284813E+01  0.000000E+00  0.217860E+07  0.217860E+07  0.217860E+07 -0.513479E-01  0.118725E+07  0.118712E+07  0.363486E+00
  0.127455E+00  0.209243E+07  0.208329E+07  0.550628E+01 -0.250014E+01  0.000000E+00  0.209099E+07  0.209099E+07  0.209099E+07 -0.492832E-01  0.113951E+07  0.113940E+07  0.297155E+00
  0.133018E+00  0.200644E+07  0.199869E+07  0.484809E+01 -0.220122E+01  0.000000E+00  0.200523E+07  0.200523E+07  0.200523E+07 -0.472617E-01  0.109277E+07  0.109267E+07  0.251194E+00
  0.138580E+00  0.191657E+07  0.190952E+07  0.426675E+01 -0.193725E+01  0.000000E+00  0.191546E+07  0.191546E+07  0.191546E+07 -0.451459E-01  0.104385E+07  0.104375E+07  0.225112E+00
  0.144143E+00  0.182127E+07  0.181430E+07  0.374757E+01 -0.170155E+01  0.000000E+00  0.182017E+07  0.182017E+07  0.182017E+07 -0.429001E-01  0.991922E+06  0.991830E+06  0.214477E+00
  0.149706E+00  0.172287E+07  0.171554E+07  0.328626E+01 -0.149215E+01  0.000000E+00  0.172172E+07  0.172172E+07  0.172172E+07 -0.405796E-01  0.938269E+06  0.938173E+06  0.212795E+00
  0.155268E+00  0.162574E+07  0.161787E+07  0.288244E+01 -0.130885E+01  0.000000E+00  0.162450E+07  0.162450E+07  0.162450E+07 -0.382883E-01  0.885291E+06  0.885192E+06  0.213453E+00
  0.160831E+00  0.153468E+07  0.152638E+07  0.253574E+01 -0.115147E+01  0.000000E+00  0.153337E+07  0.153337E+07  0.153337E+07 -0.361404E-01  0.835631E+06  0.835529E+06  0.211286E+00
  0.166394E+00  0.145394E+07  0.144549E+07  0.224423E+01 -0.101912E+01  0.000000E+00  0.145261E+07  0.145261E+07  0.145261E+07 -0.342370E-01  0.791620E+06  0.791518E+06  0.203465E+00
  0.171956E+00  0.138602E+07  0.137778E+07  0.200317E+01 -0.909656E+00  0.000000E+00  0.138473E+07  0.138473E+07  0.138473E+07 -0.326370E-01  0.754625E+06  0.754528E+06  0.189621E+00
  0.177519E+00  0.133062E+07  0.132292E+07  0.180452E+01 -0.819437E+00  0.000000E+00  0.132941E+07  0.132941E+07  0.132941E+07 -0.313332E-01  0.724479E+06  0.724388E+06  0.171320E+00
  0.183082E+00  0.128499E+07  0.127804E+07  0.163848E+01 -0.744014E+00  0.000000E+00  0.128390E+07  0.128390E+07  0.128390E+07 -0.302605E-01  0.699676E+06  0.699593E+06  0.151201E+00
  0.188645E+00  0.124543E+07  0.123928E+07  0.149590E+01 -0.679245E+00  0.000000E+00  0.124446E+07  0.124446E+07  0.124446E+07 -0.293310E-01  0.678183E+06  0.678109E+06  0.132074E+00
  0.194207E+00  0.120840E+07  0.120296E+07  0.136958E+01 -0.621869E+00  0.000000E+00  0.120754E+07  0.120754E+07  0.120754E+07 -0.284609E-01  0.658063E+06  0.657996E+06  0.116157E+00
  0.199770E+00  0.117098E+07  0.116605E+07  0.125436E+01 -0.569542E+00  0.000000E+00  0.117020E+07  0.117020E+07  0.117020E+07 -0.275809E-01  0.637716E+06  0.637653E+06  0.104622E+00
  0.205333E+00  0.113134E+07  0.112668E+07  0.114714E+01 -0.520856E+00  0.000000E+00  0.113060E+07  0.113060E+07  0.113060E+07 -0.266475E-01  0.616135E+06  0.616075E+06  0.974960E-01
  0.210895E+00  0.108922E+07  0.108460E+07  0.104691E+01 -0.475353E+00  0.000000E+00  0.108849E+07  0.108849E+07  0.108849E+07 -0.256549E-01  0.593185E+06  0.593125E+06  0.938797E-01
  0.216458E+00  0.104579E+07  0.104107E+07  0.954116E+00 -0.433229E+00  0.000000E+00  0.104505E+07  0.104505E+07  0.104505E+07 -0.246309E-01  0.569509E+06  0.569449E+06  0.923462E-01
  0.222021E+00  0.100290E+07  0.998037E+06  0.869657E+00 -0.394889E+00  0.000000E+00  0.100214E+07  0.100214E+07  0.100214E+07 -0.236196E-01  0.546127E+06  0.546066E+06  0.913827E-01
  0.227583E+00  0.962393E+06  0.957411E+06  0.794183E+00 -0.360626E+00  0.000000E+00  0.961610E+06  0.961610E+06  0.961610E+06 -0.226644E-01  0.524041E+06  0.523980E+06  0.897617E-01
  0.233146E+00  0.925677E+06  0.920679E+06  0.727836E+00 -0.330504E+00  0.000000E+00  0.924891E+06  0.924891E+06  0.924891E+06 -0.217990E-01  0.504031E+06  0.503970E+06  0.867730E-01
  0.238709E+00  0.893492E+06  0.888604E+06  0.670160E+00 -0.304315E+00  0.000000E+00  0.892723E+06  0.892723E+06  0.892723E+06 -0.210408E-01  0.486501E+06  0.486442E+06  0.822818E-01
  0.244271E+00  0.865746E+06  0.861085E+06  0.620123E+00 -0.281591E+00  0.000000E+00  0.865013E+06  0.865013E+06  0.865013E+06 -0.203877E-01  0.471400E+06  0.471344E+06  0.766362E-01
  0.249834E+00  0.841642E+06  0.837282E+06  0.576334E+00 -0.261703E+00  0.000000E+00  0.840956E+06  0.840956E+06  0.840956E+06 -0.198207E-01  0.458289E+06  0.458236E+06  0.704763E-01
  0.255397E+00  0.819962E+06  0.815925E+06  0.537322E+00 -0.243984E+00  0.000000E+00  0.819327E+06  0.819327E+06  0.819327E+06 -0.193109E-01  0.446502E+06  0.446452E+06  0.645109E-01
  0.260959E+00  0.799374E+06  0.795629E+06  0.501760E+00 -0.227832E+00  0.000000E+00  0.798785E+06  0.798785E+06  0.798785E+06 -0.188268E-01  0.435307E+06  0.435261E+06  0.593226E-01
  0.266522E+00  0.778739E+06  0.775216E+06  0.468630E+00 -0.212787E+00  0.000000E+00  0.778184E+06  0.778184E+06  0.778184E+06 -0.183412E-01  0.424080E+06  0.424036E+06  0.552465E-01
  0.272085E+00  0.757416E+06  0.754032E+06  0.437356E+00 -0.198586E+00  0.000000E+00  0.756884E+06  0.756884E+06  0.756884E+06 -0.178392E-01  0.412472E+06  0.412430E+06  0.523348E-01
  0.277648E+00  0.735376E+06  0.732052E+06  0.407781E+00 -0.185158E+00  0.000000E+00  0.734853E+06  0.734853E+06  0.734853E+06 -0.173199E-01  0.400467E+06  0.400425E+06  0.503969E-01
  0.283210E+00  0.713020E+06  0.709700E+06  0.379994E+00 -0.172543E+00  0.000000E+00  0.712498E+06  0.712498E+06  0.712498E+06 -0.167930E-01  0.388284E+06  0.388242E+06  0.490867E-01
  0.288773E+00  0.690930E+06  0.687591E+06  0.354160E+00 -0.160814E+00  0.000000E+00  0.690405E+06  0.690405E+06  0.690405E+06 -0.162723E-01  0.376244E+06  0.376203E+06  0.480126E-01
  0.294336E+00  0.669723E+06  0.666373E+06  0.330425E+00 -0.150039E+00  0.000000E+00  0.669196E+06  0.669196E+06  0.669196E+06 -0.157724E-01  0.364686E+06  0.364645E+06  0.468398E-01
  0.299898E+00  0.649949E+06  0.646620E+06  0.308877E+00 -0.140255E+00  0.000000E+00  0.649425E+06  0.649425E+06  0.649425E+06 -0.153065E-01  0.353912E+06  0.353871E+06  0.453580E-01
  0.305461E+00  0.631941E+06  0.628676E+06  0.289478E+00 -0.131447E+00  0.000000E+00  0.631428E+06  0.631428E+06  0.631428E+06 -0.148823E-01  0.344104E+06  0.344064E+06  0.435046E-01
  0.311024E+00  0.615700E+06  0.612538E+06  0.272042E+00 -0.123529E+00  0.000000E+00  0.615202E+06  0.615202E+06  0.615202E+06 -0.144999E-01  0.335262E+06  0.335223E+06  0.413471E-01
  0.316586E+00  0.600937E+06  0.597907E+06  0.256275E+00 -0.116369E+00  0.000000E+00  0.600461E+06  0.600461E+06  0.600461E+06 -0.141524E-01  0.327228E+06  0.327191E+06  0.390398E-01
  0.322149E+00  0.587232E+06  0.584343E+06  0.241862E+00 -0.109823E+00  0.000000E+00  0.586777E+06  0.586777E+06  0.586777E+06 -0.138299E-01  0.319771E+06  0.319736E+06  0.367688E-01
  0.327712E+00  0.574143E+06  0.571386E+06  0.228517E+00 -0.103763E+00  0.000000E+00  0.573709E+06  0.573709E+06  0.573709E+06 -0.135219E-01  0.312650E+06  0.312616E+06  0.346991E-01
  0.333274E+00  0.561281E+06  0.558635E+06  0.216006E+00 -0.980812E-01  0.000000E+00  0.560865E+06  0.560865E+06  0.560865E+06 -0.132192E-01  0.305650E+06  0.305617E+06  0.329362E-01
  0.338837E+00  0.548380E+06  0.545815E+06  0.204170E+00 -0.927067E-01  0.000000E+00  0.547977E+06  0.547977E+06  0.547977E+06 -0.129154E-01  0.298626E+06  0.298594E+06  0.315108E-01
  0.344400E+00  0.535360E+06  0.532848E+06  0.192935E+00 -0.876055E-01  0.000000E+00  0.534965E+06  0.534965E+06  0.534965E+06 -0.126087E-01  0.291535E+06  0.291504E+06  0.303856E-01
  0.349963E+00  0.522321E+06  0.519841E+06  0.182297E+00 -0.827757E-01  0.000000E+00  0.521931E+06  0.521931E+06  0.521931E+06 -0.123015E-01  0.284432E+06  0.284402E+06  0.294760E-01
  0.355525E+00  0.509465E+06  0.507005E+06  0.172287E+00 -0.782307E-01  0.000000E+00  0.509078E+06  0.509078E+06  0.509078E+06 -0.119986E-01  0.277428E+06  0.277398E+06  0.286774E-01
  0.361088E+00  0.497012E+06  0.494572E+06  0.162935E+00 -0.739845E-01  0.000000E+00  0.496628E+06  0.496628E+06  0.496628E+06 -0.117052E-01  0.270644E+06  0.270613E+06  0.278931E-01
  0.366651E+00  0.485152E+06  0.482740E+06  0.154255E+00 -0.700437E-01  0.000000E+00  0.484772E+06  0.484772E+06  0.484772E+06 -0.114257E-01  0.264183E+06  0.264153E+06  0.270553E-01
  0.372213E+00  0.474002E+06  0.471632E+06  0.146238E+00 -0.664035E-01  0.000000E+00  0.473629E+06  0.473629E+06  0.473629E+06 -0.111631E-01  0.258110E+06  0.258081E+06  0.261351E-01
  0.377776E+00  0.463584E+06  0.461268E+06  0.138843E+00 -0.630456E-01  0.000000E+00  0.463220E+06  0.463220E+06  0.463220E+06 -0.109178E-01  0.252437E+06  0.252409E+06  0.251405E-01
  0.383339E+00  0.453823E+06  0.451571E+06  0.132005E+00 -0.599401E-01  0.000000E+00  0.453468E+06  0.453468E+06  0.453468E+06 -0.106879E-01  0.247123E+06  0.247095E+06  0.241069E-01
  0.388901E+00  0.444584E+06  0.442402E+06  0.125646E+00 -0.570525E-01  0.000000E+00  0.444241E+06  0.444241E+06  0.444241E+06 -0.104704E-01  0.242094E+06  0.242068E+06  0.230829E-01
  0.394464E+00  0.435720E+06  0.433606E+06  0.119693E+00 -0.543494E-01  0.000000E+00  0.435387E+06  0.435387E+06  0.435387E+06 -0.102618E-01  0.237270E+06  0.237243E+06  0.221156E-01
  0.400027E+00  0.427090E+06  0.425036E+06  0.114083E+00 -0.518020E-01  0.000000E+00  0.426767E+06  0.426767E+06  0.426767E+06 -0.100586E-01  0.232572E+06  0.232546E+06  0.212391E-01
  0.405589E+00  0.418585E+06  0.416582E+06  0.108766E+00 -0.493874E-01  0.000000E+00  0.418270E+06  0.418270E+06  0.418270E+06 -0.985831E-02  0.227941E+06  0.227916E+06  0.204680E-01
  0.411152E+00  0.410147E+06  0.408184E+06  0.103709E+00 -0.470912E-01  0.000000E+00  0.409838E+06  0.409838E+06  0.409838E+06 -0.965958E-02  0.223346E+06  0.223322E+06  0.197971E-01
  0.416715E+00  0.401791E+06  0.399861E+06  0.989017E-01 -0.449084E-01  0.000000E+00  0.401488E+06  0.401488E+06  0.401488E+06 -0.946277E-02  0.218795E+06  0.218771E+06  0.192066E-01
  0.422277E+00  0.393580E+06  0.391676E+06  0.943442E-01 -0.428391E-01  0.000000E+00  0.393280E+06  0.393280E+06  0.393280E+06 -0.926933E-02  0.214323E+06  0.214299E+06  0.186687E-01
  0.427840E+00  0.385583E+06  0.383705E+06  0.900390E-01 -0.408843E-01  0.000000E+00  0.385288E+06  0.385288E+06  0.385288E+06 -0.908095E-02  0.209967E+06  0.209944E+06  0.181552E-01
  0.433403E+00  0.377856E+06  0.376004E+06  0.859836E-01 -0.390430E-01  0.000000E+00  0.377565E+06  0.377565E+06  0.377565E+06 -0.889893E-02  0.205758E+06  0.205736E+06  0.176436E-01
  0.438966E+00  0.370438E+06  0.368616E+06  0.821725E-01 -0.373124E-01  0.000000E+00  0.370152E+06  0.370152E+06  0.370152E+06 -0.872420E-02  0.201719E+06  0.201696E+06  0.171211E-01
  0.444528E+00  0.363354E+06  0.361565E+06  0.785963E-01 -0.356886E-01  0.000000E+00  0.363072E+06  0.363072E+06  0.363072E+06 -0.855735E-02  0.197861E+06  0.197839E+06  0.165863E-01
  0.450091E+00  0.356595E+06  0.354843E+06  0.752396E-01 -0.341644E-01  0.000000E+00  0.356319E+06  0.356319E+06  0.356319E+06 -0.839818E-02  0.194180E+06  0.194159E+06  0.160460E-01
  0.455654E+00  0.350116E+06  0.348403E+06  0.720801E-01 -0.327297E-01  0.000000E+00  0.349846E+06  0.349846E+06  0.349846E+06 -0.824562E-02  0.190653E+06  0.190632E+06  0.155120E-01
  0.461216E+00  0.343855E+06  0.342181E+06  0.690943E-01 -0.313738E-01  0.000000E+00  0.343592E+06  0.343592E+06  0.343592E+06 -0.809821E-02  0.187244E+06  0.187224E+06  0.149972E-01
  0.466779E+00  0.337767E+06  0.336129E+06  0.662631E-01 -0.300882E-01  0.000000E+00  0.337509E+06  0.337509E+06  0.337509E+06 -0.795484E-02  0.183930E+06  0.183909E+06  0.145124E-01
  0.472342E+00  0.331818E+06  0.330214E+06  0.635720E-01 -0.288663E-01  0.000000E+00  0.331565E+06  0.331565E+06  0.331565E+06 -0.781475E-02  0.180691E+06  0.180671E+06  0.140636E-01
  0.477904E+00  0.325981E+06  0.324406E+06  0.610083E-01 -0.277021E-01  0.000000E+00  0.325733E+06  0.325733E+06  0.325733E+06 -0.767729E-02  0.177512E+06  0.177492E+06  0.136514E-01
  0.483467E+00  0.320238E+06  0.318690E+06  0.585622E-01 -0.265915E-01  0.000000E+00  0.319995E+06  0.319995E+06  0.319995E+06 -0.754204E-02  0.174385E+06  0.174366E+06  0.132714E-01
  0.489030E+00  0.314598E+06  0.313074E+06  0.562294E-01 -0.255322E-01  0.000000E+00  0.314359E+06  0.314359E+06  0.314359E+06 -0.740920E-02  0.171313E+06  0.171294E+06  0.129162E-01
  0.494592E+00  0.309089E+06  0.307586E+06  0.540088E-01 -0.245239E-01  0.000000E+00  0.308852E+06  0.308852E+06  0.308852E+06 -0.727943E-02  0.168313E+06  0.168294E+06  0.125780E-01
  0.500155E+00  0.303732E+06  0.302252E+06  0.518987E-01 -0.235658E-01  0.000000E+00  0.303499E+06  0.303499E+06  0.303499E+06 -0.715325E-02  0.165396E+06  0.165377E+06  0.122494E-01
  0.505718E+00  0.298537E+06  0.297079E+06  0.498949E-01 -0.226560E-01  0.000000E+00  0.298308E+06  0.298308E+06  0.298308E+06 -0.703090E-02  0.162566E+06  0.162548E+06  0.119253E-01
  0.511280E+00  0.293507E+06  0.292073E+06  0.479926E-01 -0.217922E-01  0.000000E+00  0.293282E+06  0.293282E+06  0.293282E+06 -0.691243E-02  0.159827E+06  0.159810E+06  0.116037E-01
  0.516843E+00  0.288645E+06  0.287234E+06  0.461870E-01 -0.209723E-01  0.000000E+00  0.288423E+06  0.288423E+06  0.288423E+06 -0.679791E-02  0.157179E+06  0.157162E+06  0.112852E-01
  0.522406E+00  0.283942E+06  0.282557E+06  0.444722E-01 -0.201937E-01  0.000000E+00  0.283724E+06  0.283724E+06  0.283724E+06 -0.668718E-02  0.154619E+06  0.154602E+06  0.109724E-01
  0.527969E+00  0.279381E+06  0.278020E+06  0.428406E-01 -0.194528E-01  0.000000E+00  0.279166E+06  0.279166E+06  0.279166E+06 -0.657975E-02  0.152135E+06  0.152118E+06  0.106684E-01
  0.533531E+00  0.274936E+06  0.273600E+06  0.412846E-01 -0.187462E-01  0.000000E+00  0.274726E+06  0.274726E+06  0.274726E+06 -0.647509E-02  0.149715E+06  0.149699E+06  0.103764E-01
  0.539094E+00  0.270595E+06  0.269282E+06  0.397986E-01 -0.180715E-01  0.000000E+00  0.270389E+06  0.270389E+06  0.270389E+06 -0.637286E-02  0.147351E+06  0.147335E+06  0.100985E-01
  0.544657E+00  0.266349E+06  0.265057E+06  0.383780E-01 -0.174264E-01  0.000000E+00  0.266145E+06  0.266145E+06  0.266145E+06 -0.627285E-02  0.145039E+06  0.145023E+06  0.983537E-02
  0.550219E+00  0.262189E+06  0.260917E+06  0.370186E-01 -0.168091E-01  0.000000E+00  0.261989E+06  0.261989E+06  0.261989E+06 -0.617489E-02  0.142774E+06  0.142758E+06  0.958638E-02
  0.555782E+00  0.258111E+06  0.256858E+06  0.357170E-01 -0.162181E-01  0.000000E+00  0.257914E+06  0.257914E+06  0.257914E+06 -0.607885E-02  0.140553E+06  0.140538E+06  0.934965E-02
  0.561345E+00  0.254118E+06  0.252883E+06  0.344709E-01 -0.156523E-01  0.000000E+00  0.253924E+06  0.253924E+06  0.253924E+06 -0.598480E-02  0.138379E+06  0.138363E+06  0.912284E-02
  0.566907E+00  0.250218E+06  0.249001E+06  0.332790E-01 -0.151111E-01  0.000000E+00  0.250027E+06  0.250027E+06  0.250027E+06 -0.589295E-02  0.136255E+06  0.136240E+06  0.890373E-02
  0.572470E+00  0.246417E+06  0.245217E+06  0.321396E-01 -0.145937E-01  0.000000E+00  0.246228E+06  0.246228E+06  0.246228E+06 -0.580342E-02  0.134185E+06  0.134170E+06  0.869048E-02
  0.578033E+00  0.242713E+06  0.241531E+06  0.310501E-01 -0.140991E-01  0.000000E+00  0.242527E+06  0.242527E+06  0.242527E+06 -0.571619E-02  0.132168E+06  0.132153E+06  0.848189E-02
  0.583595E+00  0.239105E+06  0.237940E+06  0.300082E-01 -0.136259E-01  0.000000E+00  0.238921E+06  0.238921E+06  0.238921E+06 -0.563120E-02  0.130203E+06  0.130189E+06  0.827757E-02
  0.589158E+00  0.235591E+06  0.234443E+06  0.290114E-01 -0.131733E-01  0.000000E+00  0.235410E+06  0.235410E+06  0.235410E+06 -0.554844E-02  0.128290E+06  0.128275E+06  0.807785E-02
  0.594721E+00  0.232168E+06  0.231038E+06  0.280576E-01 -0.127402E-01  0.000000E+00  0.231990E+06  0.231990E+06  0.231990E+06 -0.546783E-02  0.126426E+06  0.126412E+06  0.788344E-02
  0.600284E+00  0.228827E+06  0.227714E+06  0.271438E-01 -0.123253E-01  0.000000E+00  0.228652E+06  0.228652E+06  0.228652E+06 -0.538916E-02  0.124607E+06  0.124593E+06  0.769508E-02
  0.605846E+00  0.225560E+06  0.224463E+06  0.262671E-01 -0.119272E-01  0.000000E+00  0.225387E+06  0.225387E+06  0.225387E+06 -0.531221E-02  0.122827E+06  0.122814E+06  0.751333E-02
  0.611409E+00  0.222361E+06  0.221281E+06  0.254256E-01 -0.115451E-01  0.000000E+00  0.222191E+06  0.222191E+06  0.222191E+06 -0.523688E-02  0.121086E+06  0.121072E+06  0.733850E-02
  0.616972E+00  0.219230E+06  0.218165E+06  0.246176E-01 -0.111782E-01  0.000000E+00  0.219062E+06  0.219062E+06  0.219062E+06 -0.516314E-02  0.119381E+06  0.119367E+06  0.717057E-02
  0.622534E+00  0.216164E+06  0.215114E+06  0.238414E-01 -0.108258E-01  0.000000E+00  0.215998E+06  0.215998E+06  0.215998E+06 -0.509093E-02  0.117711E+06  0.117698E+06  0.700910E-02
  0.628097E+00  0.213158E+06  0.212122E+06  0.230954E-01 -0.104870E-01  0.000000E+00  0.212995E+06  0.212995E+06  0.212995E+06 -0.502014E-02  0.116074E+06  0.116061E+06  0.685339E-02
  0.633660E+00  0.210213E+06  0.209191E+06  0.223781E-01 -0.101613E-01  0.000000E+00  0.210053E+06  0.210053E+06  0.210053E+06 -0.495079E-02  0.114471E+06  0.114458E+06  0.670270E-02
  0.639222E+00  0.207333E+06  0.206324E+06  0.216890E-01 -0.984841E-02  0.000000E+00  0.207174E+06  0.207174E+06  0.207174E+06 -0.488294E-02  0.112902E+06  0.112889E+06  0.655641E-02
  0.644785E+00  0.204518E+06  0.203523E+06  0.210269E-01 -0.954778E-02  0.000000E+00  0.204361E+06  0.204361E+06  0.204361E+06 -0.481664E-02  0.111369E+06  0.111357E+06  0.641403E-02
  0.694574E+00  0.181849E+06  0.180966E+06  0.161121E-01 -0.731607E-02  0.000000E+00  0.181710E+06  0.181710E+06  0.181710E+06 -0.428278E-02  0.990252E+05  0.990142E+05  0.529989E-02
  0.748207E+00  0.161562E+06  0.160776E+06  0.123359E-01 -0.560140E-02  0.000000E+00  0.161438E+06  0.161438E+06  0.161438E+06 -0.380497E-02  0.879776E+05  0.879677E+05  0.438046E-02
  0.805981E+00  0.143439E+06  0.142742E+06  0.943830E-02 -0.428569E-02  0.000000E+00  0.143330E+06  0.143330E+06  0.143330E+06 -0.337818E-02  0.781092E+05  0.781005E+05  0.361912E-02
  0.959655E+00  0.108223E+06  0.107697E+06  0.502301E-02 -0.228083E-02  0.000000E+00  0.108140E+06  0.108140E+06  0.108140E+06 -0.254879E-02  0.589324E+05  0.589257E+05  0.230975E-02
  0.133931E+01  0.626029E+05  0.622986E+05  0.149179E-02 -0.677389E-03  0.000000E+00  0.625550E+05  0.625550E+05  0.625550E+05 -0.147438E-02  0.340901E+05  0.340862E+05  0.980061E-03
  0.186915E+01  0.358277E+05  0.356534E+05  0.438327E-03 -0.199037E-03  0.000000E+00  0.358003E+05  0.358003E+05  0.358003E+05 -0.843786E-03  0.195098E+05  0.195074E+05  0.420265E-03
  0.260861E+01  0.203163E+05  0.202173E+05  0.127610E-03 -0.579475E-04  0.000000E+00  0.203008E+05  0.203008E+05  0.203008E+05 -0.478474E-03  0.110632E+05  0.110617E+05  0.185369E-03
