    0.10000E-04    0.64268E+01
    0.10202E-04    0.65516E+01
    0.10408E-04    0.66790E+01
    0.10618E-04    0.68088E+01
    0.10833E-04    0.69411E+01
    0.11052E-04    0.70760E+01
    0.11275E-04    0.72135E+01
    0.11503E-04    0.73537E+01
    0.11735E-04    0.74966E+01
    0.11972E-04    0.76423E+01
    0.12214E-04    0.77908E+01
    0.12461E-04    0.79422E+01
    0.12712E-04    0.80965E+01
    0.12969E-04    0.82539E+01
    0.13231E-04    0.84143E+01
    0.13499E-04    0.85778E+01
    0.13771E-04    0.87445E+01
    0.14049E-04    0.89144E+01
    0.14333E-04    0.90876E+01
    0.14623E-04    0.92642E+01
    0.14918E-04    0.94443E+01
    0.15220E-04    0.96278E+01
    0.15527E-04    0.98149E+01
    0.15841E-04    0.10006E+02
    0.16161E-04    0.10200E+02
    0.16487E-04    0.10398E+02
    0.16820E-04    0.10600E+02
    0.17160E-04    0.10806E+02
    0.17507E-04    0.11016E+02
    0.17860E-04    0.11230E+02
    0.18221E-04    0.11449E+02
    0.18589E-04    0.11671E+02
    0.18965E-04    0.11898E+02
    0.19348E-04    0.12129E+02
    0.19739E-04    0.12365E+02
    0.20138E-04    0.12605E+02
    0.20544E-04    0.12850E+02
    0.20959E-04    0.13100E+02
    0.21383E-04    0.13354E+02
    0.21815E-04    0.13614E+02
    0.22255E-04    0.13878E+02
    0.22705E-04    0.14148E+02
    0.23164E-04    0.14423E+02
    0.23632E-04    0.14703E+02
    0.24109E-04    0.14989E+02
    0.24596E-04    0.15280E+02
    0.25093E-04    0.15577E+02
    0.25600E-04    0.15880E+02
    0.26117E-04    0.16188E+02
    0.26645E-04    0.16503E+02
    0.27183E-04    0.16823E+02
    0.27732E-04    0.17150E+02
    0.28292E-04    0.17483E+02
    0.28864E-04    0.17823E+02
    0.29447E-04    0.18169E+02
    0.30042E-04    0.18522E+02
    0.30649E-04    0.18882E+02
    0.31268E-04    0.19249E+02
    0.31899E-04    0.19623E+02
    0.32544E-04    0.20004E+02
    0.33201E-04    0.20393E+02
    0.33872E-04    0.20789E+02
    0.34556E-04    0.21193E+02
    0.35254E-04    0.21605E+02
    0.35966E-04    0.22024E+02
    0.36693E-04    0.22452E+02
    0.37434E-04    0.22888E+02
    0.38190E-04    0.23333E+02
    0.38962E-04    0.23786E+02
    0.39749E-04    0.24248E+02
    0.40552E-04    0.24719E+02
    0.41371E-04    0.25199E+02
    0.42207E-04    0.25689E+02
    0.43060E-04    0.26188E+02
    0.43929E-04    0.26696E+02
    0.44817E-04    0.27215E+02
    0.45722E-04    0.27743E+02
    0.46646E-04    0.28282E+02
    0.47588E-04    0.28831E+02
    0.48550E-04    0.29391E+02
    0.49530E-04    0.29962E+02
    0.50531E-04    0.30544E+02
    0.51552E-04    0.31137E+02
    0.52593E-04    0.31741E+02
    0.53656E-04    0.32358E+02
    0.54739E-04    0.32986E+02
    0.55845E-04    0.33626E+02
    0.56973E-04    0.34279E+02
    0.58124E-04    0.34945E+02
    0.59299E-04    0.35623E+02
    0.60496E-04    0.36314E+02
    0.61719E-04    0.37019E+02
    0.62965E-04    0.37738E+02
    0.64237E-04    0.38470E+02
    0.65535E-04    0.39217E+02
    0.66859E-04    0.39978E+02
    0.68210E-04    0.40754E+02
    0.69588E-04    0.41544E+02
    0.70993E-04    0.42350E+02
    0.72427E-04    0.43172E+02
    0.73891E-04    0.44010E+02
    0.75383E-04    0.44863E+02
    0.76906E-04    0.45733E+02
    0.78460E-04    0.46620E+02
    0.80045E-04    0.47525E+02
    0.81662E-04    0.48446E+02
    0.83311E-04    0.49385E+02
    0.84994E-04    0.50343E+02
    0.86711E-04    0.51319E+02
    0.88463E-04    0.52314E+02
    0.90250E-04    0.53328E+02
    0.92073E-04    0.54361E+02
    0.93933E-04    0.55415E+02
    0.95831E-04    0.56488E+02
    0.97767E-04    0.57583E+02
    0.99742E-04    0.58698E+02
    0.10176E-03    0.59835E+02
    0.10381E-03    0.60994E+02
    0.10591E-03    0.62175E+02
    0.10805E-03    0.63378E+02
    0.11023E-03    0.64605E+02
    0.11246E-03    0.65855E+02
    0.11473E-03    0.67130E+02
    0.11705E-03    0.68429E+02
    0.11941E-03    0.69752E+02
    0.12182E-03    0.71101E+02
    0.12429E-03    0.72476E+02
    0.12680E-03    0.73877E+02
    0.12936E-03    0.75305E+02
    0.13197E-03    0.76760E+02
    0.13464E-03    0.78243E+02
    0.13736E-03    0.79754E+02
    0.14013E-03    0.81294E+02
    0.14296E-03    0.82864E+02
    0.14585E-03    0.84463E+02
    0.14880E-03    0.86093E+02
    0.15180E-03    0.87753E+02
    0.15487E-03    0.89445E+02
    0.15800E-03    0.91170E+02
    0.16119E-03    0.92926E+02
    0.16445E-03    0.94717E+02
    0.16777E-03    0.96541E+02
    0.17116E-03    0.98399E+02
    0.17462E-03    0.10029E+03
    0.17814E-03    0.10222E+03
    0.18174E-03    0.10419E+03
    0.18541E-03    0.10619E+03
    0.18916E-03    0.10823E+03
    0.19298E-03    0.11031E+03
    0.19688E-03    0.11242E+03
    0.20086E-03    0.11458E+03
    0.20491E-03    0.11678E+03
    0.20905E-03    0.11902E+03
    0.21328E-03    0.12130E+03
    0.21758E-03    0.12362E+03
    0.22198E-03    0.12598E+03
    0.22646E-03    0.12839E+03
    0.23104E-03    0.13084E+03
    0.23571E-03    0.13334E+03
    0.24047E-03    0.13589E+03
    0.24533E-03    0.13848E+03
    0.25028E-03    0.14111E+03
    0.25534E-03    0.14380E+03
    0.26050E-03    0.14654E+03
    0.26576E-03    0.14932E+03
    0.27113E-03    0.15216E+03
    0.27660E-03    0.15504E+03
    0.28219E-03    0.15798E+03
    0.28789E-03    0.16097E+03
    0.29371E-03    0.16402E+03
    0.29964E-03    0.16712E+03
    0.30569E-03    0.17027E+03
    0.31187E-03    0.17348E+03
    0.31817E-03    0.17675E+03
    0.32460E-03    0.18008E+03
    0.33115E-03    0.18346E+03
    0.33784E-03    0.18690E+03
    0.34467E-03    0.19041E+03
    0.35163E-03    0.19397E+03
    0.35874E-03    0.19759E+03
    0.36598E-03    0.20128E+03
    0.37338E-03    0.20503E+03
    0.38092E-03    0.20885E+03
    0.38861E-03    0.21273E+03
    0.39646E-03    0.21667E+03
    0.40447E-03    0.22069E+03
    0.41264E-03    0.22477E+03
    0.42098E-03    0.22891E+03
    0.42948E-03    0.23313E+03
    0.43816E-03    0.23742E+03
    0.44701E-03    0.24177E+03
    0.45604E-03    0.24620E+03
    0.46525E-03    0.25070E+03
    0.47465E-03    0.25527E+03
    0.48424E-03    0.25992E+03
    0.49402E-03    0.26464E+03
    0.50400E-03    0.26943E+03
    0.51419E-03    0.27430E+03
    0.52457E-03    0.27925E+03
    0.53517E-03    0.28427E+03
    0.54598E-03    0.28937E+03
    0.55701E-03    0.29455E+03
    0.56826E-03    0.29982E+03
    0.57974E-03    0.30516E+03
    0.59145E-03    0.31058E+03
    0.60340E-03    0.31608E+03
    0.61559E-03    0.32167E+03
    0.62803E-03    0.32734E+03
    0.64072E-03    0.33309E+03
    0.65366E-03    0.33893E+03
    0.66686E-03    0.34486E+03
    0.68033E-03    0.35087E+03
    0.69408E-03    0.35698E+03
    0.70810E-03    0.36317E+03
    0.72240E-03    0.36945E+03
    0.73700E-03    0.37583E+03
    0.75189E-03    0.38229E+03
    0.76708E-03    0.38886E+03
    0.78257E-03    0.39551E+03
    0.79838E-03    0.40227E+03
    0.81451E-03    0.40913E+03
    0.83096E-03    0.41608E+03
    0.84775E-03    0.42314E+03
    0.86488E-03    0.43031E+03
    0.88235E-03    0.43758E+03
    0.90017E-03    0.44497E+03
    0.91836E-03    0.45246E+03
    0.93691E-03    0.46008E+03
    0.95583E-03    0.46781E+03
    0.97514E-03    0.47566E+03
    0.99484E-03    0.48364E+03
    0.10149E-02    0.49175E+03
    0.10354E-02    0.49999E+03
    0.10564E-02    0.50837E+03
    0.10777E-02    0.51689E+03
    0.10995E-02    0.52555E+03
    0.11217E-02    0.53437E+03
    0.11443E-02    0.54334E+03
    0.11675E-02    0.55248E+03
    0.11910E-02    0.56178E+03
    0.12151E-02    0.57125E+03
    0.12397E-02    0.58090E+03
    0.12647E-02    0.59073E+03
    0.12902E-02    0.60076E+03
    0.13163E-02    0.61098E+03
    0.13429E-02    0.62140E+03
    0.13700E-02    0.63203E+03
    0.13977E-02    0.64288E+03
    0.14259E-02    0.65394E+03
    0.14547E-02    0.66523E+03
    0.14841E-02    0.67676E+03
    0.15141E-02    0.68851E+03
    0.15447E-02    0.70051E+03
    0.15759E-02    0.71276E+03
    0.16077E-02    0.72526E+03
    0.16402E-02    0.73801E+03
    0.16734E-02    0.75101E+03
    0.17072E-02    0.76428E+03
    0.17416E-02    0.77781E+03
    0.17768E-02    0.79161E+03
    0.18127E-02    0.80566E+03
    0.18493E-02    0.81999E+03
    0.18867E-02    0.83458E+03
    0.19248E-02    0.84943E+03
    0.19637E-02    0.86455E+03
    0.20034E-02    0.87994E+03
    0.20438E-02    0.89559E+03
    0.20851E-02    0.91150E+03
    0.21272E-02    0.92768E+03
    0.21702E-02    0.94412E+03
    0.22141E-02    0.96083E+03
    0.22588E-02    0.97780E+03
    0.23044E-02    0.99504E+03
    0.23510E-02    0.10125E+04
    0.23985E-02    0.10303E+04
    0.24469E-02    0.10484E+04
    0.24964E-02    0.10667E+04
    0.25468E-02    0.10854E+04
    0.25982E-02    0.11043E+04
    0.26507E-02    0.11235E+04
    0.27043E-02    0.11430E+04
    0.27589E-02    0.11629E+04
    0.28146E-02    0.11830E+04
    0.28715E-02    0.12035E+04
    0.29295E-02    0.12243E+04
    0.29887E-02    0.12455E+04
    0.30490E-02    0.12669E+04
    0.31106E-02    0.12887E+04
    0.31735E-02    0.13109E+04
    0.32376E-02    0.13333E+04
    0.33030E-02    0.13561E+04
    0.33697E-02    0.13792E+04
    0.34378E-02    0.14026E+04
    0.35072E-02    0.14264E+04
    0.35781E-02    0.14505E+04
    0.36504E-02    0.14749E+04
    0.37241E-02    0.14996E+04
    0.37993E-02    0.15247E+04
    0.38761E-02    0.15501E+04
    0.39544E-02    0.15758E+04
    0.40343E-02    0.16018E+04
    0.41158E-02    0.16283E+04
    0.41989E-02    0.16550E+04
    0.42838E-02    0.16821E+04
    0.43703E-02    0.17095E+04
    0.44586E-02    0.17373E+04
    0.45486E-02    0.17654E+04
    0.46405E-02    0.17939E+04
    0.47343E-02    0.18226E+04
    0.48299E-02    0.18517E+04
    0.49275E-02    0.18811E+04
    0.50270E-02    0.19109E+04
    0.51286E-02    0.19409E+04
    0.52322E-02    0.19713E+04
    0.53379E-02    0.20019E+04
    0.54457E-02    0.20329E+04
    0.55557E-02    0.20642E+04
    0.56680E-02    0.20959E+04
    0.57825E-02    0.21278E+04
    0.58993E-02    0.21600E+04
    0.60184E-02    0.21925E+04
    0.61400E-02    0.22252E+04
    0.62641E-02    0.22583E+04
    0.63906E-02    0.22916E+04
    0.65197E-02    0.23251E+04
    0.66514E-02    0.23590E+04
    0.67858E-02    0.23930E+04
    0.69229E-02    0.24273E+04
    0.70627E-02    0.24619E+04
    0.72054E-02    0.24966E+04
    0.73510E-02    0.25316E+04
    0.74994E-02    0.25667E+04
    0.76509E-02    0.26021E+04
    0.78055E-02    0.26376E+04
    0.79632E-02    0.26733E+04
    0.81241E-02    0.27091E+04
    0.82882E-02    0.27450E+04
    0.84556E-02    0.27811E+04
    0.86264E-02    0.28173E+04
    0.88007E-02    0.28536E+04
    0.89785E-02    0.28899E+04
    0.91598E-02    0.29263E+04
    0.93449E-02    0.29627E+04
    0.95337E-02    0.29992E+04
    0.97263E-02    0.30356E+04
    0.99227E-02    0.30720E+04
    0.10123E-01    0.31084E+04
    0.10328E-01    0.31447E+04
    0.10536E-01    0.31810E+04
    0.10749E-01    0.32172E+04
    0.10966E-01    0.32530E+04
    0.11188E-01    0.32890E+04
    0.11414E-01    0.33256E+04
    0.11644E-01    0.33619E+04
    0.11880E-01    0.33971E+04
    0.12120E-01    0.34321E+04
    0.12365E-01    0.34669E+04
    0.12614E-01    0.35013E+04
    0.12869E-01    0.35354E+04
    0.13129E-01    0.35691E+04
    0.13394E-01    0.36023E+04
    0.13665E-01    0.36352E+04
    0.13941E-01    0.36675E+04
    0.14223E-01    0.36994E+04
    0.14510E-01    0.37306E+04
    0.14803E-01    0.37613E+04
    0.15102E-01    0.37914E+04
    0.15407E-01    0.38207E+04
    0.15718E-01    0.38494E+04
    0.16036E-01    0.38773E+04
    0.16360E-01    0.39045E+04
    0.16690E-01    0.39308E+04
    0.17028E-01    0.39562E+04
    0.17371E-01    0.39807E+04
    0.17722E-01    0.40042E+04
    0.18080E-01    0.40267E+04
    0.18446E-01    0.40482E+04
    0.18818E-01    0.40683E+04
    0.19198E-01    0.40873E+04
    0.19586E-01    0.41053E+04
    0.19982E-01    0.41221E+04
    0.20386E-01    0.41375E+04
    0.20797E-01    0.41516E+04
    0.21218E-01    0.41644E+04
    0.21646E-01    0.41757E+04
    0.22083E-01    0.41855E+04
    0.22530E-01    0.41938E+04
    0.22985E-01    0.42005E+04
    0.23449E-01    0.42056E+04
    0.23923E-01    0.42091E+04
    0.24406E-01    0.42108E+04
    0.24899E-01    0.42109E+04
    0.25402E-01    0.42091E+04
    0.25915E-01    0.42056E+04
    0.26439E-01    0.42002E+04
    0.26973E-01    0.41930E+04
    0.27518E-01    0.41838E+04
    0.28074E-01    0.41726E+04
    0.28641E-01    0.41596E+04
    0.29219E-01    0.41445E+04
    0.29810E-01    0.41275E+04
    0.30412E-01    0.41084E+04
    0.31026E-01    0.40874E+04
    0.31653E-01    0.40643E+04
    0.32292E-01    0.40393E+04
    0.32945E-01    0.40123E+04
    0.33610E-01    0.39833E+04
    0.34289E-01    0.39524E+04
    0.34982E-01    0.39195E+04
    0.35689E-01    0.38848E+04
    0.36409E-01    0.38482E+04
    0.37145E-01    0.38099E+04
    0.37895E-01    0.37698E+04
    0.38661E-01    0.37281E+04
    0.39442E-01    0.36848E+04
    0.40239E-01    0.36400E+04
    0.41052E-01    0.35938E+04
    0.41881E-01    0.35462E+04
    0.42727E-01    0.34975E+04
    0.43590E-01    0.34476E+04
    0.44471E-01    0.33968E+04
    0.45369E-01    0.33451E+04
    0.46286E-01    0.32927E+04
    0.47221E-01    0.32397E+04
    0.48174E-01    0.31863E+04
    0.49148E-01    0.31325E+04
    0.50141E-01    0.30786E+04
    0.51153E-01    0.30246E+04
    0.52187E-01    0.29708E+04
    0.53241E-01    0.29173E+04
    0.54317E-01    0.28643E+04
    0.55414E-01    0.28118E+04
    0.56533E-01    0.27600E+04
    0.57675E-01    0.27091E+04
    0.58840E-01    0.26592E+04
    0.60029E-01    0.26104E+04
    0.61242E-01    0.25628E+04
    0.62479E-01    0.25165E+04
    0.63741E-01    0.24717E+04
    0.65029E-01    0.24283E+04
    0.66342E-01    0.23866E+04
    0.67683E-01    0.23464E+04
    0.69050E-01    0.23078E+04
    0.70445E-01    0.22708E+04
    0.71868E-01    0.22355E+04
    0.73320E-01    0.22017E+04
    0.74801E-01    0.21694E+04
    0.76312E-01    0.21386E+04
    0.77854E-01    0.21090E+04
    0.79426E-01    0.20807E+04
    0.81031E-01    0.20534E+04
    0.82668E-01    0.20269E+04
    0.84338E-01    0.20011E+04
    0.86041E-01    0.19757E+04
    0.87780E-01    0.19505E+04
    0.89553E-01    0.19253E+04
    0.91362E-01    0.18997E+04
    0.93208E-01    0.18736E+04
    0.95091E-01    0.18466E+04
    0.97011E-01    0.18186E+04
    0.98971E-01    0.17892E+04
    0.10097E+00    0.17584E+04
    0.10301E+00    0.17259E+04
    0.10509E+00    0.16916E+04
    0.10721E+00    0.16555E+04
    0.10938E+00    0.16175E+04
    0.11159E+00    0.15777E+04
    0.11384E+00    0.15361E+04
    0.11614E+00    0.14931E+04
    0.11849E+00    0.14488E+04
    0.12088E+00    0.14035E+04
    0.12333E+00    0.13577E+04
    0.12582E+00    0.13117E+04
    0.12836E+00    0.12660E+04
    0.13095E+00    0.12211E+04
    0.13360E+00    0.11773E+04
    0.13630E+00    0.11351E+04
    0.13905E+00    0.10949E+04
    0.14186E+00    0.10571E+04
    0.14472E+00    0.10218E+04
    0.14765E+00    0.98943E+03
    0.15063E+00    0.95994E+03
    0.15367E+00    0.93337E+03
    0.15678E+00    0.90960E+03
    0.15994E+00    0.88846E+03
    0.16318E+00    0.86964E+03
    0.16647E+00    0.85272E+03
    0.16984E+00    0.83720E+03
    0.17327E+00    0.82255E+03
    0.17677E+00    0.80820E+03
    0.18034E+00    0.79360E+03
    0.18398E+00    0.77821E+03
    0.18770E+00    0.76155E+03
    0.19149E+00    0.74323E+03
    0.19536E+00    0.72307E+03
    0.19930E+00    0.70104E+03
    0.20333E+00    0.67732E+03
    0.20744E+00    0.65225E+03
    0.21163E+00    0.62628E+03
    0.21590E+00    0.59999E+03
    0.22026E+00    0.57405E+03
    0.22471E+00    0.54913E+03
    0.22925E+00    0.52578E+03
    0.23388E+00    0.50445E+03
    0.23861E+00    0.48543E+03
    0.24343E+00    0.46882E+03
    0.24835E+00    0.45455E+03
    0.25336E+00    0.44232E+03
    0.25848E+00    0.43165E+03
    0.26370E+00    0.42198E+03
    0.26903E+00    0.41267E+03
    0.27447E+00    0.40312E+03
    0.28001E+00    0.39276E+03
    0.28567E+00    0.38127E+03
    0.29144E+00    0.36853E+03
    0.29733E+00    0.35466E+03
    0.30333E+00    0.34001E+03
    0.30946E+00    0.32510E+03
    0.31571E+00    0.31053E+03
    0.32209E+00    0.29682E+03
    0.32860E+00    0.28439E+03
    0.33523E+00    0.27347E+03
    0.34201E+00    0.26405E+03
    0.34892E+00    0.25589E+03
    0.35596E+00    0.24860E+03
    0.36316E+00    0.24169E+03
    0.37049E+00    0.23468E+03
    0.37798E+00    0.22722E+03
    0.38561E+00    0.21915E+03
    0.39340E+00    0.21052E+03
    0.40135E+00    0.20162E+03
    0.40946E+00    0.19282E+03
    0.41773E+00    0.18449E+03
    0.42617E+00    0.17691E+03
    0.43478E+00    0.17017E+03
    0.44356E+00    0.16419E+03
    0.45252E+00    0.15873E+03
    0.46166E+00    0.15347E+03
    0.47099E+00    0.14816E+03
    0.48050E+00    0.14264E+03
    0.49021E+00    0.13693E+03
    0.50011E+00    0.13119E+03
    0.51021E+00    0.12562E+03
    0.52052E+00    0.12041E+03
    0.53104E+00    0.11565E+03
    0.54176E+00    0.11130E+03
    0.55271E+00    0.10722E+03
    0.56387E+00    0.10323E+03
    0.57526E+00    0.99242E+02
    0.58689E+00    0.95228E+02
    0.59874E+00    0.91261E+02
    0.61084E+00    0.87448E+02
    0.62318E+00    0.83867E+02
    0.63577E+00    0.80525E+02
    0.64861E+00    0.77369E+02
    0.66171E+00    0.74319E+02
    0.67508E+00    0.71322E+02
    0.68872E+00    0.68376E+02
    0.70263E+00    0.65519E+02
    0.71682E+00    0.62793E+02
    0.73130E+00    0.60214E+02
    0.74608E+00    0.57760E+02
    0.76115E+00    0.55397E+02
    0.77653E+00    0.53101E+02
    0.79221E+00    0.50874E+02
    0.80822E+00    0.48733E+02
    0.82454E+00    0.46689E+02
    0.84120E+00    0.44738E+02
    0.85819E+00    0.42865E+02
    0.87553E+00    0.41057E+02
    0.89322E+00    0.39315E+02
    0.91126E+00    0.37643E+02
    0.92967E+00    0.36042E+02
    0.94845E+00    0.34509E+02
    0.96761E+00    0.33035E+02
    0.98716E+00    0.31621E+02
    0.10071E+01    0.30262E+02
    0.10274E+01    0.28959E+02
    0.10482E+01    0.27709E+02
    0.10694E+01    0.26510E+02
    0.10910E+01    0.25361E+02
    0.11130E+01    0.24259E+02
    0.11355E+01    0.23203E+02
    0.11584E+01    0.22190E+02
    0.11818E+01    0.21220E+02
    0.12057E+01    0.20290E+02
    0.12301E+01    0.19399E+02
    0.12549E+01    0.18545E+02
    0.12803E+01    0.17727E+02
    0.13061E+01    0.16943E+02
    0.13325E+01    0.16192E+02
    0.13594E+01    0.15474E+02
    0.13869E+01    0.14786E+02
    0.14149E+01    0.14127E+02
    0.14435E+01    0.13496E+02
    0.14727E+01    0.12893E+02
    0.15024E+01    0.12315E+02
    0.15328E+01    0.11762E+02
    0.15637E+01    0.11233E+02
    0.15953E+01    0.10727E+02
    0.16275E+01    0.10242E+02
    0.16604E+01    0.97792E+01
    0.16940E+01    0.93361E+01
    0.17282E+01    0.89123E+01
    0.17631E+01    0.85071E+01
    0.17987E+01    0.81197E+01
    0.18351E+01    0.77493E+01
    0.18721E+01    0.73951E+01
    0.19099E+01    0.70566E+01
    0.19485E+01    0.67331E+01
    0.19879E+01    0.64238E+01
    0.20280E+01    0.61283E+01
    0.20690E+01    0.58460E+01
    0.21108E+01    0.55762E+01
    0.21535E+01    0.53185E+01
    0.21970E+01    0.50723E+01
    0.22413E+01    0.48371E+01
    0.22866E+01    0.46126E+01
    0.23328E+01    0.43981E+01
    0.23799E+01    0.41933E+01
    0.24280E+01    0.39977E+01
    0.24771E+01    0.38110E+01
    0.25271E+01    0.36328E+01
    0.25782E+01    0.34626E+01
    0.26302E+01    0.33002E+01
    0.26834E+01    0.31452E+01
    0.27376E+01    0.29973E+01
    0.27929E+01    0.28561E+01
    0.28493E+01    0.27214E+01
    0.29069E+01    0.25929E+01
    0.29656E+01    0.24703E+01
    0.30255E+01    0.23534E+01
    0.30866E+01    0.22418E+01
    0.31490E+01    0.21354E+01
    0.32126E+01    0.20339E+01
    0.32775E+01    0.19371E+01
    0.33437E+01    0.18448E+01
    0.34112E+01    0.17568E+01
    0.34801E+01    0.16729E+01
    0.35504E+01    0.15929E+01
    0.36222E+01    0.15166E+01
    0.36953E+01    0.14439E+01
    0.37700E+01    0.13746E+01
    0.38462E+01    0.13086E+01
    0.39239E+01    0.12457E+01
    0.40031E+01    0.11857E+01
    0.40840E+01    0.11285E+01
    0.41665E+01    0.10741E+01
    0.42507E+01    0.10222E+01
    0.43365E+01    0.97272E+00
    0.44241E+01    0.92562E+00
    0.45135E+01    0.88075E+00
    0.46047E+01    0.83801E+00
    0.46977E+01    0.79730E+00
    0.47926E+01    0.75853E+00
    0.48894E+01    0.72161E+00
    0.49882E+01    0.68645E+00
    0.50890E+01    0.65297E+00
    0.51918E+01    0.62109E+00
    0.52966E+01    0.59074E+00
    0.54036E+01    0.56184E+00
    0.55128E+01    0.53433E+00
    0.56242E+01    0.50814E+00
    0.57378E+01    0.48321E+00
    0.58537E+01    0.45948E+00
    0.59720E+01    0.43689E+00
    0.60926E+01    0.41540E+00
    0.62157E+01    0.39494E+00
    0.63412E+01    0.37547E+00
    0.64693E+01    0.35695E+00
    0.66000E+01    0.33932E+00
    0.67334E+01    0.32255E+00
    0.68694E+01    0.30659E+00
    0.70082E+01    0.29141E+00
    0.71497E+01    0.27697E+00
    0.72942E+01    0.26324E+00
    0.74415E+01    0.25017E+00
    0.75918E+01    0.23774E+00
    0.77452E+01    0.22592E+00
    0.79017E+01    0.21468E+00
    0.80613E+01    0.20399E+00
    0.82241E+01    0.19382E+00
    0.83903E+01    0.18415E+00
    0.85598E+01    0.17495E+00
    0.87327E+01    0.16621E+00
    0.89091E+01    0.15790E+00
    0.90891E+01    0.15000E+00
    0.92727E+01    0.14249E+00
    0.94600E+01    0.13534E+00
    0.96511E+01    0.12856E+00
    0.98461E+01    0.12210E+00
    0.10045E+02    0.11597E+00
    0.10248E+02    0.11014E+00
    0.10455E+02    0.10460E+00
    0.10666E+02    0.99331E-01
    0.10882E+02    0.94327E-01
    0.11101E+02    0.89571E-01
    0.11326E+02    0.85051E-01
    0.11554E+02    0.80757E-01
    0.11788E+02    0.76676E-01
    0.12026E+02    0.72799E-01
    0.12269E+02    0.69115E-01
    0.12517E+02    0.65616E-01
    0.12770E+02    0.62291E-01
    0.13028E+02    0.59133E-01
    0.13291E+02    0.56133E-01
    0.13559E+02    0.53283E-01
    0.13833E+02    0.50576E-01
    0.14113E+02    0.48005E-01
    0.14398E+02    0.45563E-01
    0.14689E+02    0.43243E-01
    0.14985E+02    0.41041E-01
    0.15288E+02    0.38949E-01
    0.15597E+02    0.36962E-01
    0.15912E+02    0.35076E-01
    0.16233E+02    0.33285E-01
    0.16561E+02    0.31584E-01
    0.16896E+02    0.29969E-01
    0.17237E+02    0.28436E-01
    0.17585E+02    0.26980E-01
    0.17941E+02    0.25598E-01
    0.18303E+02    0.24286E-01
    0.18673E+02    0.23041E-01
    0.19050E+02    0.21859E-01
    0.19435E+02    0.20736E-01
    0.19828E+02    0.19671E-01
    0.20228E+02    0.18660E-01
    0.20637E+02    0.17700E-01
    0.21054E+02    0.16789E-01
    0.21479E+02    0.15925E-01
    0.21913E+02    0.15104E-01
    0.22356E+02    0.14325E-01
    0.22807E+02    0.13586E-01
    0.23268E+02    0.12885E-01
    0.23738E+02    0.12220E-01
    0.24217E+02    0.11589E-01
