#           k/h    P           
   1.00000E-004   5.50195E+002
   1.02020E-004   5.60909E+002
   1.04081E-004   5.71833E+002
   1.06184E-004   5.82969E+002
   1.08329E-004   5.94322E+002
   1.10517E-004   6.05897E+002
   1.12750E-004   6.17696E+002
   1.15027E-004   6.29724E+002
   1.17351E-004   6.41986E+002
   1.19722E-004   6.54486E+002
   1.22140E-004   6.67228E+002
   1.24608E-004   6.80216E+002
   1.27125E-004   6.93454E+002
   1.29693E-004   7.06948E+002
   1.32313E-004   7.20701E+002
   1.34986E-004   7.34718E+002
   1.37713E-004   7.49003E+002
   1.40495E-004   7.63561E+002
   1.43333E-004   7.78395E+002
   1.46228E-004   7.93511E+002
   1.49182E-004   8.08913E+002
   1.52196E-004   8.24605E+002
   1.55271E-004   8.40590E+002
   1.58407E-004   8.56875E+002
   1.61607E-004   8.73461E+002
   1.64872E-004   8.90354E+002
   1.68203E-004   9.07556E+002
   1.71601E-004   9.25072E+002
   1.75067E-004   9.42905E+002
   1.78604E-004   9.61059E+002
   1.82212E-004   9.79536E+002
   1.85893E-004   9.98339E+002
   1.89648E-004   1.01747E+003
   1.93479E-004   1.03693E+003
   1.97388E-004   1.05673E+003
   2.01375E-004   1.07685E+003
   2.05443E-004   1.09732E+003
   2.09594E-004   1.11812E+003
   2.13828E-004   1.13925E+003
   2.18147E-004   1.16072E+003
   2.22554E-004   1.18252E+003
   2.27050E-004   1.20465E+003
   2.31637E-004   1.22712E+003
   2.36316E-004   1.24990E+003
   2.41090E-004   1.27301E+003
   2.45960E-004   1.29644E+003
   2.50929E-004   1.32017E+003
   2.55998E-004   1.34421E+003
   2.61170E-004   1.36855E+003
   2.66446E-004   1.39317E+003
   2.71828E-004   1.41807E+003
   2.77319E-004   1.44323E+003
   2.82922E-004   1.46865E+003
   2.88637E-004   1.49430E+003
   2.94468E-004   1.52018E+003
   3.00417E-004   1.54627E+003
   3.06485E-004   1.57254E+003
   3.12677E-004   1.59899E+003
   3.18993E-004   1.62558E+003
   3.25437E-004   1.65231E+003
   3.32012E-004   1.67914E+003
   3.38719E-004   1.70605E+003
   3.45561E-004   1.73301E+003
   3.52542E-004   1.76001E+003
   3.59664E-004   1.78701E+003
   3.66930E-004   1.81398E+003
   3.74342E-004   1.84089E+003
   3.81904E-004   1.86772E+003
   3.89619E-004   1.89444E+003
   3.97490E-004   1.92100E+003
   4.05520E-004   1.94740E+003
   4.13712E-004   1.97358E+003
   4.22070E-004   1.99952E+003
   4.30596E-004   2.02520E+003
   4.39295E-004   2.05058E+003
   4.48169E-004   2.07564E+003
   4.57222E-004   2.10034E+003
   4.66459E-004   2.12467E+003
   4.75882E-004   2.14861E+003
   4.85496E-004   2.17212E+003
   4.95303E-004   2.19520E+003
   5.05309E-004   2.21783E+003
   5.15517E-004   2.23999E+003
   5.25931E-004   2.26168E+003
   5.36556E-004   2.28289E+003
   5.47395E-004   2.30361E+003
   5.58453E-004   2.32384E+003
   5.69734E-004   2.34359E+003
   5.81244E-004   2.36286E+003
   5.92986E-004   2.38166E+003
   6.04965E-004   2.40000E+003
   6.17186E-004   2.41790E+003
   6.29654E-004   2.43537E+003
   6.42374E-004   2.45244E+003
   6.55350E-004   2.46912E+003
   6.68589E-004   2.48544E+003
   6.82096E-004   2.50143E+003
   6.95875E-004   2.51710E+003
   7.09933E-004   2.53250E+003
   7.24274E-004   2.54765E+003
   7.38906E-004   2.56258E+003
   7.53832E-004   2.57732E+003
   7.69061E-004   2.59190E+003
   7.84597E-004   2.60636E+003
   8.00447E-004   2.62072E+003
   8.16617E-004   2.63502E+003
   8.33114E-004   2.64929E+003
   8.49944E-004   2.66355E+003
   8.67114E-004   2.67784E+003
   8.84631E-004   2.69219E+003
   9.02501E-004   2.70663E+003
   9.20733E-004   2.72118E+003
   9.39333E-004   2.73588E+003
   9.58309E-004   2.75074E+003
   9.77668E-004   2.76581E+003
   9.97418E-004   2.78109E+003
   1.01757E-003   2.79663E+003
   1.03812E-003   2.81244E+003
   1.05910E-003   2.82854E+003
   1.08049E-003   2.84496E+003
   1.10232E-003   2.86173E+003
   1.12459E-003   2.87885E+003
   1.14730E-003   2.89636E+003
   1.17048E-003   2.91427E+003
   1.19413E-003   2.93260E+003
   1.21825E-003   2.95137E+003
   1.24286E-003   2.97060E+003
   1.26797E-003   2.99030E+003
   1.29358E-003   3.01049E+003
   1.31971E-003   3.03119E+003
   1.34637E-003   3.05241E+003
   1.37357E-003   3.07417E+003
   1.40132E-003   3.09648E+003
   1.42963E-003   3.11935E+003
   1.45851E-003   3.14280E+003
   1.48797E-003   3.16684E+003
   1.51803E-003   3.19148E+003
   1.54870E-003   3.21674E+003
   1.57998E-003   3.24262E+003
   1.61190E-003   3.26913E+003
   1.64446E-003   3.29629E+003
   1.67768E-003   3.32410E+003
   1.71158E-003   3.35258E+003
   1.74615E-003   3.38174E+003
   1.78143E-003   3.41157E+003
   1.81741E-003   3.44210E+003
   1.85413E-003   3.47333E+003
   1.89158E-003   3.50526E+003
   1.92980E-003   3.53791E+003
   1.96878E-003   3.57128E+003
   2.00855E-003   3.60537E+003
   2.04913E-003   3.64020E+003
   2.09052E-003   3.67577E+003
   2.13276E-003   3.71208E+003
   2.17584E-003   3.74914E+003
   2.21979E-003   3.78696E+003
   2.26464E-003   3.82553E+003
   2.31039E-003   3.86487E+003
   2.35706E-003   3.90497E+003
   2.40467E-003   3.94584E+003
   2.45325E-003   3.98748E+003
   2.50281E-003   4.02990E+003
   2.55337E-003   4.07309E+003
   2.60495E-003   4.11705E+003
   2.65758E-003   4.16180E+003
   2.71126E-003   4.20732E+003
   2.76603E-003   4.25362E+003
   2.82191E-003   4.30069E+003
   2.87892E-003   4.34855E+003
   2.93708E-003   4.39718E+003
   2.99641E-003   4.44658E+003
   3.05694E-003   4.49675E+003
   3.11870E-003   4.54768E+003
   3.18170E-003   4.59938E+003
   3.24597E-003   4.65184E+003
   3.31155E-003   4.70505E+003
   3.37844E-003   4.75901E+003
   3.44669E-003   4.81371E+003
   3.51632E-003   4.86915E+003
   3.58735E-003   4.92531E+003
   3.65982E-003   4.98218E+003
   3.73376E-003   5.03977E+003
   3.80918E-003   5.09805E+003
   3.88613E-003   5.15702E+003
   3.96464E-003   5.21666E+003
   4.04473E-003   5.27696E+003
   4.12644E-003   5.33792E+003
   4.20980E-003   5.39950E+003
   4.29484E-003   5.46170E+003
   4.38160E-003   5.52450E+003
   4.47012E-003   5.58789E+003
   4.56042E-003   5.65183E+003
   4.65255E-003   5.71633E+003
   4.74653E-003   5.78134E+003
   4.84242E-003   5.84685E+003
   4.94024E-003   5.91285E+003
   5.04004E-003   5.97929E+003
   5.14186E-003   6.04617E+003
   5.24573E-003   6.11344E+003
   5.35170E-003   6.18108E+003
   5.45981E-003   6.24907E+003
   5.57011E-003   6.31738E+003
   5.68263E-003   6.38596E+003
   5.79743E-003   6.45479E+003
   5.91455E-003   6.52383E+003
   6.03403E-003   6.59305E+003
   6.15592E-003   6.66241E+003
   6.28028E-003   6.73187E+003
   6.40715E-003   6.80138E+003
   6.53658E-003   6.87091E+003
   6.66863E-003   6.94042E+003
   6.80335E-003   7.00985E+003
   6.94078E-003   7.07915E+003
   7.08100E-003   7.14829E+003
   7.22404E-003   7.21720E+003
   7.36998E-003   7.28584E+003
   7.51886E-003   7.35416E+003
   7.67075E-003   7.42209E+003
   7.82571E-003   7.48958E+003
   7.98380E-003   7.55657E+003
   8.14509E-003   7.62300E+003
   8.30963E-003   7.68880E+003
   8.47750E-003   7.75392E+003
   8.64875E-003   7.81827E+003
   8.82347E-003   7.88181E+003
   9.00171E-003   7.94445E+003
   9.18356E-003   8.00612E+003
   9.36908E-003   8.06676E+003
   9.55835E-003   8.12627E+003
   9.75144E-003   8.18459E+003
   9.94843E-003   8.24164E+003
   1.01494E-002   8.29733E+003
   1.03544E-002   8.35159E+003
   1.05636E-002   8.40432E+003
   1.07770E-002   8.45545E+003
   1.09947E-002   8.50488E+003
   1.12168E-002   8.55252E+003
   1.14434E-002   8.59829E+003
   1.16746E-002   8.64209E+003
   1.19104E-002   8.68383E+003
   1.21510E-002   8.72342E+003
   1.23965E-002   8.76076E+003
   1.26469E-002   8.79576E+003
   1.29024E-002   8.82831E+003
   1.31631E-002   8.85832E+003
   1.34290E-002   8.88571E+003
   1.37003E-002   8.91035E+003
   1.39770E-002   8.93217E+003
   1.42594E-002   8.95107E+003
   1.45474E-002   8.96694E+003
   1.48413E-002   8.97970E+003
   1.51411E-002   8.98925E+003
   1.54470E-002   8.99549E+003
   1.57590E-002   8.99835E+003
   1.60774E-002   8.99773E+003
   1.64022E-002   8.99355E+003
   1.67335E-002   8.98573E+003
   1.70716E-002   8.97420E+003
   1.74164E-002   8.95887E+003
   1.77683E-002   8.93968E+003
   1.81272E-002   8.91658E+003
   1.84934E-002   8.88951E+003
   1.88670E-002   8.85841E+003
   1.92481E-002   8.82325E+003
   1.96370E-002   8.78399E+003
   2.00337E-002   8.74061E+003
   2.04384E-002   8.69309E+003
   2.08513E-002   8.64142E+003
   2.12725E-002   8.58562E+003
   2.17022E-002   8.52570E+003
   2.21406E-002   8.46168E+003
   2.25879E-002   8.39361E+003
   2.30442E-002   8.32154E+003
   2.35097E-002   8.24554E+003
   2.39847E-002   8.16569E+003
   2.44692E-002   8.08209E+003
   2.49635E-002   7.99486E+003
   2.54678E-002   7.90411E+003
   2.59823E-002   7.80999E+003
   2.65072E-002   7.71267E+003
   2.70426E-002   7.61231E+003
   2.75889E-002   7.50912E+003
   2.81463E-002   7.40328E+003
   2.87149E-002   7.29504E+003
   2.92949E-002   7.18462E+003
   2.98867E-002   7.07227E+003
   3.04905E-002   6.95826E+003
   3.11064E-002   6.84286E+003
   3.17348E-002   6.72637E+003
   3.23759E-002   6.60906E+003
   3.30299E-002   6.49126E+003
   3.36972E-002   6.37327E+003
   3.43779E-002   6.25540E+003
   3.50724E-002   6.13798E+003
   3.57809E-002   6.02130E+003
   3.65038E-002   5.90569E+003
   3.72412E-002   5.79145E+003
   3.79935E-002   5.67889E+003
   3.87610E-002   5.56829E+003
   3.95440E-002   5.45992E+003
   4.03429E-002   5.35404E+003
   4.11579E-002   5.25090E+003
   4.19893E-002   5.15069E+003
   4.28375E-002   5.05360E+003
   4.37029E-002   4.95981E+003
   4.45858E-002   4.86943E+003
   4.54865E-002   4.78255E+003
   4.64053E-002   4.69922E+003
   4.73428E-002   4.61945E+003
   4.82992E-002   4.54322E+003
   4.92749E-002   4.47044E+003
   5.02703E-002   4.40099E+003
   5.12858E-002   4.33468E+003
   5.23219E-002   4.27131E+003
   5.33789E-002   4.21058E+003
   5.44572E-002   4.15218E+003
   5.55573E-002   4.09572E+003
   5.66796E-002   4.04081E+003
   5.78246E-002   3.98696E+003
   5.89927E-002   3.93369E+003
   6.01845E-002   3.88049E+003
   6.14003E-002   3.82680E+003
   6.26407E-002   3.77208E+003
   6.39061E-002   3.71579E+003
   6.51971E-002   3.65742E+003
   6.65142E-002   3.59648E+003
   6.78578E-002   3.53255E+003
   6.92287E-002   3.46527E+003
   7.06272E-002   3.39439E+003
   7.20539E-002   3.31974E+003
   7.35095E-002   3.24129E+003
   7.49945E-002   3.15914E+003
   7.65095E-002   3.07353E+003
   7.80551E-002   2.98483E+003
   7.96319E-002   2.89357E+003
   8.12406E-002   2.80039E+003
   8.28817E-002   2.70604E+003
   8.45561E-002   2.61138E+003
   8.62642E-002   2.51731E+003
   8.80068E-002   2.42476E+003
   8.97847E-002   2.33469E+003
   9.15985E-002   2.24797E+003
   9.34489E-002   2.16543E+003
   9.53367E-002   2.08779E+003
   9.72626E-002   2.01560E+003
   9.92274E-002   1.94927E+003
   1.01232E-001   1.88901E+003
   1.03277E-001   1.83484E+003
   1.05363E-001   1.78657E+003
   1.07492E-001   1.74376E+003
   1.09663E-001   1.70580E+003
   1.11879E-001   1.67188E+003
   1.14139E-001   1.64100E+003
   1.16445E-001   1.61204E+003
   1.18797E-001   1.58382E+003
   1.21197E-001   1.55514E+003
   1.23645E-001   1.52484E+003
   1.26143E-001   1.49195E+003
   1.28691E-001   1.45572E+003
   1.31291E-001   1.41570E+003
   1.33943E-001   1.37182E+003
   1.36649E-001   1.32438E+003
   1.39409E-001   1.27407E+003
   1.42226E-001   1.22187E+003
   1.45099E-001   1.16901E+003
   1.48030E-001   1.11685E+003
   1.51020E-001   1.06671E+003
   1.54071E-001   1.01980E+003
   1.57184E-001   9.77049E+002
   1.60359E-001   9.39083E+002
   1.63598E-001   9.06118E+002
   1.66903E-001   8.77960E+002
   1.70275E-001   8.54019E+002
   1.73715E-001   8.33355E+002
   1.77224E-001   8.14774E+002
   1.80804E-001   7.96952E+002
   1.84457E-001   7.78592E+002
   1.88183E-001   7.58599E+002
   1.91985E-001   7.36238E+002
   1.95863E-001   7.11250E+002
   1.99820E-001   6.83896E+002
   2.03856E-001   6.54910E+002
   2.07974E-001   6.25362E+002
   2.12176E-001   5.96461E+002
   2.16462E-001   5.69345E+002
   2.20835E-001   5.44877E+002
   2.25296E-001   5.23509E+002
   2.29847E-001   5.05218E+002
   2.34490E-001   4.89527E+002
   2.39227E-001   4.75604E+002
   2.44060E-001   4.62432E+002
   2.48990E-001   4.49026E+002
   2.54020E-001   4.34649E+002
   2.59152E-001   4.18974E+002
   2.64387E-001   4.02150E+002
   2.69728E-001   3.84731E+002
   2.75177E-001   3.67505E+002
   2.80736E-001   3.51254E+002
   2.86407E-001   3.36540E+002
   2.92193E-001   3.23560E+002
   2.98096E-001   3.12117E+002
   3.04118E-001   3.01707E+002
   3.10261E-001   2.91695E+002
   3.16529E-001   2.81523E+002
   3.22923E-001   2.70896E+002
   3.29447E-001   2.59854E+002
   3.36102E-001   2.48726E+002
   3.42892E-001   2.37965E+002
   3.49819E-001   2.27951E+002
   3.56885E-001   2.18849E+002
   3.64095E-001   2.10556E+002
   3.71450E-001   2.02779E+002
   3.78954E-001   1.95184E+002
   3.86609E-001   1.87548E+002
   3.94419E-001   1.79847E+002
   4.02387E-001   1.72237E+002
   4.10516E-001   1.64939E+002
   4.18809E-001   1.58107E+002
   4.27269E-001   1.51754E+002
   4.35901E-001   1.45759E+002
   4.44706E-001   1.39961E+002
   4.53690E-001   1.34252E+002
   4.62855E-001   1.28636E+002
   4.72206E-001   1.23195E+002
   4.81745E-001   1.18015E+002
   4.91477E-001   1.13123E+002
   5.01405E-001   1.08473E+002
   5.11534E-001   1.03992E+002
   5.21868E-001   9.96371E+001
   5.32411E-001   9.54137E+001
   5.43166E-001   9.13574E+001
   5.54139E-001   8.74906E+001
   5.65333E-001   8.38022E+001
   5.76753E-001   8.02608E+001
   5.88404E-001   7.68439E+001
   6.00291E-001   7.35511E+001
   6.12418E-001   7.03935E+001
   6.24789E-001   6.73742E+001
   6.37411E-001   6.44829E+001
   6.50288E-001   6.17058E+001
   6.63424E-001   5.90366E+001
   6.76826E-001   5.64764E+001
   6.90499E-001   5.40247E+001
   7.04448E-001   5.16762E+001
   7.18679E-001   4.94236E+001
   7.33197E-001   4.72631E+001
   7.48009E-001   4.51926E+001
   7.63119E-001   4.32095E+001
   7.78536E-001   4.13094E+001
   7.94263E-001   3.94884E+001
   8.10308E-001   3.77439E+001
   8.26677E-001   3.60732E+001
   8.43378E-001   3.44733E+001
   8.60415E-001   3.29411E+001
   8.77797E-001   3.14740E+001
   8.95529E-001   3.00697E+001
   9.13620E-001   2.87255E+001
   9.32076E-001   2.74390E+001
   9.50906E-001   2.62078E+001
   9.70115E-001   2.50297E+001
   9.89713E-001   2.39024E+001
   1.00971E+000   2.28240E+001
   1.03010E+000   2.17922E+001
   1.05091E+000   2.08052E+001
   1.07214E+000   1.98613E+001
   1.09380E+000   1.89586E+001
   1.11590E+000   1.80955E+001
   1.13844E+000   1.72702E+001
   1.16144E+000   1.64814E+001
   1.18490E+000   1.57273E+001
   1.20884E+000   1.50065E+001
   1.23326E+000   1.43177E+001
   1.25817E+000   1.36593E+001
   1.28359E+000   1.30302E+001
   1.30952E+000   1.24291E+001
   1.33597E+000   1.18548E+001
   1.36296E+000   1.13062E+001
   1.39049E+000   1.07823E+001
   1.41858E+000   1.02818E+001
   1.44724E+000   9.80392E+000
   1.47648E+000   9.34753E+000
   1.50630E+000   8.91172E+000
   1.53673E+000   8.49562E+000
   1.56778E+000   8.09836E+000
   1.59945E+000   7.71916E+000
   1.63176E+000   7.35722E+000
   1.66472E+000   7.01178E+000
   1.69835E+000   6.68209E+000
   1.73266E+000   6.36747E+000
   1.76766E+000   6.06725E+000
   1.80337E+000   5.78079E+000
   1.83980E+000   5.50751E+000
   1.87697E+000   5.24682E+000
   1.91489E+000   4.99814E+000
   1.95357E+000   4.76094E+000
   1.99304E+000   4.53470E+000
   2.03330E+000   4.31894E+000
   2.07437E+000   4.11319E+000
   2.11628E+000   3.91701E+000
   2.15903E+000   3.72996E+000
   2.20265E+000   3.55162E+000
   2.24714E+000   3.38160E+000
   2.29254E+000   3.21952E+000
   2.33885E+000   3.06504E+000
   2.38610E+000   2.91780E+000
   2.43430E+000   2.77747E+000
   2.48348E+000   2.64373E+000
   2.53365E+000   2.51629E+000
   2.58483E+000   2.39486E+000
   2.63705E+000   2.27917E+000
   2.69032E+000   2.16893E+000
   2.74466E+000   2.06392E+000
   2.80011E+000   1.96388E+000
   2.85668E+000   1.86860E+000
   2.91439E+000   1.77783E+000
   2.97326E+000   1.69139E+000
   3.03332E+000   1.60906E+000
   3.09460E+000   1.53067E+000
   3.15712E+000   1.45601E+000
   3.22090E+000   1.38493E+000
   3.28596E+000   1.31724E+000
   3.35234E+000   1.25280E+000
   3.42006E+000   1.19146E+000
   3.48916E+000   1.13306E+000
   3.55964E+000   1.07747E+000
   3.63155E+000   1.02455E+000
   3.70491E+000   9.74193E-001
   3.77976E+000   9.26261E-001
   3.85611E+000   8.80645E-001
   3.93401E+000   8.37236E-001
   4.01348E+000   7.95929E-001
   4.09456E+000   7.56625E-001
   4.17727E+000   7.19227E-001
   4.26166E+000   6.83647E-001
   4.34775E+000   6.49798E-001
   4.43558E+000   6.17596E-001
   4.52519E+000   5.86963E-001
   4.61660E+000   5.57825E-001
   4.70987E+000   5.30110E-001
   4.80501E+000   5.03750E-001
   4.90208E+000   4.78679E-001
   5.00111E+000   4.54837E-001
   5.10214E+000   4.32163E-001
   5.20521E+000   4.10602E-001
   5.31036E+000   3.90101E-001
   5.41763E+000   3.70607E-001
   5.52708E+000   3.52073E-001
   5.63873E+000   3.34452E-001
   5.75264E+000   3.17699E-001
   5.86885E+000   3.01774E-001
   5.98741E+000   2.86635E-001
   6.10836E+000   2.72245E-001
   6.23176E+000   2.58567E-001
   6.35765E+000   2.45566E-001
   6.48609E+000   2.33210E-001
   6.61711E+000   2.21467E-001
   6.75079E+000   2.10307E-001
   6.88716E+000   1.99702E-001
   7.02629E+000   1.89624E-001
   7.16823E+000   1.80048E-001
   7.31304E+000   1.70949E-001
   7.46077E+000   1.62304E-001
   7.61149E+000   1.54090E-001
   7.76525E+000   1.46287E-001
   7.92212E+000   1.38874E-001
   8.08217E+000   1.31831E-001
   8.24543E+000   1.25141E-001
   8.41200E+000   1.18787E-001
   8.58193E+000   1.12751E-001
   8.75530E+000   1.07018E-001
   8.93217E+000   1.01573E-001
   9.11261E+000   9.64019E-002
   9.29670E+000   9.14906E-002
   9.48451E+000   8.68266E-002
   9.67610E+000   8.23975E-002
   9.87158E+000   7.81917E-002
   1.00710E+001   7.41981E-002
   1.02744E+001   7.04061E-002
   1.04820E+001   6.68056E-002
   1.06938E+001   6.33872E-002
   1.09098E+001   6.01417E-002
   1.11302E+001   5.70605E-002
   1.13550E+001   5.41354E-002
   1.15844E+001   5.13586E-002
   1.18184E+001   4.87227E-002
   1.20572E+001   4.62206E-002
   1.23007E+001   4.38455E-002
   1.25492E+001   4.15912E-002
   1.28027E+001   3.94516E-002
   1.30614E+001   3.74209E-002
   1.33252E+001   3.54936E-002
   1.35944E+001   3.36645E-002
   1.38691E+001   3.19288E-002
   1.41492E+001   3.02816E-002
   1.44351E+001   2.87184E-002
   1.47267E+001   2.72350E-002
   1.50242E+001   2.58277E-002
