#           k/h    P           
   1.00000E-004   6.57465E+002
   1.02020E-004   6.69740E+002
   1.04081E-004   6.82225E+002
   1.06184E-004   6.94923E+002
   1.08329E-004   7.07836E+002
   1.10517E-004   7.20967E+002
   1.12750E-004   7.34317E+002
   1.15027E-004   7.47890E+002
   1.17351E-004   7.61687E+002
   1.19722E-004   7.75710E+002
   1.22140E-004   7.89963E+002
   1.24608E-004   8.04445E+002
   1.27125E-004   8.19160E+002
   1.29693E-004   8.34109E+002
   1.32313E-004   8.49295E+002
   1.34986E-004   8.64717E+002
   1.37713E-004   8.80379E+002
   1.40495E-004   8.96281E+002
   1.43333E-004   9.12425E+002
   1.46228E-004   9.28811E+002
   1.49182E-004   9.45441E+002
   1.52196E-004   9.62315E+002
   1.55271E-004   9.79433E+002
   1.58407E-004   9.96797E+002
   1.61607E-004   1.01441E+003
   1.64872E-004   1.03226E+003
   1.68203E-004   1.05036E+003
   1.71601E-004   1.06870E+003
   1.75067E-004   1.08729E+003
   1.78604E-004   1.10611E+003
   1.82212E-004   1.12518E+003
   1.85893E-004   1.14449E+003
   1.89648E-004   1.16404E+003
   1.93479E-004   1.18382E+003
   1.97388E-004   1.20383E+003
   2.01375E-004   1.22408E+003
   2.05443E-004   1.24455E+003
   2.09594E-004   1.26524E+003
   2.13828E-004   1.28616E+003
   2.18147E-004   1.30728E+003
   2.22554E-004   1.32862E+003
   2.27050E-004   1.35017E+003
   2.31637E-004   1.37191E+003
   2.36316E-004   1.39385E+003
   2.41090E-004   1.41598E+003
   2.45960E-004   1.43828E+003
   2.50929E-004   1.46077E+003
   2.55998E-004   1.48342E+003
   2.61170E-004   1.50623E+003
   2.66446E-004   1.52919E+003
   2.71828E-004   1.55229E+003
   2.77319E-004   1.57553E+003
   2.82922E-004   1.59890E+003
   2.88637E-004   1.62238E+003
   2.94468E-004   1.64597E+003
   3.00417E-004   1.66965E+003
   3.06485E-004   1.69343E+003
   3.12677E-004   1.71728E+003
   3.18993E-004   1.74119E+003
   3.25437E-004   1.76517E+003
   3.32012E-004   1.78919E+003
   3.38719E-004   1.81324E+003
   3.45561E-004   1.83732E+003
   3.52542E-004   1.86142E+003
   3.59664E-004   1.88553E+003
   3.66930E-004   1.90963E+003
   3.74342E-004   1.93372E+003
   3.81904E-004   1.95780E+003
   3.89619E-004   1.98184E+003
   3.97490E-004   2.00585E+003
   4.05520E-004   2.02982E+003
   4.13712E-004   2.05375E+003
   4.22070E-004   2.07762E+003
   4.30596E-004   2.10144E+003
   4.39295E-004   2.12521E+003
   4.48169E-004   2.14892E+003
   4.57222E-004   2.17258E+003
   4.66459E-004   2.19618E+003
   4.75882E-004   2.21973E+003
   4.85496E-004   2.24324E+003
   4.95303E-004   2.26671E+003
   5.05309E-004   2.29016E+003
   5.15517E-004   2.31358E+003
   5.25931E-004   2.33700E+003
   5.36556E-004   2.36042E+003
   5.47395E-004   2.38387E+003
   5.58453E-004   2.40736E+003
   5.69734E-004   2.43091E+003
   5.81244E-004   2.45454E+003
   5.92986E-004   2.47827E+003
   6.04965E-004   2.50213E+003
   6.17186E-004   2.52614E+003
   6.29654E-004   2.55033E+003
   6.42374E-004   2.57472E+003
   6.55350E-004   2.59935E+003
   6.68589E-004   2.62423E+003
   6.82096E-004   2.64941E+003
   6.95875E-004   2.67490E+003
   7.09933E-004   2.70074E+003
   7.24274E-004   2.72696E+003
   7.38906E-004   2.75358E+003
   7.53832E-004   2.78064E+003
   7.69061E-004   2.80815E+003
   7.84597E-004   2.83616E+003
   8.00447E-004   2.86467E+003
   8.16617E-004   2.89372E+003
   8.33114E-004   2.92334E+003
   8.49944E-004   2.95353E+003
   8.67114E-004   2.98434E+003
   8.84631E-004   3.01577E+003
   9.02501E-004   3.04785E+003
   9.20733E-004   3.08060E+003
   9.39333E-004   3.11404E+003
   9.58309E-004   3.14819E+003
   9.77668E-004   3.18307E+003
   9.97418E-004   3.21870E+003
   1.01757E-003   3.25510E+003
   1.03812E-003   3.29229E+003
   1.05910E-003   3.33030E+003
   1.08049E-003   3.36914E+003
   1.10232E-003   3.40883E+003
   1.12459E-003   3.44941E+003
   1.14730E-003   3.49087E+003
   1.17048E-003   3.53325E+003
   1.19413E-003   3.57657E+003
   1.21825E-003   3.62084E+003
   1.24286E-003   3.66607E+003
   1.26797E-003   3.71229E+003
   1.29358E-003   3.75950E+003
   1.31971E-003   3.80772E+003
   1.34637E-003   3.85697E+003
   1.37357E-003   3.90724E+003
   1.40132E-003   3.95857E+003
   1.42963E-003   4.01095E+003
   1.45851E-003   4.06441E+003
   1.48797E-003   4.11895E+003
   1.51803E-003   4.17460E+003
   1.54870E-003   4.23136E+003
   1.57998E-003   4.28926E+003
   1.61190E-003   4.34830E+003
   1.64446E-003   4.40851E+003
   1.67768E-003   4.46990E+003
   1.71158E-003   4.53247E+003
   1.74615E-003   4.59624E+003
   1.78143E-003   4.66122E+003
   1.81741E-003   4.72740E+003
   1.85413E-003   4.79481E+003
   1.89158E-003   4.86345E+003
   1.92980E-003   4.93331E+003
   1.96878E-003   5.00443E+003
   2.00855E-003   5.07681E+003
   2.04913E-003   5.15045E+003
   2.09052E-003   5.22538E+003
   2.13276E-003   5.30159E+003
   2.17584E-003   5.37910E+003
   2.21979E-003   5.45790E+003
   2.26464E-003   5.53801E+003
   2.31039E-003   5.61942E+003
   2.35706E-003   5.70213E+003
   2.40467E-003   5.78615E+003
   2.45325E-003   5.87149E+003
   2.50281E-003   5.95814E+003
   2.55337E-003   6.04612E+003
   2.60495E-003   6.13543E+003
   2.65758E-003   6.22606E+003
   2.71126E-003   6.31802E+003
   2.76603E-003   6.41129E+003
   2.82191E-003   6.50588E+003
   2.87892E-003   6.60178E+003
   2.93708E-003   6.69899E+003
   2.99641E-003   6.79751E+003
   3.05694E-003   6.89733E+003
   3.11870E-003   6.99845E+003
   3.18170E-003   7.10086E+003
   3.24597E-003   7.20454E+003
   3.31155E-003   7.30948E+003
   3.37844E-003   7.41568E+003
   3.44669E-003   7.52312E+003
   3.51632E-003   7.63180E+003
   3.58735E-003   7.74170E+003
   3.65982E-003   7.85280E+003
   3.73376E-003   7.96507E+003
   3.80918E-003   8.07850E+003
   3.88613E-003   8.19308E+003
   3.96464E-003   8.30878E+003
   4.04473E-003   8.42558E+003
   4.12644E-003   8.54345E+003
   4.20980E-003   8.66236E+003
   4.29484E-003   8.78229E+003
   4.38160E-003   8.90320E+003
   4.47012E-003   9.02507E+003
   4.56042E-003   9.14786E+003
   4.65255E-003   9.27153E+003
   4.74653E-003   9.39605E+003
   4.84242E-003   9.52137E+003
   4.94024E-003   9.64747E+003
   5.04004E-003   9.77428E+003
   5.14186E-003   9.90177E+003
   5.24573E-003   1.00299E+004
   5.35170E-003   1.01586E+004
   5.45981E-003   1.02878E+004
   5.57011E-003   1.04175E+004
   5.68263E-003   1.05476E+004
   5.79743E-003   1.06781E+004
   5.91455E-003   1.08088E+004
   6.03403E-003   1.09398E+004
   6.15592E-003   1.10710E+004
   6.28028E-003   1.12022E+004
   6.40715E-003   1.13335E+004
   6.53658E-003   1.14647E+004
   6.66863E-003   1.15958E+004
   6.80335E-003   1.17266E+004
   6.94078E-003   1.18572E+004
   7.08100E-003   1.19874E+004
   7.22404E-003   1.21171E+004
   7.36998E-003   1.22462E+004
   7.51886E-003   1.23747E+004
   7.67075E-003   1.25024E+004
   7.82571E-003   1.26293E+004
   7.98380E-003   1.27552E+004
   8.14509E-003   1.28801E+004
   8.30963E-003   1.30037E+004
   8.47750E-003   1.31261E+004
   8.64875E-003   1.32470E+004
   8.82347E-003   1.33665E+004
   9.00171E-003   1.34842E+004
   9.18356E-003   1.36002E+004
   9.36908E-003   1.37143E+004
   9.55835E-003   1.38263E+004
   9.75144E-003   1.39362E+004
   9.94843E-003   1.40437E+004
   1.01494E-002   1.41488E+004
   1.03544E-002   1.42512E+004
   1.05636E-002   1.43510E+004
   1.07770E-002   1.44478E+004
   1.09947E-002   1.45415E+004
   1.12168E-002   1.46321E+004
   1.14434E-002   1.47192E+004
   1.16746E-002   1.48029E+004
   1.19104E-002   1.48828E+004
   1.21510E-002   1.49589E+004
   1.23965E-002   1.50310E+004
   1.26469E-002   1.50988E+004
   1.29024E-002   1.51624E+004
   1.31631E-002   1.52213E+004
   1.34290E-002   1.52756E+004
   1.37003E-002   1.53251E+004
   1.39770E-002   1.53694E+004
   1.42594E-002   1.54086E+004
   1.45474E-002   1.54424E+004
   1.48413E-002   1.54707E+004
   1.51411E-002   1.54933E+004
   1.54470E-002   1.55100E+004
   1.57590E-002   1.55207E+004
   1.60774E-002   1.55253E+004
   1.64022E-002   1.55235E+004
   1.67335E-002   1.55153E+004
   1.70716E-002   1.55004E+004
   1.74164E-002   1.54789E+004
   1.77683E-002   1.54506E+004
   1.81272E-002   1.54153E+004
   1.84934E-002   1.53729E+004
   1.88670E-002   1.53235E+004
   1.92481E-002   1.52668E+004
   1.96370E-002   1.52030E+004
   2.00337E-002   1.51318E+004
   2.04384E-002   1.50533E+004
   2.08513E-002   1.49674E+004
   2.12725E-002   1.48743E+004
   2.17022E-002   1.47738E+004
   2.21406E-002   1.46661E+004
   2.25879E-002   1.45513E+004
   2.30442E-002   1.44293E+004
   2.35097E-002   1.43004E+004
   2.39847E-002   1.41647E+004
   2.44692E-002   1.40223E+004
   2.49635E-002   1.38735E+004
   2.54678E-002   1.37185E+004
   2.59823E-002   1.35575E+004
   2.65072E-002   1.33907E+004
   2.70426E-002   1.32186E+004
   2.75889E-002   1.30415E+004
   2.81463E-002   1.28596E+004
   2.87149E-002   1.26734E+004
   2.92949E-002   1.24833E+004
   2.98867E-002   1.22898E+004
   3.04905E-002   1.20933E+004
   3.11064E-002   1.18942E+004
   3.17348E-002   1.16931E+004
   3.23759E-002   1.14906E+004
   3.30299E-002   1.12870E+004
   3.36972E-002   1.10830E+004
   3.43779E-002   1.08792E+004
   3.50724E-002   1.06760E+004
   3.57809E-002   1.04741E+004
   3.65038E-002   1.02739E+004
   3.72412E-002   1.00761E+004
   3.79935E-002   9.88102E+003
   3.87610E-002   9.68933E+003
   3.95440E-002   9.50146E+003
   4.03429E-002   9.31785E+003
   4.11579E-002   9.13892E+003
   4.19893E-002   8.96506E+003
   4.28375E-002   8.79659E+003
   4.37029E-002   8.63378E+003
   4.45858E-002   8.47686E+003
   4.54865E-002   8.32599E+003
   4.64053E-002   8.18127E+003
   4.73428E-002   8.04271E+003
   4.82992E-002   7.91026E+003
   4.92749E-002   7.78379E+003
   5.02703E-002   7.66309E+003
   5.12858E-002   7.54784E+003
   5.23219E-002   7.43767E+003
   5.33789E-002   7.33209E+003
   5.44572E-002   7.23054E+003
   5.55573E-002   7.13238E+003
   5.66796E-002   7.03688E+003
   5.78246E-002   6.94324E+003
   5.89927E-002   6.85060E+003
   6.01845E-002   6.75806E+003
   6.14003E-002   6.66468E+003
   6.26407E-002   6.56951E+003
   6.39061E-002   6.47161E+003
   6.51971E-002   6.37009E+003
   6.65142E-002   6.26409E+003
   6.78578E-002   6.15289E+003
   6.92287E-002   6.03587E+003
   7.06272E-002   5.91256E+003
   7.20539E-002   5.78271E+003
   7.35095E-002   5.64624E+003
   7.49945E-002   5.50332E+003
   7.65095E-002   5.35438E+003
   7.80551E-002   5.20006E+003
   7.96319E-002   5.04126E+003
   8.12406E-002   4.87910E+003
   8.28817E-002   4.71491E+003
   8.45561E-002   4.55015E+003
   8.62642E-002   4.38640E+003
   8.80068E-002   4.22530E+003
   8.97847E-002   4.06847E+003
   9.15985E-002   3.91748E+003
   9.34489E-002   3.77375E+003
   9.53367E-002   3.63851E+003
   9.72626E-002   3.51275E+003
   9.92274E-002   3.39719E+003
   1.01232E-001   3.29220E+003
   1.03277E-001   3.19780E+003
   1.05363E-001   3.11364E+003
   1.07492E-001   3.03901E+003
   1.09663E-001   2.97282E+003
   1.11879E-001   2.91364E+003
   1.14139E-001   2.85977E+003
   1.16445E-001   2.80927E+003
   1.18797E-001   2.76005E+003
   1.21197E-001   2.71002E+003
   1.23645E-001   2.65721E+003
   1.26143E-001   2.59989E+003
   1.28691E-001   2.53676E+003
   1.31291E-001   2.46705E+003
   1.33943E-001   2.39062E+003
   1.36649E-001   2.30800E+003
   1.39409E-001   2.22037E+003
   1.42226E-001   2.12946E+003
   1.45099E-001   2.03741E+003
   1.48030E-001   1.94656E+003
   1.51020E-001   1.85922E+003
   1.54071E-001   1.77749E+003
   1.57184E-001   1.70301E+003
   1.60359E-001   1.63684E+003
   1.63598E-001   1.57938E+003
   1.66903E-001   1.53029E+003
   1.70275E-001   1.48853E+003
   1.73715E-001   1.45249E+003
   1.77224E-001   1.42007E+003
   1.80804E-001   1.38898E+003
   1.84457E-001   1.35697E+003
   1.88183E-001   1.32211E+003
   1.91985E-001   1.28314E+003
   1.95863E-001   1.23960E+003
   1.99820E-001   1.19194E+003
   2.03856E-001   1.14145E+003
   2.07974E-001   1.08997E+003
   2.12176E-001   1.03962E+003
   2.16462E-001   9.92377E+002
   2.20835E-001   9.49738E+002
   2.25296E-001   9.12495E+002
   2.29847E-001   8.80608E+002
   2.34490E-001   8.53247E+002
   2.39227E-001   8.28965E+002
   2.44060E-001   8.05994E+002
   2.48990E-001   7.82620E+002
   2.54020E-001   7.57559E+002
   2.59152E-001   7.30242E+002
   2.64387E-001   7.00926E+002
   2.69728E-001   6.70576E+002
   2.75177E-001   6.40560E+002
   2.80736E-001   6.12241E+002
   2.86407E-001   5.86597E+002
   2.92193E-001   5.63971E+002
   2.98096E-001   5.44022E+002
   3.04118E-001   5.25873E+002
   3.10261E-001   5.08417E+002
   3.16529E-001   4.90686E+002
   3.22923E-001   4.72163E+002
   3.29447E-001   4.52921E+002
   3.36102E-001   4.33529E+002
   3.42892E-001   4.14774E+002
   3.49819E-001   3.97322E+002
   3.56885E-001   3.81456E+002
   3.64095E-001   3.66999E+002
   3.71450E-001   3.53443E+002
   3.78954E-001   3.40204E+002
   3.86609E-001   3.26893E+002
   3.94419E-001   3.13472E+002
   4.02387E-001   3.00209E+002
   4.10516E-001   2.87489E+002
   4.18809E-001   2.75582E+002
   4.27269E-001   2.64507E+002
   4.35901E-001   2.54058E+002
   4.44706E-001   2.43951E+002
   4.53690E-001   2.34002E+002
   4.62855E-001   2.24213E+002
   4.72206E-001   2.14729E+002
   4.81745E-001   2.05701E+002
   4.91477E-001   1.97173E+002
   5.01405E-001   1.89068E+002
   5.11534E-001   1.81259E+002
   5.21868E-001   1.73668E+002
   5.32411E-001   1.66306E+002
   5.43166E-001   1.59236E+002
   5.54139E-001   1.52496E+002
   5.65333E-001   1.46068E+002
   5.76753E-001   1.39895E+002
   5.88404E-001   1.33939E+002
   6.00291E-001   1.28200E+002
   6.12418E-001   1.22696E+002
   6.24789E-001   1.17433E+002
   6.37411E-001   1.12394E+002
   6.50288E-001   1.07553E+002
   6.63424E-001   1.02901E+002
   6.76826E-001   9.84385E+001
   6.90499E-001   9.41652E+001
   7.04448E-001   9.00717E+001
   7.18679E-001   8.61455E+001
   7.33197E-001   8.23796E+001
   7.48009E-001   7.87709E+001
   7.63119E-001   7.53143E+001
   7.78536E-001   7.20024E+001
   7.94263E-001   6.88284E+001
   8.10308E-001   6.57876E+001
   8.26677E-001   6.28756E+001
   8.43378E-001   6.00870E+001
   8.60415E-001   5.74164E+001
   8.77797E-001   5.48592E+001
   8.95529E-001   5.24115E+001
   9.13620E-001   5.00686E+001
   9.32076E-001   4.78262E+001
   9.50906E-001   4.56802E+001
   9.70115E-001   4.36268E+001
   9.89713E-001   4.16620E+001
   1.00971E+000   3.97822E+001
   1.03010E+000   3.79838E+001
   1.05091E+000   3.62636E+001
   1.07214E+000   3.46183E+001
   1.09380E+000   3.30449E+001
   1.11590E+000   3.15404E+001
   1.13844E+000   3.01020E+001
   1.16144E+000   2.87270E+001
   1.18490E+000   2.74127E+001
   1.20884E+000   2.61564E+001
   1.23326E+000   2.49557E+001
   1.25817E+000   2.38082E+001
   1.28359E+000   2.27116E+001
   1.30952E+000   2.16639E+001
   1.33597E+000   2.06629E+001
   1.36296E+000   1.97067E+001
   1.39049E+000   1.87935E+001
   1.41858E+000   1.79212E+001
   1.44724E+000   1.70882E+001
   1.47648E+000   1.62927E+001
   1.50630E+000   1.55331E+001
   1.53673E+000   1.48079E+001
   1.56778E+000   1.41154E+001
   1.59945E+000   1.34545E+001
   1.63176E+000   1.28236E+001
   1.66472E+000   1.22215E+001
   1.69835E+000   1.16469E+001
   1.73266E+000   1.10985E+001
   1.76766E+000   1.05752E+001
   1.80337E+000   1.00759E+001
   1.83980E+000   9.59959E+000
   1.87697E+000   9.14520E+000
   1.91489E+000   8.71176E+000
   1.95357E+000   8.29831E+000
   1.99304E+000   7.90398E+000
   2.03330E+000   7.52791E+000
   2.07437E+000   7.16930E+000
   2.11628E+000   6.82735E+000
   2.15903E+000   6.50131E+000
   2.20265E+000   6.19047E+000
   2.24714E+000   5.89412E+000
   2.29254E+000   5.61163E+000
   2.33885E+000   5.34237E+000
   2.38610E+000   5.08573E+000
   2.43430E+000   4.84113E+000
   2.48348E+000   4.60803E+000
   2.53365E+000   4.38590E+000
   2.58483E+000   4.17425E+000
   2.63705E+000   3.97259E+000
   2.69032E+000   3.78046E+000
   2.74466E+000   3.59742E+000
   2.80011E+000   3.42305E+000
   2.85668E+000   3.25697E+000
   2.91439E+000   3.09877E+000
   2.97326E+000   2.94810E+000
   3.03332E+000   2.80460E+000
   3.09460E+000   2.66796E+000
   3.15712E+000   2.53783E+000
   3.22090E+000   2.41393E+000
   3.28596E+000   2.29596E+000
   3.35234E+000   2.18364E+000
   3.42006E+000   2.07672E+000
   3.48916E+000   1.97493E+000
   3.55964E+000   1.87803E+000
   3.63155E+000   1.78580E+000
   3.70491E+000   1.69802E+000
   3.77976E+000   1.61448E+000
   3.85611E+000   1.53497E+000
   3.93401E+000   1.45931E+000
   4.01348E+000   1.38731E+000
   4.09456E+000   1.31880E+000
   4.17727E+000   1.25362E+000
   4.26166E+000   1.19160E+000
   4.34775E+000   1.13260E+000
   4.43558E+000   1.07647E+000
   4.52519E+000   1.02308E+000
   4.61660E+000   9.72294E-001
   4.70987E+000   9.23987E-001
   4.80501E+000   8.78040E-001
   4.90208E+000   8.34343E-001
   5.00111E+000   7.92785E-001
   5.10214E+000   7.53265E-001
   5.20521E+000   7.15684E-001
   5.31036E+000   6.79950E-001
   5.41763E+000   6.45973E-001
   5.52708E+000   6.13667E-001
   5.63873E+000   5.82954E-001
   5.75264E+000   5.53754E-001
   5.86885E+000   5.25996E-001
   5.98741E+000   4.99609E-001
   6.10836E+000   4.74527E-001
   6.23176E+000   4.50686E-001
   6.35765E+000   4.28026E-001
   6.48609E+000   4.06489E-001
   6.61711E+000   3.86021E-001
   6.75079E+000   3.66569E-001
   6.88716E+000   3.48084E-001
   7.02629E+000   3.30518E-001
   7.16823E+000   3.13827E-001
   7.31304E+000   2.97968E-001
   7.46077E+000   2.82900E-001
   7.61149E+000   2.68583E-001
   7.76525E+000   2.54982E-001
   7.92212E+000   2.42061E-001
   8.08217E+000   2.29786E-001
   8.24543E+000   2.18125E-001
   8.41200E+000   2.07049E-001
   8.58193E+000   1.96529E-001
   8.75530E+000   1.86536E-001
   8.93217E+000   1.77045E-001
   9.11261E+000   1.68032E-001
   9.29670E+000   1.59471E-001
   9.48451E+000   1.51342E-001
   9.67610E+000   1.43622E-001
   9.87158E+000   1.36291E-001
   1.00710E+001   1.29330E-001
   1.02744E+001   1.22721E-001
   1.04820E+001   1.16445E-001
   1.06938E+001   1.10487E-001
   1.09098E+001   1.04830E-001
   1.11302E+001   9.94591E-002
   1.13550E+001   9.43606E-002
   1.15844E+001   8.95206E-002
   1.18184E+001   8.49261E-002
   1.20572E+001   8.05648E-002
   1.23007E+001   7.64252E-002
   1.25492E+001   7.24959E-002
   1.28027E+001   6.87665E-002
   1.30614E+001   6.52269E-002
   1.33252E+001   6.18676E-002
   1.35944E+001   5.86795E-002
   1.38691E+001   5.56540E-002
   1.41492E+001   5.27830E-002
   1.44351E+001   5.00583E-002
   1.47267E+001   4.74727E-002
   1.50242E+001   4.50198E-002
