#           k/h    P           
   1.00000E-004   3.49955E+002
   1.02020E-004   3.56581E+002
   1.04081E-004   3.63326E+002
   1.06184E-004   3.70192E+002
   1.08329E-004   3.77181E+002
   1.10517E-004   3.84294E+002
   1.12750E-004   3.91533E+002
   1.15027E-004   3.98900E+002
   1.17351E-004   4.06397E+002
   1.19722E-004   4.14025E+002
   1.22140E-004   4.21786E+002
   1.24608E-004   4.29682E+002
   1.27125E-004   4.37714E+002
   1.29693E-004   4.45885E+002
   1.32313E-004   4.54196E+002
   1.34986E-004   4.62648E+002
   1.37713E-004   4.71244E+002
   1.40495E-004   4.79984E+002
   1.43333E-004   4.88871E+002
   1.46228E-004   4.97906E+002
   1.49182E-004   5.07090E+002
   1.52196E-004   5.16426E+002
   1.55271E-004   5.25913E+002
   1.58407E-004   5.35555E+002
   1.61607E-004   5.45351E+002
   1.64872E-004   5.55304E+002
   1.68203E-004   5.65414E+002
   1.71601E-004   5.75683E+002
   1.75067E-004   5.86112E+002
   1.78604E-004   5.96701E+002
   1.82212E-004   6.07452E+002
   1.85893E-004   6.18365E+002
   1.89648E-004   6.29442E+002
   1.93479E-004   6.40682E+002
   1.97388E-004   6.52086E+002
   2.01375E-004   6.63654E+002
   2.05443E-004   6.75388E+002
   2.09594E-004   6.87286E+002
   2.13828E-004   6.99350E+002
   2.18147E-004   7.11578E+002
   2.22554E-004   7.23971E+002
   2.27050E-004   7.36529E+002
   2.31637E-004   7.49250E+002
   2.36316E-004   7.62134E+002
   2.41090E-004   7.75180E+002
   2.45960E-004   7.88387E+002
   2.50929E-004   8.01754E+002
   2.55998E-004   8.15280E+002
   2.61170E-004   8.28962E+002
   2.66446E-004   8.42800E+002
   2.71828E-004   8.56792E+002
   2.77319E-004   8.70935E+002
   2.82922E-004   8.85227E+002
   2.88637E-004   8.99666E+002
   2.94468E-004   9.14249E+002
   3.00417E-004   9.28973E+002
   3.06485E-004   9.43835E+002
   3.12677E-004   9.58834E+002
   3.18993E-004   9.73964E+002
   3.25437E-004   9.89223E+002
   3.32012E-004   1.00461E+003
   3.38719E-004   1.02011E+003
   3.45561E-004   1.03574E+003
   3.52542E-004   1.05147E+003
   3.59664E-004   1.06732E+003
   3.66930E-004   1.08328E+003
   3.74342E-004   1.09934E+003
   3.81904E-004   1.11549E+003
   3.89619E-004   1.13174E+003
   3.97490E-004   1.14808E+003
   4.05520E-004   1.16451E+003
   4.13712E-004   1.18103E+003
   4.22070E-004   1.19762E+003
   4.30596E-004   1.21429E+003
   4.39295E-004   1.23104E+003
   4.48169E-004   1.24786E+003
   4.57222E-004   1.26475E+003
   4.66459E-004   1.28170E+003
   4.75882E-004   1.29873E+003
   4.85496E-004   1.31582E+003
   4.95303E-004   1.33298E+003
   5.05309E-004   1.35020E+003
   5.15517E-004   1.36749E+003
   5.25931E-004   1.38485E+003
   5.36556E-004   1.40229E+003
   5.47395E-004   1.41980E+003
   5.58453E-004   1.43739E+003
   5.69734E-004   1.45506E+003
   5.81244E-004   1.47283E+003
   5.92986E-004   1.49069E+003
   6.04965E-004   1.50866E+003
   6.17186E-004   1.52675E+003
   6.29654E-004   1.54495E+003
   6.42374E-004   1.56329E+003
   6.55350E-004   1.58178E+003
   6.68589E-004   1.60042E+003
   6.82096E-004   1.61924E+003
   6.95875E-004   1.63823E+003
   7.09933E-004   1.65743E+003
   7.24274E-004   1.67684E+003
   7.38906E-004   1.69647E+003
   7.53832E-004   1.71635E+003
   7.69061E-004   1.73649E+003
   7.84597E-004   1.75690E+003
   8.00447E-004   1.77761E+003
   8.16617E-004   1.79862E+003
   8.33114E-004   1.81995E+003
   8.49944E-004   1.84163E+003
   8.67114E-004   1.86365E+003
   8.84631E-004   1.88605E+003
   9.02501E-004   1.90883E+003
   9.20733E-004   1.93201E+003
   9.39333E-004   1.95560E+003
   9.58309E-004   1.97962E+003
   9.77668E-004   2.00407E+003
   9.97418E-004   2.02897E+003
   1.01757E-003   2.05434E+003
   1.03812E-003   2.08018E+003
   1.05910E-003   2.10650E+003
   1.08049E-003   2.13333E+003
   1.10232E-003   2.16066E+003
   1.12459E-003   2.18851E+003
   1.14730E-003   2.21690E+003
   1.17048E-003   2.24583E+003
   1.19413E-003   2.27532E+003
   1.21825E-003   2.30538E+003
   1.24286E-003   2.33602E+003
   1.26797E-003   2.36727E+003
   1.29358E-003   2.39912E+003
   1.31971E-003   2.43159E+003
   1.34637E-003   2.46470E+003
   1.37357E-003   2.49846E+003
   1.40132E-003   2.53288E+003
   1.42963E-003   2.56796E+003
   1.45851E-003   2.60372E+003
   1.48797E-003   2.64016E+003
   1.51803E-003   2.67730E+003
   1.54870E-003   2.71514E+003
   1.57998E-003   2.75369E+003
   1.61190E-003   2.79296E+003
   1.64446E-003   2.83294E+003
   1.67768E-003   2.87366E+003
   1.71158E-003   2.91512E+003
   1.74615E-003   2.95733E+003
   1.78143E-003   3.00030E+003
   1.81741E-003   3.04403E+003
   1.85413E-003   3.08854E+003
   1.89158E-003   3.13383E+003
   1.92980E-003   3.17992E+003
   1.96878E-003   3.22680E+003
   2.00855E-003   3.27449E+003
   2.04913E-003   3.32299E+003
   2.09052E-003   3.37231E+003
   2.13276E-003   3.42243E+003
   2.17584E-003   3.47338E+003
   2.21979E-003   3.52515E+003
   2.26464E-003   3.57774E+003
   2.31039E-003   3.63117E+003
   2.35706E-003   3.68543E+003
   2.40467E-003   3.74054E+003
   2.45325E-003   3.79649E+003
   2.50281E-003   3.85329E+003
   2.55337E-003   3.91094E+003
   2.60495E-003   3.96944E+003
   2.65758E-003   4.02878E+003
   2.71126E-003   4.08897E+003
   2.76603E-003   4.15000E+003
   2.82191E-003   4.21188E+003
   2.87892E-003   4.27460E+003
   2.93708E-003   4.33816E+003
   2.99641E-003   4.40256E+003
   3.05694E-003   4.46781E+003
   3.11870E-003   4.53389E+003
   3.18170E-003   4.60079E+003
   3.24597E-003   4.66851E+003
   3.31155E-003   4.73705E+003
   3.37844E-003   4.80639E+003
   3.44669E-003   4.87653E+003
   3.51632E-003   4.94747E+003
   3.58735E-003   5.01919E+003
   3.65982E-003   5.09169E+003
   3.73376E-003   5.16494E+003
   3.80918E-003   5.23895E+003
   3.88613E-003   5.31368E+003
   3.96464E-003   5.38914E+003
   4.04473E-003   5.46530E+003
   4.12644E-003   5.54216E+003
   4.20980E-003   5.61969E+003
   4.29484E-003   5.69787E+003
   4.38160E-003   5.77669E+003
   4.47012E-003   5.85612E+003
   4.56042E-003   5.93614E+003
   4.65255E-003   6.01673E+003
   4.74653E-003   6.09787E+003
   4.84242E-003   6.17953E+003
   4.94024E-003   6.26168E+003
   5.04004E-003   6.34429E+003
   5.14186E-003   6.42734E+003
   5.24573E-003   6.51079E+003
   5.35170E-003   6.59462E+003
   5.45981E-003   6.67878E+003
   5.57011E-003   6.76324E+003
   5.68263E-003   6.84797E+003
   5.79743E-003   6.93292E+003
   5.91455E-003   7.01806E+003
   6.03403E-003   7.10335E+003
   6.15592E-003   7.18874E+003
   6.28028E-003   7.27419E+003
   6.40715E-003   7.35964E+003
   6.53658E-003   7.44506E+003
   6.66863E-003   7.53038E+003
   6.80335E-003   7.61557E+003
   6.94078E-003   7.70056E+003
   7.08100E-003   7.78529E+003
   7.22404E-003   7.86972E+003
   7.36998E-003   7.95378E+003
   7.51886E-003   8.03740E+003
   7.67075E-003   8.12053E+003
   7.82571E-003   8.20310E+003
   7.98380E-003   8.28504E+003
   8.14509E-003   8.36628E+003
   8.30963E-003   8.44675E+003
   8.47750E-003   8.52638E+003
   8.64875E-003   8.60509E+003
   8.82347E-003   8.68280E+003
   9.00171E-003   8.75943E+003
   9.18356E-003   8.83491E+003
   9.36908E-003   8.90913E+003
   9.55835E-003   8.98203E+003
   9.75144E-003   9.05351E+003
   9.94843E-003   9.12348E+003
   1.01494E-002   9.19185E+003
   1.03544E-002   9.25852E+003
   1.05636E-002   9.32340E+003
   1.07770E-002   9.38640E+003
   1.09947E-002   9.44740E+003
   1.12168E-002   9.50632E+003
   1.14434E-002   9.56304E+003
   1.16746E-002   9.61747E+003
   1.19104E-002   9.66949E+003
   1.21510E-002   9.71901E+003
   1.23965E-002   9.76590E+003
   1.26469E-002   9.81008E+003
   1.29024E-002   9.85142E+003
   1.31631E-002   9.88981E+003
   1.34290E-002   9.92516E+003
   1.37003E-002   9.95733E+003
   1.39770E-002   9.98624E+003
   1.42594E-002   1.00118E+004
   1.45474E-002   1.00338E+004
   1.48413E-002   1.00522E+004
   1.51411E-002   1.00669E+004
   1.54470E-002   1.00778E+004
   1.57590E-002   1.00849E+004
   1.60774E-002   1.00878E+004
   1.64022E-002   1.00867E+004
   1.67335E-002   1.00814E+004
   1.70716E-002   1.00719E+004
   1.74164E-002   1.00579E+004
   1.77683E-002   1.00395E+004
   1.81272E-002   1.00166E+004
   1.84934E-002   9.98915E+003
   1.88670E-002   9.95706E+003
   1.92481E-002   9.92029E+003
   1.96370E-002   9.87880E+003
   2.00337E-002   9.83258E+003
   2.04384E-002   9.78160E+003
   2.08513E-002   9.72585E+003
   2.12725E-002   9.66534E+003
   2.17022E-002   9.60009E+003
   2.21406E-002   9.53014E+003
   2.25879E-002   9.45552E+003
   2.30442E-002   9.37630E+003
   2.35097E-002   9.29256E+003
   2.39847E-002   9.20439E+003
   2.44692E-002   9.11190E+003
   2.49635E-002   9.01521E+003
   2.54678E-002   8.91448E+003
   2.59823E-002   8.80986E+003
   2.65072E-002   8.70154E+003
   2.70426E-002   8.58971E+003
   2.75889E-002   8.47459E+003
   2.81463E-002   8.35642E+003
   2.87149E-002   8.23545E+003
   2.92949E-002   8.11195E+003
   2.98867E-002   7.98620E+003
   3.04905E-002   7.85849E+003
   3.11064E-002   7.72915E+003
   3.17348E-002   7.59850E+003
   3.23759E-002   7.46687E+003
   3.30299E-002   7.33461E+003
   3.36972E-002   7.20208E+003
   3.43779E-002   7.06962E+003
   3.50724E-002   6.93760E+003
   3.57809E-002   6.80638E+003
   3.65038E-002   6.67630E+003
   3.72412E-002   6.54773E+003
   3.79935E-002   6.42100E+003
   3.87610E-002   6.29644E+003
   3.95440E-002   6.17436E+003
   4.03429E-002   6.05505E+003
   4.11579E-002   5.93878E+003
   4.19893E-002   5.82580E+003
   4.28375E-002   5.71633E+003
   4.37029E-002   5.61053E+003
   4.45858E-002   5.50856E+003
   4.54865E-002   5.41053E+003
   4.64053E-002   5.31648E+003
   4.73428E-002   5.22644E+003
   4.82992E-002   5.14038E+003
   4.92749E-002   5.05820E+003
   5.02703E-002   4.97976E+003
   5.12858E-002   4.90487E+003
   5.23219E-002   4.83328E+003
   5.33789E-002   4.76467E+003
   5.44572E-002   4.69869E+003
   5.55573E-002   4.63490E+003
   5.66796E-002   4.57284E+003
   5.78246E-002   4.51199E+003
   5.89927E-002   4.45179E+003
   6.01845E-002   4.39166E+003
   6.14003E-002   4.33098E+003
   6.26407E-002   4.26913E+003
   6.39061E-002   4.20552E+003
   6.51971E-002   4.13954E+003
   6.65142E-002   4.07066E+003
   6.78578E-002   3.99840E+003
   6.92287E-002   3.92236E+003
   7.06272E-002   3.84223E+003
   7.20539E-002   3.75784E+003
   7.35095E-002   3.66916E+003
   7.49945E-002   3.57629E+003
   7.65095E-002   3.47950E+003
   7.80551E-002   3.37921E+003
   7.96319E-002   3.27602E+003
   8.12406E-002   3.17065E+003
   8.28817E-002   3.06395E+003
   8.45561E-002   2.95688E+003
   8.62642E-002   2.85047E+003
   8.80068E-002   2.74578E+003
   8.97847E-002   2.64387E+003
   9.15985E-002   2.54575E+003
   9.34489E-002   2.45234E+003
   9.53367E-002   2.36446E+003
   9.72626E-002   2.28274E+003
   9.92274E-002   2.20764E+003
   1.01232E-001   2.13941E+003
   1.03277E-001   2.07807E+003
   1.05363E-001   2.02338E+003
   1.07492E-001   1.97488E+003
   1.09663E-001   1.93186E+003
   1.11879E-001   1.89341E+003
   1.14139E-001   1.85841E+003
   1.16445E-001   1.82559E+003
   1.18797E-001   1.79360E+003
   1.21197E-001   1.76109E+003
   1.23645E-001   1.72677E+003
   1.26143E-001   1.68952E+003
   1.28691E-001   1.64850E+003
   1.31291E-001   1.60320E+003
   1.33943E-001   1.55353E+003
   1.36649E-001   1.49984E+003
   1.39409E-001   1.44290E+003
   1.42226E-001   1.38382E+003
   1.45099E-001   1.32400E+003
   1.48030E-001   1.26496E+003
   1.51020E-001   1.20821E+003
   1.54071E-001   1.15509E+003
   1.57184E-001   1.10669E+003
   1.60359E-001   1.06369E+003
   1.63598E-001   1.02635E+003
   1.66903E-001   9.94449E+002
   1.70275E-001   9.67316E+002
   1.73715E-001   9.43892E+002
   1.77224E-001   9.22827E+002
   1.80804E-001   9.02624E+002
   1.84457E-001   8.81817E+002
   1.88183E-001   8.59166E+002
   1.91985E-001   8.33840E+002
   1.95863E-001   8.05546E+002
   1.99820E-001   7.74578E+002
   2.03856E-001   7.41764E+002
   2.07974E-001   7.08313E+002
   2.12176E-001   6.75594E+002
   2.16462E-001   6.44891E+002
   2.20835E-001   6.17183E+002
   2.25296E-001   5.92980E+002
   2.29847E-001   5.72258E+002
   2.34490E-001   5.54478E+002
   2.39227E-001   5.38698E+002
   2.44060E-001   5.23771E+002
   2.48990E-001   5.08582E+002
   2.54020E-001   4.92296E+002
   2.59152E-001   4.74544E+002
   2.64387E-001   4.55493E+002
   2.69728E-001   4.35770E+002
   2.75177E-001   4.16265E+002
   2.80736E-001   3.97862E+002
   2.86407E-001   3.81197E+002
   2.92193E-001   3.66493E+002
   2.98096E-001   3.53530E+002
   3.04118E-001   3.41736E+002
   3.10261E-001   3.30392E+002
   3.16529E-001   3.18870E+002
   3.22923E-001   3.06833E+002
   3.29447E-001   2.94329E+002
   3.36102E-001   2.81727E+002
   3.42892E-001   2.69539E+002
   3.49819E-001   2.58198E+002
   3.56885E-001   2.47887E+002
   3.64095E-001   2.38493E+002
   3.71450E-001   2.29683E+002
   3.78954E-001   2.21080E+002
   3.86609E-001   2.12430E+002
   3.94419E-001   2.03708E+002
   4.02387E-001   1.95089E+002
   4.10516E-001   1.86823E+002
   4.18809E-001   1.79085E+002
   4.27269E-001   1.71889E+002
   4.35901E-001   1.65098E+002
   4.44706E-001   1.58530E+002
   4.53690E-001   1.52065E+002
   4.62855E-001   1.45704E+002
   4.72206E-001   1.39541E+002
   4.81745E-001   1.33674E+002
   4.91477E-001   1.28132E+002
   5.01405E-001   1.22865E+002
   5.11534E-001   1.17790E+002
   5.21868E-001   1.12857E+002
   5.32411E-001   1.08073E+002
   5.43166E-001   1.03479E+002
   5.54139E-001   9.90991E+001
   5.65333E-001   9.49212E+001
   5.76753E-001   9.09100E+001
   5.88404E-001   8.70396E+001
   6.00291E-001   8.33100E+001
   6.12418E-001   7.97334E+001
   6.24789E-001   7.63136E+001
   6.37411E-001   7.30386E+001
   6.50288E-001   6.98930E+001
   6.63424E-001   6.68697E+001
   6.76826E-001   6.39698E+001
   6.90499E-001   6.11928E+001
   7.04448E-001   5.85326E+001
   7.18679E-001   5.59812E+001
   7.33197E-001   5.35340E+001
   7.48009E-001   5.11889E+001
   7.63119E-001   4.89426E+001
   7.78536E-001   4.67904E+001
   7.94263E-001   4.47278E+001
   8.10308E-001   4.27518E+001
   8.26677E-001   4.08594E+001
   8.43378E-001   3.90473E+001
   8.60415E-001   3.73117E+001
   8.77797E-001   3.56500E+001
   8.95529E-001   3.40594E+001
   9.13620E-001   3.25369E+001
   9.32076E-001   3.10797E+001
   9.50906E-001   2.96851E+001
   9.70115E-001   2.83507E+001
   9.89713E-001   2.70738E+001
   1.00971E+000   2.58522E+001
   1.03010E+000   2.46836E+001
   1.05091E+000   2.35657E+001
   1.07214E+000   2.24965E+001
   1.09380E+000   2.14741E+001
   1.11590E+000   2.04964E+001
   1.13844E+000   1.95617E+001
   1.16144E+000   1.86681E+001
   1.18490E+000   1.78140E+001
   1.20884E+000   1.69976E+001
   1.23326E+000   1.62173E+001
   1.25817E+000   1.54716E+001
   1.28359E+000   1.47590E+001
   1.30952E+000   1.40782E+001
   1.33597E+000   1.34277E+001
   1.36296E+000   1.28063E+001
   1.39049E+000   1.22129E+001
   1.41858E+000   1.16460E+001
   1.44724E+000   1.11047E+001
   1.47648E+000   1.05878E+001
   1.50630E+000   1.00941E+001
   1.53673E+000   9.62282E+000
   1.56778E+000   9.17286E+000
   1.59945E+000   8.74334E+000
   1.63176E+000   8.33338E+000
   1.66472E+000   7.94210E+000
   1.69835E+000   7.56868E+000
   1.73266E+000   7.21231E+000
   1.76766E+000   6.87225E+000
   1.80337E+000   6.54779E+000
   1.83980E+000   6.23825E+000
   1.87697E+000   5.94297E+000
   1.91489E+000   5.66130E+000
   1.95357E+000   5.39262E+000
   1.99304E+000   5.13637E+000
   2.03330E+000   4.89198E+000
   2.07437E+000   4.65894E+000
   2.11628E+000   4.43672E+000
   2.15903E+000   4.22485E+000
   2.20265E+000   4.02285E+000
   2.24714E+000   3.83027E+000
   2.29254E+000   3.64670E+000
   2.33885E+000   3.47172E+000
   2.38610E+000   3.30494E+000
   2.43430E+000   3.14599E+000
   2.48348E+000   2.99451E+000
   2.53365E+000   2.85016E+000
   2.58483E+000   2.71262E+000
   2.63705E+000   2.58157E+000
   2.69032E+000   2.45671E+000
   2.74466E+000   2.33777E+000
   2.80011E+000   2.22446E+000
   2.85668E+000   2.11653E+000
   2.91439E+000   2.01372E+000
   2.97326E+000   1.91581E+000
   3.03332E+000   1.82256E+000
   3.09460E+000   1.73376E+000
   3.15712E+000   1.64920E+000
   3.22090E+000   1.56868E+000
   3.28596E+000   1.49202E+000
   3.35234E+000   1.41903E+000
   3.42006E+000   1.34955E+000
   3.48916E+000   1.28340E+000
   3.55964E+000   1.22043E+000
   3.63155E+000   1.16050E+000
   3.70491E+000   1.10345E+000
   3.77976E+000   1.04916E+000
   3.85611E+000   9.97495E-001
   3.93401E+000   9.48327E-001
   4.01348E+000   9.01539E-001
   4.09456E+000   8.57020E-001
   4.17727E+000   8.14661E-001
   4.26166E+000   7.74360E-001
   4.34775E+000   7.36019E-001
   4.43558E+000   6.99544E-001
   4.52519E+000   6.64848E-001
   4.61660E+000   6.31844E-001
   4.70987E+000   6.00451E-001
   4.80501E+000   5.70593E-001
   4.90208E+000   5.42196E-001
   5.00111E+000   5.15190E-001
   5.10214E+000   4.89508E-001
   5.20521E+000   4.65087E-001
   5.31036E+000   4.41865E-001
   5.41763E+000   4.19785E-001
   5.52708E+000   3.98791E-001
   5.63873E+000   3.78832E-001
   5.75264E+000   3.59857E-001
   5.86885E+000   3.41819E-001
   5.98741E+000   3.24671E-001
   6.10836E+000   3.08372E-001
   6.23176E+000   2.92879E-001
   6.35765E+000   2.78153E-001
   6.48609E+000   2.64157E-001
   6.61711E+000   2.50856E-001
   6.75079E+000   2.38215E-001
   6.88716E+000   2.26203E-001
   7.02629E+000   2.14788E-001
   7.16823E+000   2.03941E-001
   7.31304E+000   1.93635E-001
   7.46077E+000   1.83843E-001
   7.61149E+000   1.74540E-001
   7.76525E+000   1.65701E-001
   7.92212E+000   1.57304E-001
   8.08217E+000   1.49327E-001
   8.24543E+000   1.41750E-001
   8.41200E+000   1.34552E-001
   8.58193E+000   1.27715E-001
   8.75530E+000   1.21222E-001
   8.93217E+000   1.15054E-001
   9.11261E+000   1.09196E-001
   9.29670E+000   1.03634E-001
   9.48451E+000   9.83506E-002
   9.67610E+000   9.33338E-002
   9.87158E+000   8.85700E-002
   1.00710E+001   8.40464E-002
   1.02744E+001   7.97512E-002
   1.04820E+001   7.56730E-002
   1.06938E+001   7.18010E-002
   1.09098E+001   6.81248E-002
   1.11302E+001   6.46348E-002
   1.13550E+001   6.13215E-002
   1.15844E+001   5.81762E-002
   1.18184E+001   5.51905E-002
   1.20572E+001   5.23564E-002
   1.23007E+001   4.96662E-002
   1.25492E+001   4.71128E-002
   1.28027E+001   4.46892E-002
   1.30614E+001   4.23890E-002
   1.33252E+001   4.02059E-002
   1.35944E+001   3.81342E-002
   1.38691E+001   3.61681E-002
   1.41492E+001   3.43023E-002
   1.44351E+001   3.25316E-002
   1.47267E+001   3.08514E-002
   1.50242E+001   2.92573E-002
