#           k/h    P           
    0.10000E-03    0.11235E+03
    0.10202E-03    0.11451E+03
    0.10408E-03    0.11672E+03
    0.10618E-03    0.11896E+03
    0.10833E-03    0.12125E+03
    0.11052E-03    0.12359E+03
    0.11275E-03    0.12597E+03
    0.11503E-03    0.12839E+03
    0.11735E-03    0.13086E+03
    0.11972E-03    0.13338E+03
    0.12214E-03    0.13595E+03
    0.12461E-03    0.13856E+03
    0.12712E-03    0.14123E+03
    0.12969E-03    0.14395E+03
    0.13231E-03    0.14672E+03
    0.13499E-03    0.14954E+03
    0.13771E-03    0.15242E+03
    0.14049E-03    0.15535E+03
    0.14333E-03    0.15834E+03
    0.14623E-03    0.16138E+03
    0.14918E-03    0.16449E+03
    0.15220E-03    0.16765E+03
    0.15527E-03    0.17088E+03
    0.15841E-03    0.17416E+03
    0.16161E-03    0.17751E+03
    0.16487E-03    0.18093E+03
    0.16820E-03    0.18441E+03
    0.17160E-03    0.18795E+03
    0.17507E-03    0.19157E+03
    0.17860E-03    0.19525E+03
    0.18221E-03    0.19901E+03
    0.18589E-03    0.20283E+03
    0.18965E-03    0.20673E+03
    0.19348E-03    0.21071E+03
    0.19739E-03    0.21476E+03
    0.20138E-03    0.21889E+03
    0.20544E-03    0.22309E+03
    0.20959E-03    0.22738E+03
    0.21383E-03    0.23175E+03
    0.21815E-03    0.23621E+03
    0.22255E-03    0.24074E+03
    0.22705E-03    0.24537E+03
    0.23164E-03    0.25008E+03
    0.23632E-03    0.25489E+03
    0.24109E-03    0.25979E+03
    0.24596E-03    0.26478E+03
    0.25093E-03    0.26986E+03
    0.25600E-03    0.27504E+03
    0.26117E-03    0.28032E+03
    0.26645E-03    0.28571E+03
    0.27183E-03    0.29119E+03
    0.27732E-03    0.29678E+03
    0.28292E-03    0.30248E+03
    0.28864E-03    0.30828E+03
    0.29447E-03    0.31420E+03
    0.30042E-03    0.32022E+03
    0.30649E-03    0.32637E+03
    0.31268E-03    0.33263E+03
    0.31899E-03    0.33901E+03
    0.32544E-03    0.34551E+03
    0.33201E-03    0.35213E+03
    0.33872E-03    0.35888E+03
    0.34556E-03    0.36576E+03
    0.35254E-03    0.37276E+03
    0.35966E-03    0.37990E+03
    0.36693E-03    0.38718E+03
    0.37434E-03    0.39459E+03
    0.38190E-03    0.40215E+03
    0.38962E-03    0.40985E+03
    0.39749E-03    0.41769E+03
    0.40552E-03    0.42568E+03
    0.41371E-03    0.43382E+03
    0.42207E-03    0.44211E+03
    0.43060E-03    0.45057E+03
    0.43929E-03    0.45918E+03
    0.44817E-03    0.46795E+03
    0.45722E-03    0.47689E+03
    0.46646E-03    0.48599E+03
    0.47588E-03    0.49527E+03
    0.48550E-03    0.50472E+03
    0.49530E-03    0.51434E+03
    0.50531E-03    0.52415E+03
    0.51552E-03    0.53414E+03
    0.52593E-03    0.54432E+03
    0.53656E-03    0.55468E+03
    0.54739E-03    0.56524E+03
    0.55845E-03    0.57600E+03
    0.56973E-03    0.58695E+03
    0.58124E-03    0.59811E+03
    0.59299E-03    0.60948E+03
    0.60496E-03    0.62105E+03
    0.61719E-03    0.63284E+03
    0.62965E-03    0.64485E+03
    0.64237E-03    0.65708E+03
    0.65535E-03    0.66953E+03
    0.66859E-03    0.68221E+03
    0.68210E-03    0.69513E+03
    0.69588E-03    0.70828E+03
    0.70993E-03    0.72167E+03
    0.72427E-03    0.73530E+03
    0.73891E-03    0.74919E+03
    0.75383E-03    0.76332E+03
    0.76906E-03    0.77772E+03
    0.78460E-03    0.79237E+03
    0.80045E-03    0.80729E+03
    0.81662E-03    0.82247E+03
    0.83311E-03    0.83793E+03
    0.84994E-03    0.85367E+03
    0.86711E-03    0.86969E+03
    0.88463E-03    0.88600E+03
    0.90250E-03    0.90259E+03
    0.92073E-03    0.91948E+03
    0.93933E-03    0.93667E+03
    0.95831E-03    0.95417E+03
    0.97767E-03    0.97197E+03
    0.99742E-03    0.99009E+03
    0.10176E-02    0.10085E+04
    0.10381E-02    0.10273E+04
    0.10591E-02    0.10464E+04
    0.10805E-02    0.10658E+04
    0.11023E-02    0.10855E+04
    0.11246E-02    0.11056E+04
    0.11473E-02    0.11261E+04
    0.11705E-02    0.11469E+04
    0.11941E-02    0.11680E+04
    0.12182E-02    0.11895E+04
    0.12429E-02    0.12114E+04
    0.12680E-02    0.12337E+04
    0.12936E-02    0.12563E+04
    0.13197E-02    0.12793E+04
    0.13464E-02    0.13027E+04
    0.13736E-02    0.13265E+04
    0.14013E-02    0.13506E+04
    0.14296E-02    0.13752E+04
    0.14585E-02    0.14002E+04
    0.14880E-02    0.14256E+04
    0.15180E-02    0.14514E+04
    0.15487E-02    0.14776E+04
    0.15800E-02    0.15043E+04
    0.16119E-02    0.15313E+04
    0.16445E-02    0.15589E+04
    0.16777E-02    0.15868E+04
    0.17116E-02    0.16152E+04
    0.17462E-02    0.16440E+04
    0.17814E-02    0.16733E+04
    0.18174E-02    0.17031E+04
    0.18541E-02    0.17333E+04
    0.18916E-02    0.17639E+04
    0.19298E-02    0.17951E+04
    0.19688E-02    0.18267E+04
    0.20086E-02    0.18588E+04
    0.20491E-02    0.18913E+04
    0.20905E-02    0.19244E+04
    0.21328E-02    0.19579E+04
    0.21758E-02    0.19919E+04
    0.22198E-02    0.20264E+04
    0.22646E-02    0.20614E+04
    0.23104E-02    0.20969E+04
    0.23571E-02    0.21329E+04
    0.24047E-02    0.21694E+04
    0.24533E-02    0.22064E+04
    0.25028E-02    0.22439E+04
    0.25534E-02    0.22819E+04
    0.26050E-02    0.23204E+04
    0.26576E-02    0.23595E+04
    0.27113E-02    0.23990E+04
    0.27660E-02    0.24390E+04
    0.28219E-02    0.24796E+04
    0.28789E-02    0.25207E+04
    0.29371E-02    0.25623E+04
    0.29964E-02    0.26044E+04
    0.30569E-02    0.26470E+04
    0.31187E-02    0.26901E+04
    0.31817E-02    0.27337E+04
    0.32460E-02    0.27778E+04
    0.33115E-02    0.28224E+04
    0.33784E-02    0.28676E+04
    0.34467E-02    0.29132E+04
    0.35163E-02    0.29593E+04
    0.35874E-02    0.30059E+04
    0.36598E-02    0.30529E+04
    0.37338E-02    0.31005E+04
    0.38092E-02    0.31485E+04
    0.38861E-02    0.31970E+04
    0.39646E-02    0.32459E+04
    0.40447E-02    0.32953E+04
    0.41264E-02    0.33451E+04
    0.42098E-02    0.33954E+04
    0.42948E-02    0.34460E+04
    0.43816E-02    0.34971E+04
    0.44701E-02    0.35486E+04
    0.45604E-02    0.36005E+04
    0.46525E-02    0.36528E+04
    0.47465E-02    0.37054E+04
    0.48424E-02    0.37584E+04
    0.49402E-02    0.38117E+04
    0.50400E-02    0.38653E+04
    0.51419E-02    0.39193E+04
    0.52457E-02    0.39735E+04
    0.53517E-02    0.40280E+04
    0.54598E-02    0.40828E+04
    0.55701E-02    0.41378E+04
    0.56826E-02    0.41930E+04
    0.57974E-02    0.42485E+04
    0.59145E-02    0.43040E+04
    0.60340E-02    0.43598E+04
    0.61559E-02    0.44157E+04
    0.62803E-02    0.44716E+04
    0.64072E-02    0.45277E+04
    0.65366E-02    0.45838E+04
    0.66686E-02    0.46399E+04
    0.68033E-02    0.46961E+04
    0.69408E-02    0.47522E+04
    0.70810E-02    0.48082E+04
    0.72240E-02    0.48641E+04
    0.73700E-02    0.49199E+04
    0.75189E-02    0.49756E+04
    0.76708E-02    0.50310E+04
    0.78257E-02    0.50862E+04
    0.79838E-02    0.51412E+04
    0.81451E-02    0.51958E+04
    0.83096E-02    0.52501E+04
    0.84775E-02    0.53040E+04
    0.86488E-02    0.53574E+04
    0.88235E-02    0.54104E+04
    0.90017E-02    0.54629E+04
    0.91836E-02    0.55148E+04
    0.93691E-02    0.55660E+04
    0.95583E-02    0.56167E+04
    0.97514E-02    0.56666E+04
    0.99484E-02    0.57157E+04
    0.10149E-01    0.57641E+04
    0.10354E-01    0.58115E+04
    0.10564E-01    0.58581E+04
    0.10777E-01    0.59037E+04
    0.10995E-01    0.59482E+04
    0.11217E-01    0.59917E+04
    0.11443E-01    0.60340E+04
    0.11675E-01    0.60751E+04
    0.11910E-01    0.61149E+04
    0.12151E-01    0.61534E+04
    0.12397E-01    0.61905E+04
    0.12647E-01    0.62261E+04
    0.12902E-01    0.62602E+04
    0.13163E-01    0.62927E+04
    0.13429E-01    0.63236E+04
    0.13700E-01    0.63527E+04
    0.13977E-01    0.63801E+04
    0.14259E-01    0.64056E+04
    0.14547E-01    0.64291E+04
    0.14841E-01    0.64506E+04
    0.15141E-01    0.64701E+04
    0.15447E-01    0.64874E+04
    0.15759E-01    0.65026E+04
    0.16077E-01    0.65154E+04
    0.16402E-01    0.65259E+04
    0.16734E-01    0.65340E+04
    0.17072E-01    0.65396E+04
    0.17416E-01    0.65426E+04
    0.17768E-01    0.65431E+04
    0.18127E-01    0.65409E+04
    0.18493E-01    0.65359E+04
    0.18867E-01    0.65281E+04
    0.19248E-01    0.65175E+04
    0.19637E-01    0.65040E+04
    0.20034E-01    0.64875E+04
    0.20438E-01    0.64681E+04
    0.20851E-01    0.64456E+04
    0.21272E-01    0.64200E+04
    0.21702E-01    0.63913E+04
    0.22141E-01    0.63595E+04
    0.22588E-01    0.63245E+04
    0.23044E-01    0.62864E+04
    0.23510E-01    0.62451E+04
    0.23985E-01    0.62006E+04
    0.24469E-01    0.61529E+04
    0.24964E-01    0.61021E+04
    0.25468E-01    0.60482E+04
    0.25982E-01    0.59912E+04
    0.26507E-01    0.59311E+04
    0.27043E-01    0.58680E+04
    0.27589E-01    0.58021E+04
    0.28146E-01    0.57332E+04
    0.28715E-01    0.56617E+04
    0.29295E-01    0.55874E+04
    0.29887E-01    0.55106E+04
    0.30490E-01    0.54314E+04
    0.31106E-01    0.53499E+04
    0.31735E-01    0.52663E+04
    0.32376E-01    0.51807E+04
    0.33030E-01    0.50933E+04
    0.33697E-01    0.50042E+04
    0.34378E-01    0.49137E+04
    0.35072E-01    0.48220E+04
    0.35781E-01    0.47293E+04
    0.36504E-01    0.46357E+04
    0.37241E-01    0.45417E+04
    0.37993E-01    0.44472E+04
    0.38761E-01    0.43527E+04
    0.39544E-01    0.42584E+04
    0.40343E-01    0.41645E+04
    0.41158E-01    0.40712E+04
    0.41989E-01    0.39788E+04
    0.42838E-01    0.38875E+04
    0.43703E-01    0.37977E+04
    0.44586E-01    0.37095E+04
    0.45486E-01    0.36231E+04
    0.46405E-01    0.35388E+04
    0.47343E-01    0.34567E+04
    0.48299E-01    0.33771E+04
    0.49275E-01    0.33001E+04
    0.50270E-01    0.32258E+04
    0.51286E-01    0.31545E+04
    0.52322E-01    0.30861E+04
    0.53379E-01    0.30208E+04
    0.54457E-01    0.29587E+04
    0.55557E-01    0.28997E+04
    0.56680E-01    0.28438E+04
    0.57825E-01    0.27910E+04
    0.58993E-01    0.27413E+04
    0.60184E-01    0.26944E+04
    0.61400E-01    0.26503E+04
    0.62641E-01    0.26088E+04
    0.63906E-01    0.25697E+04
    0.65197E-01    0.25326E+04
    0.66514E-01    0.24973E+04
    0.67858E-01    0.24635E+04
    0.69229E-01    0.24307E+04
    0.70627E-01    0.23987E+04
    0.72054E-01    0.23669E+04
    0.73510E-01    0.23350E+04
    0.74994E-01    0.23025E+04
    0.76509E-01    0.22690E+04
    0.78055E-01    0.22340E+04
    0.79632E-01    0.21972E+04
    0.81241E-01    0.21581E+04
    0.82882E-01    0.21165E+04
    0.84556E-01    0.20722E+04
    0.86264E-01    0.20250E+04
    0.88007E-01    0.19748E+04
    0.89785E-01    0.19217E+04
    0.91598E-01    0.18658E+04
    0.93449E-01    0.18075E+04
    0.95337E-01    0.17469E+04
    0.97263E-01    0.16848E+04
    0.99227E-01    0.16215E+04
    0.10123E+00    0.15578E+04
    0.10328E+00    0.14944E+04
    0.10536E+00    0.14319E+04
    0.10749E+00    0.13711E+04
    0.10966E+00    0.13126E+04
    0.11188E+00    0.12571E+04
    0.11414E+00    0.12052E+04
    0.11644E+00    0.11573E+04
    0.11880E+00    0.11137E+04
    0.12120E+00    0.10746E+04
    0.12365E+00    0.10400E+04
    0.12614E+00    0.10099E+04
    0.12869E+00    0.98397E+03
    0.13129E+00    0.96180E+03
    0.13394E+00    0.94283E+03
    0.13665E+00    0.92638E+03
    0.13941E+00    0.91165E+03
    0.14223E+00    0.89776E+03
    0.14510E+00    0.88380E+03
    0.14803E+00    0.86891E+03
    0.15102E+00    0.85226E+03
    0.15407E+00    0.83323E+03
    0.15718E+00    0.81136E+03
    0.16036E+00    0.78650E+03
    0.16360E+00    0.75874E+03
    0.16690E+00    0.72849E+03
    0.17028E+00    0.69641E+03
    0.17371E+00    0.66337E+03
    0.17722E+00    0.63035E+03
    0.18080E+00    0.59835E+03
    0.18446E+00    0.56829E+03
    0.18818E+00    0.54096E+03
    0.19198E+00    0.51687E+03
    0.19586E+00    0.49631E+03
    0.19982E+00    0.47924E+03
    0.20386E+00    0.46536E+03
    0.20797E+00    0.45409E+03
    0.21218E+00    0.44462E+03
    0.21646E+00    0.43605E+03
    0.22083E+00    0.42740E+03
    0.22530E+00    0.41780E+03
    0.22985E+00    0.40658E+03
    0.23449E+00    0.39340E+03
    0.23923E+00    0.37828E+03
    0.24406E+00    0.36162E+03
    0.24899E+00    0.34411E+03
    0.25402E+00    0.32660E+03
    0.25915E+00    0.30995E+03
    0.26439E+00    0.29488E+03
    0.26973E+00    0.28185E+03
    0.27518E+00    0.27098E+03
    0.28074E+00    0.26208E+03
    0.28641E+00    0.25464E+03
    0.29219E+00    0.24800E+03
    0.29810E+00    0.24142E+03
    0.30412E+00    0.23429E+03
    0.31026E+00    0.22622E+03
    0.31653E+00    0.21717E+03
    0.32292E+00    0.20742E+03
    0.32945E+00    0.19748E+03
    0.33610E+00    0.18792E+03
    0.34289E+00    0.17924E+03
    0.34982E+00    0.17168E+03
    0.35689E+00    0.16525E+03
    0.36409E+00    0.15966E+03
    0.37145E+00    0.15450E+03
    0.37895E+00    0.14934E+03
    0.38661E+00    0.14386E+03
    0.39442E+00    0.13800E+03
    0.40239E+00    0.13189E+03
    0.41052E+00    0.12584E+03
    0.41881E+00    0.12016E+03
    0.42727E+00    0.11503E+03
    0.43590E+00    0.11048E+03
    0.44471E+00    0.10635E+03
    0.45369E+00    0.10240E+03
    0.46286E+00    0.98436E+02
    0.47221E+00    0.94372E+02
    0.48174E+00    0.90267E+02
    0.49148E+00    0.86268E+02
    0.50141E+00    0.82514E+02
    0.51153E+00    0.79064E+02
    0.52187E+00    0.75873E+02
    0.53241E+00    0.72834E+02
    0.54317E+00    0.69847E+02
    0.55414E+00    0.66881E+02
    0.56533E+00    0.63971E+02
    0.57675E+00    0.61185E+02
    0.58840E+00    0.58566E+02
    0.60029E+00    0.56105E+02
    0.61242E+00    0.53755E+02
    0.62479E+00    0.51474E+02
    0.63741E+00    0.49250E+02
    0.65029E+00    0.47102E+02
    0.66342E+00    0.45055E+02
    0.67683E+00    0.43113E+02
    0.69050E+00    0.41260E+02
    0.70445E+00    0.39475E+02
    0.71868E+00    0.37751E+02
    0.73320E+00    0.36094E+02
    0.74801E+00    0.34513E+02
    0.76312E+00    0.33003E+02
    0.77854E+00    0.31557E+02
    0.79426E+00    0.30167E+02
    0.81031E+00    0.28834E+02
    0.82668E+00    0.27557E+02
    0.84338E+00    0.26338E+02
    0.86041E+00    0.25169E+02
    0.87780E+00    0.24050E+02
    0.89553E+00    0.22977E+02
    0.91362E+00    0.21951E+02
    0.93208E+00    0.20969E+02
    0.95091E+00    0.20029E+02
    0.97011E+00    0.19129E+02
    0.98971E+00    0.18268E+02
    0.10097E+01    0.17445E+02
    0.10301E+01    0.16657E+02
    0.10509E+01    0.15903E+02
    0.10721E+01    0.15182E+02
    0.10938E+01    0.14492E+02
    0.11159E+01    0.13833E+02
    0.11384E+01    0.13202E+02
    0.11614E+01    0.12600E+02
    0.11849E+01    0.12023E+02
    0.12088E+01    0.11473E+02
    0.12333E+01    0.10946E+02
    0.12582E+01    0.10443E+02
    0.12836E+01    0.99625E+01
    0.13095E+01    0.95031E+01
    0.13360E+01    0.90642E+01
    0.13630E+01    0.86449E+01
    0.13905E+01    0.82444E+01
    0.14186E+01    0.78619E+01
    0.14472E+01    0.74965E+01
    0.14765E+01    0.71477E+01
    0.15063E+01    0.68146E+01
    0.15367E+01    0.64965E+01
    0.15678E+01    0.61928E+01
    0.15994E+01    0.59029E+01
    0.16318E+01    0.56261E+01
    0.16647E+01    0.53620E+01
    0.16984E+01    0.51099E+01
    0.17327E+01    0.48693E+01
    0.17677E+01    0.46398E+01
    0.18034E+01    0.44207E+01
    0.18398E+01    0.42118E+01
    0.18770E+01    0.40124E+01
    0.19149E+01    0.38222E+01
    0.19536E+01    0.36408E+01
    0.19930E+01    0.34678E+01
    0.20333E+01    0.33028E+01
    0.20744E+01    0.31455E+01
    0.21163E+01    0.29954E+01
    0.21590E+01    0.28524E+01
    0.22026E+01    0.27160E+01
    0.22471E+01    0.25859E+01
    0.22925E+01    0.24620E+01
    0.23388E+01    0.23438E+01
    0.23861E+01    0.22312E+01
    0.24343E+01    0.21239E+01
    0.24835E+01    0.20216E+01
    0.25336E+01    0.19241E+01
    0.25848E+01    0.18312E+01
    0.26370E+01    0.17427E+01
    0.26903E+01    0.16584E+01
    0.27447E+01    0.15781E+01
    0.28001E+01    0.15016E+01
    0.28567E+01    0.14287E+01
    0.29144E+01    0.13593E+01
    0.29733E+01    0.12932E+01
    0.30333E+01    0.12302E+01
    0.30946E+01    0.11702E+01
    0.31571E+01    0.11131E+01
    0.32209E+01    0.10588E+01
    0.32860E+01    0.10070E+01
    0.33523E+01    0.95773E+00
    0.34201E+01    0.91081E+00
    0.34892E+01    0.86615E+00
    0.35596E+01    0.82363E+00
    0.36316E+01    0.78316E+00
    0.37049E+01    0.74465E+00
    0.37798E+01    0.70799E+00
    0.38561E+01    0.67310E+00
    0.39340E+01    0.63991E+00
    0.40135E+01    0.60832E+00
    0.40946E+01    0.57826E+00
    0.41773E+01    0.54966E+00
    0.42617E+01    0.52245E+00
    0.43478E+01    0.49657E+00
    0.44356E+01    0.47194E+00
    0.45252E+01    0.44852E+00
    0.46166E+01    0.42624E+00
    0.47099E+01    0.40505E+00
    0.48050E+01    0.38489E+00
    0.49021E+01    0.36573E+00
    0.50011E+01    0.34750E+00
    0.51021E+01    0.33016E+00
    0.52052E+01    0.31368E+00
    0.53104E+01    0.29800E+00
    0.54176E+01    0.28310E+00
    0.55271E+01    0.26893E+00
    0.56387E+01    0.25546E+00
    0.57526E+01    0.24266E+00
    0.58689E+01    0.23048E+00
    0.59874E+01    0.21891E+00
    0.61084E+01    0.20791E+00
    0.62318E+01    0.19746E+00
    0.63577E+01    0.18752E+00
    0.64861E+01    0.17808E+00
    0.66171E+01    0.16911E+00
    0.67508E+01    0.16058E+00
    0.68872E+01    0.15247E+00
    0.70263E+01    0.14477E+00
    0.71682E+01    0.13745E+00
    0.73130E+01    0.13050E+00
    0.74608E+01    0.12390E+00
    0.76115E+01    0.11762E+00
    0.77653E+01    0.11166E+00
    0.79221E+01    0.10600E+00
    0.80822E+01    0.10062E+00
    0.82454E+01    0.95505E-01
    0.84120E+01    0.90651E-01
    0.85819E+01    0.86041E-01
    0.87553E+01    0.81662E-01
    0.89322E+01    0.77503E-01
    0.91126E+01    0.73553E-01
    0.92967E+01    0.69803E-01
    0.94845E+01    0.66241E-01
    0.96761E+01    0.62859E-01
    0.98716E+01    0.59647E-01
    0.10071E+02    0.56598E-01
    0.10274E+02    0.53702E-01
    0.10482E+02    0.50953E-01
    0.10694E+02    0.48344E-01
    0.10910E+02    0.45866E-01
    0.11130E+02    0.43514E-01
    0.11355E+02    0.41281E-01
    0.11584E+02    0.39161E-01
    0.11818E+02    0.37149E-01
    0.12057E+02    0.35240E-01
    0.12301E+02    0.33427E-01
    0.12549E+02    0.31707E-01
    0.12803E+02    0.30074E-01
    0.13061E+02    0.28524E-01
    0.13325E+02    0.27054E-01
    0.13594E+02    0.25658E-01
    0.13869E+02    0.24334E-01
    0.14149E+02    0.23077E-01
    0.14435E+02    0.21885E-01
    0.14727E+02    0.20753E-01
    0.15024E+02    0.19680E-01
