#           k/h    P           
    0.10000E-03    0.14211E+03
    0.10202E-03    0.14486E+03
    0.10408E-03    0.14766E+03
    0.10618E-03    0.15051E+03
    0.10833E-03    0.15342E+03
    0.11052E-03    0.15639E+03
    0.11275E-03    0.15941E+03
    0.11503E-03    0.16249E+03
    0.11735E-03    0.16564E+03
    0.11972E-03    0.16884E+03
    0.12214E-03    0.17210E+03
    0.12461E-03    0.17543E+03
    0.12712E-03    0.17882E+03
    0.12969E-03    0.18228E+03
    0.13231E-03    0.18580E+03
    0.13499E-03    0.18939E+03
    0.13771E-03    0.19305E+03
    0.14049E-03    0.19678E+03
    0.14333E-03    0.20058E+03
    0.14623E-03    0.20446E+03
    0.14918E-03    0.20841E+03
    0.15220E-03    0.21244E+03
    0.15527E-03    0.21654E+03
    0.15841E-03    0.22073E+03
    0.16161E-03    0.22499E+03
    0.16487E-03    0.22934E+03
    0.16820E-03    0.23377E+03
    0.17160E-03    0.23829E+03
    0.17507E-03    0.24289E+03
    0.17860E-03    0.24758E+03
    0.18221E-03    0.25236E+03
    0.18589E-03    0.25724E+03
    0.18965E-03    0.26221E+03
    0.19348E-03    0.26727E+03
    0.19739E-03    0.27243E+03
    0.20138E-03    0.27769E+03
    0.20544E-03    0.28305E+03
    0.20959E-03    0.28852E+03
    0.21383E-03    0.29409E+03
    0.21815E-03    0.29976E+03
    0.22255E-03    0.30555E+03
    0.22705E-03    0.31145E+03
    0.23164E-03    0.31746E+03
    0.23632E-03    0.32358E+03
    0.24109E-03    0.32982E+03
    0.24596E-03    0.33619E+03
    0.25093E-03    0.34267E+03
    0.25600E-03    0.34928E+03
    0.26117E-03    0.35602E+03
    0.26645E-03    0.36288E+03
    0.27183E-03    0.36988E+03
    0.27732E-03    0.37701E+03
    0.28292E-03    0.38427E+03
    0.28864E-03    0.39168E+03
    0.29447E-03    0.39923E+03
    0.30042E-03    0.40692E+03
    0.30649E-03    0.41476E+03
    0.31268E-03    0.42274E+03
    0.31899E-03    0.43089E+03
    0.32544E-03    0.43918E+03
    0.33201E-03    0.44763E+03
    0.33872E-03    0.45625E+03
    0.34556E-03    0.46503E+03
    0.35254E-03    0.47397E+03
    0.35966E-03    0.48309E+03
    0.36693E-03    0.49238E+03
    0.37434E-03    0.50184E+03
    0.38190E-03    0.51149E+03
    0.38962E-03    0.52132E+03
    0.39749E-03    0.53133E+03
    0.40552E-03    0.54153E+03
    0.41371E-03    0.55193E+03
    0.42207E-03    0.56252E+03
    0.43060E-03    0.57332E+03
    0.43929E-03    0.58431E+03
    0.44817E-03    0.59552E+03
    0.45722E-03    0.60693E+03
    0.46646E-03    0.61856E+03
    0.47588E-03    0.63041E+03
    0.48550E-03    0.64248E+03
    0.49530E-03    0.65477E+03
    0.50531E-03    0.66730E+03
    0.51552E-03    0.68006E+03
    0.52593E-03    0.69306E+03
    0.53656E-03    0.70630E+03
    0.54739E-03    0.71979E+03
    0.55845E-03    0.73353E+03
    0.56973E-03    0.74752E+03
    0.58124E-03    0.76178E+03
    0.59299E-03    0.77629E+03
    0.60496E-03    0.79108E+03
    0.61719E-03    0.80614E+03
    0.62965E-03    0.82148E+03
    0.64237E-03    0.83709E+03
    0.65535E-03    0.85300E+03
    0.66859E-03    0.86920E+03
    0.68210E-03    0.88569E+03
    0.69588E-03    0.90248E+03
    0.70993E-03    0.91958E+03
    0.72427E-03    0.93700E+03
    0.73891E-03    0.95472E+03
    0.75383E-03    0.97277E+03
    0.76906E-03    0.99114E+03
    0.78460E-03    0.10098E+04
    0.80045E-03    0.10289E+04
    0.81662E-03    0.10483E+04
    0.83311E-03    0.10680E+04
    0.84994E-03    0.10881E+04
    0.86711E-03    0.11085E+04
    0.88463E-03    0.11293E+04
    0.90250E-03    0.11505E+04
    0.92073E-03    0.11720E+04
    0.93933E-03    0.11940E+04
    0.95831E-03    0.12163E+04
    0.97767E-03    0.12390E+04
    0.99742E-03    0.12621E+04
    0.10176E-02    0.12856E+04
    0.10381E-02    0.13095E+04
    0.10591E-02    0.13338E+04
    0.10805E-02    0.13585E+04
    0.11023E-02    0.13836E+04
    0.11246E-02    0.14092E+04
    0.11473E-02    0.14352E+04
    0.11705E-02    0.14617E+04
    0.11941E-02    0.14886E+04
    0.12182E-02    0.15160E+04
    0.12429E-02    0.15438E+04
    0.12680E-02    0.15720E+04
    0.12936E-02    0.16008E+04
    0.13197E-02    0.16300E+04
    0.13464E-02    0.16597E+04
    0.13736E-02    0.16898E+04
    0.14013E-02    0.17205E+04
    0.14296E-02    0.17517E+04
    0.14585E-02    0.17833E+04
    0.14880E-02    0.18155E+04
    0.15180E-02    0.18481E+04
    0.15487E-02    0.18813E+04
    0.15800E-02    0.19150E+04
    0.16119E-02    0.19493E+04
    0.16445E-02    0.19840E+04
    0.16777E-02    0.20193E+04
    0.17116E-02    0.20551E+04
    0.17462E-02    0.20915E+04
    0.17814E-02    0.21284E+04
    0.18174E-02    0.21658E+04
    0.18541E-02    0.22039E+04
    0.18916E-02    0.22424E+04
    0.19298E-02    0.22815E+04
    0.19688E-02    0.23212E+04
    0.20086E-02    0.23615E+04
    0.20491E-02    0.24023E+04
    0.20905E-02    0.24437E+04
    0.21328E-02    0.24857E+04
    0.21758E-02    0.25282E+04
    0.22198E-02    0.25713E+04
    0.22646E-02    0.26150E+04
    0.23104E-02    0.26593E+04
    0.23571E-02    0.27041E+04
    0.24047E-02    0.27496E+04
    0.24533E-02    0.27956E+04
    0.25028E-02    0.28422E+04
    0.25534E-02    0.28893E+04
    0.26050E-02    0.29371E+04
    0.26576E-02    0.29854E+04
    0.27113E-02    0.30343E+04
    0.27660E-02    0.30838E+04
    0.28219E-02    0.31339E+04
    0.28789E-02    0.31845E+04
    0.29371E-02    0.32357E+04
    0.29964E-02    0.32874E+04
    0.30569E-02    0.33397E+04
    0.31187E-02    0.33926E+04
    0.31817E-02    0.34460E+04
    0.32460E-02    0.34999E+04
    0.33115E-02    0.35544E+04
    0.33784E-02    0.36094E+04
    0.34467E-02    0.36649E+04
    0.35163E-02    0.37209E+04
    0.35874E-02    0.37775E+04
    0.36598E-02    0.38345E+04
    0.37338E-02    0.38920E+04
    0.38092E-02    0.39499E+04
    0.38861E-02    0.40083E+04
    0.39646E-02    0.40672E+04
    0.40447E-02    0.41264E+04
    0.41264E-02    0.41861E+04
    0.42098E-02    0.42462E+04
    0.42948E-02    0.43066E+04
    0.43816E-02    0.43674E+04
    0.44701E-02    0.44286E+04
    0.45604E-02    0.44901E+04
    0.46525E-02    0.45518E+04
    0.47465E-02    0.46139E+04
    0.48424E-02    0.46762E+04
    0.49402E-02    0.47387E+04
    0.50400E-02    0.48015E+04
    0.51419E-02    0.48644E+04
    0.52457E-02    0.49275E+04
    0.53517E-02    0.49907E+04
    0.54598E-02    0.50540E+04
    0.55701E-02    0.51174E+04
    0.56826E-02    0.51808E+04
    0.57974E-02    0.52442E+04
    0.59145E-02    0.53075E+04
    0.60340E-02    0.53708E+04
    0.61559E-02    0.54340E+04
    0.62803E-02    0.54971E+04
    0.64072E-02    0.55600E+04
    0.65366E-02    0.56226E+04
    0.66686E-02    0.56850E+04
    0.68033E-02    0.57470E+04
    0.69408E-02    0.58087E+04
    0.70810E-02    0.58700E+04
    0.72240E-02    0.59309E+04
    0.73700E-02    0.59912E+04
    0.75189E-02    0.60510E+04
    0.76708E-02    0.61102E+04
    0.78257E-02    0.61687E+04
    0.79838E-02    0.62265E+04
    0.81451E-02    0.62835E+04
    0.83096E-02    0.63396E+04
    0.84775E-02    0.63949E+04
    0.86488E-02    0.64492E+04
    0.88235E-02    0.65025E+04
    0.90017E-02    0.65547E+04
    0.91836E-02    0.66058E+04
    0.93691E-02    0.66556E+04
    0.95583E-02    0.67042E+04
    0.97514E-02    0.67513E+04
    0.99484E-02    0.67971E+04
    0.10149E-01    0.68413E+04
    0.10354E-01    0.68839E+04
    0.10564E-01    0.69249E+04
    0.10777E-01    0.69642E+04
    0.10995E-01    0.70016E+04
    0.11217E-01    0.70372E+04
    0.11443E-01    0.70708E+04
    0.11675E-01    0.71023E+04
    0.11910E-01    0.71317E+04
    0.12151E-01    0.71589E+04
    0.12397E-01    0.71839E+04
    0.12647E-01    0.72064E+04
    0.12902E-01    0.72265E+04
    0.13163E-01    0.72441E+04
    0.13429E-01    0.72591E+04
    0.13700E-01    0.72715E+04
    0.13977E-01    0.72810E+04
    0.14259E-01    0.72878E+04
    0.14547E-01    0.72916E+04
    0.14841E-01    0.72925E+04
    0.15141E-01    0.72904E+04
    0.15447E-01    0.72852E+04
    0.15759E-01    0.72769E+04
    0.16077E-01    0.72653E+04
    0.16402E-01    0.72505E+04
    0.16734E-01    0.72325E+04
    0.17072E-01    0.72111E+04
    0.17416E-01    0.71863E+04
    0.17768E-01    0.71582E+04
    0.18127E-01    0.71267E+04
    0.18493E-01    0.70917E+04
    0.18867E-01    0.70534E+04
    0.19248E-01    0.70117E+04
    0.19637E-01    0.69666E+04
    0.20034E-01    0.69181E+04
    0.20438E-01    0.68663E+04
    0.20851E-01    0.68113E+04
    0.21272E-01    0.67530E+04
    0.21702E-01    0.66916E+04
    0.22141E-01    0.66272E+04
    0.22588E-01    0.65598E+04
    0.23044E-01    0.64896E+04
    0.23510E-01    0.64166E+04
    0.23985E-01    0.63411E+04
    0.24469E-01    0.62632E+04
    0.24964E-01    0.61829E+04
    0.25468E-01    0.61006E+04
    0.25982E-01    0.60164E+04
    0.26507E-01    0.59304E+04
    0.27043E-01    0.58429E+04
    0.27589E-01    0.57541E+04
    0.28146E-01    0.56643E+04
    0.28715E-01    0.55736E+04
    0.29295E-01    0.54823E+04
    0.29887E-01    0.53907E+04
    0.30490E-01    0.52989E+04
    0.31106E-01    0.52073E+04
    0.31735E-01    0.51162E+04
    0.32376E-01    0.50256E+04
    0.33030E-01    0.49360E+04
    0.33697E-01    0.48474E+04
    0.34378E-01    0.47603E+04
    0.35072E-01    0.46747E+04
    0.35781E-01    0.45909E+04
    0.36504E-01    0.45090E+04
    0.37241E-01    0.44293E+04
    0.37993E-01    0.43519E+04
    0.38761E-01    0.42769E+04
    0.39544E-01    0.42044E+04
    0.40343E-01    0.41345E+04
    0.41158E-01    0.40672E+04
    0.41989E-01    0.40025E+04
    0.42838E-01    0.39404E+04
    0.43703E-01    0.38808E+04
    0.44586E-01    0.38236E+04
    0.45486E-01    0.37687E+04
    0.46405E-01    0.37159E+04
    0.47343E-01    0.36649E+04
    0.48299E-01    0.36155E+04
    0.49275E-01    0.35673E+04
    0.50270E-01    0.35201E+04
    0.51286E-01    0.34735E+04
    0.52322E-01    0.34271E+04
    0.53379E-01    0.33804E+04
    0.54457E-01    0.33331E+04
    0.55557E-01    0.32846E+04
    0.56680E-01    0.32347E+04
    0.57825E-01    0.31829E+04
    0.58993E-01    0.31289E+04
    0.60184E-01    0.30723E+04
    0.61400E-01    0.30130E+04
    0.62641E-01    0.29507E+04
    0.63906E-01    0.28853E+04
    0.65197E-01    0.28170E+04
    0.66514E-01    0.27459E+04
    0.67858E-01    0.26721E+04
    0.69229E-01    0.25961E+04
    0.70627E-01    0.25183E+04
    0.72054E-01    0.24392E+04
    0.73510E-01    0.23595E+04
    0.74994E-01    0.22800E+04
    0.76509E-01    0.22013E+04
    0.78055E-01    0.21241E+04
    0.79632E-01    0.20493E+04
    0.81241E-01    0.19776E+04
    0.82882E-01    0.19094E+04
    0.84556E-01    0.18454E+04
    0.86264E-01    0.17860E+04
    0.88007E-01    0.17313E+04
    0.89785E-01    0.16816E+04
    0.91598E-01    0.16367E+04
    0.93449E-01    0.15964E+04
    0.95337E-01    0.15602E+04
    0.97263E-01    0.15277E+04
    0.99227E-01    0.14979E+04
    0.10123E+00    0.14702E+04
    0.10328E+00    0.14435E+04
    0.10536E+00    0.14169E+04
    0.10749E+00    0.13895E+04
    0.10966E+00    0.13603E+04
    0.11188E+00    0.13287E+04
    0.11414E+00    0.12943E+04
    0.11644E+00    0.12568E+04
    0.11880E+00    0.12164E+04
    0.12120E+00    0.11734E+04
    0.12365E+00    0.11285E+04
    0.12614E+00    0.10828E+04
    0.12869E+00    0.10371E+04
    0.13129E+00    0.99264E+03
    0.13394E+00    0.95044E+03
    0.13665E+00    0.91134E+03
    0.13941E+00    0.87599E+03
    0.14223E+00    0.84471E+03
    0.14510E+00    0.81750E+03
    0.14803E+00    0.79401E+03
    0.15102E+00    0.77359E+03
    0.15407E+00    0.75535E+03
    0.15718E+00    0.73825E+03
    0.16036E+00    0.72119E+03
    0.16360E+00    0.70321E+03
    0.16690E+00    0.68355E+03
    0.17028E+00    0.66184E+03
    0.17371E+00    0.63811E+03
    0.17722E+00    0.61280E+03
    0.18080E+00    0.58667E+03
    0.18446E+00    0.56069E+03
    0.18818E+00    0.53584E+03
    0.19198E+00    0.51293E+03
    0.19586E+00    0.49250E+03
    0.19982E+00    0.47470E+03
    0.20386E+00    0.45929E+03
    0.20797E+00    0.44568E+03
    0.21218E+00    0.43310E+03
    0.21646E+00    0.42069E+03
    0.22083E+00    0.40774E+03
    0.22530E+00    0.39382E+03
    0.22985E+00    0.37890E+03
    0.23449E+00    0.36329E+03
    0.23923E+00    0.34759E+03
    0.24406E+00    0.33248E+03
    0.24899E+00    0.31851E+03
    0.25402E+00    0.30598E+03
    0.25915E+00    0.29486E+03
    0.26439E+00    0.28483E+03
    0.26973E+00    0.27539E+03
    0.27518E+00    0.26601E+03
    0.28074E+00    0.25636E+03
    0.28641E+00    0.24634E+03
    0.29219E+00    0.23614E+03
    0.29810E+00    0.22612E+03
    0.30412E+00    0.21663E+03
    0.31026E+00    0.20789E+03
    0.31653E+00    0.19992E+03
    0.32292E+00    0.19252E+03
    0.32945E+00    0.18540E+03
    0.33610E+00    0.17833E+03
    0.34289E+00    0.17121E+03
    0.34982E+00    0.16413E+03
    0.35689E+00    0.15725E+03
    0.36409E+00    0.15074E+03
    0.37145E+00    0.14467E+03
    0.37895E+00    0.13896E+03
    0.38661E+00    0.13350E+03
    0.39442E+00    0.12815E+03
    0.40239E+00    0.12289E+03
    0.41052E+00    0.11776E+03
    0.41881E+00    0.11283E+03
    0.42727E+00    0.10817E+03
    0.43590E+00    0.10375E+03
    0.44471E+00    0.99504E+02
    0.45369E+00    0.95393E+02
    0.46286E+00    0.91398E+02
    0.47221E+00    0.87546E+02
    0.48174E+00    0.83861E+02
    0.49148E+00    0.80347E+02
    0.50141E+00    0.76981E+02
    0.51153E+00    0.73737E+02
    0.52187E+00    0.70607E+02
    0.53241E+00    0.67599E+02
    0.54317E+00    0.64719E+02
    0.55414E+00    0.61962E+02
    0.56533E+00    0.59315E+02
    0.57675E+00    0.56771E+02
    0.58840E+00    0.54327E+02
    0.60029E+00    0.51985E+02
    0.61242E+00    0.49741E+02
    0.62479E+00    0.47589E+02
    0.63741E+00    0.45524E+02
    0.65029E+00    0.43543E+02
    0.66342E+00    0.41645E+02
    0.67683E+00    0.39826E+02
    0.69050E+00    0.38083E+02
    0.70445E+00    0.36411E+02
    0.71868E+00    0.34810E+02
    0.73320E+00    0.33276E+02
    0.74801E+00    0.31807E+02
    0.76312E+00    0.30399E+02
    0.77854E+00    0.29051E+02
    0.79426E+00    0.27760E+02
    0.81031E+00    0.26524E+02
    0.82668E+00    0.25341E+02
    0.84338E+00    0.24209E+02
    0.86041E+00    0.23125E+02
    0.87780E+00    0.22087E+02
    0.89553E+00    0.21095E+02
    0.91362E+00    0.20145E+02
    0.93208E+00    0.19236E+02
    0.95091E+00    0.18366E+02
    0.97011E+00    0.17534E+02
    0.98971E+00    0.16739E+02
    0.10097E+01    0.15978E+02
    0.10301E+01    0.15251E+02
    0.10509E+01    0.14556E+02
    0.10721E+01    0.13891E+02
    0.10938E+01    0.13255E+02
    0.11159E+01    0.12648E+02
    0.11384E+01    0.12067E+02
    0.11614E+01    0.11512E+02
    0.11849E+01    0.10982E+02
    0.12088E+01    0.10475E+02
    0.12333E+01    0.99914E+01
    0.12582E+01    0.95291E+01
    0.12836E+01    0.90875E+01
    0.13095E+01    0.86657E+01
    0.13360E+01    0.82628E+01
    0.13630E+01    0.78781E+01
    0.13905E+01    0.75108E+01
    0.14186E+01    0.71601E+01
    0.14472E+01    0.68253E+01
    0.14765E+01    0.65057E+01
    0.15063E+01    0.62006E+01
    0.15367E+01    0.59094E+01
    0.15678E+01    0.56315E+01
    0.15994E+01    0.53663E+01
    0.16318E+01    0.51133E+01
    0.16647E+01    0.48719E+01
    0.16984E+01    0.46415E+01
    0.17327E+01    0.44218E+01
    0.17677E+01    0.42122E+01
    0.18034E+01    0.40122E+01
    0.18398E+01    0.38216E+01
    0.18770E+01    0.36397E+01
    0.19149E+01    0.34663E+01
    0.19536E+01    0.33009E+01
    0.19930E+01    0.31433E+01
    0.20333E+01    0.29929E+01
    0.20744E+01    0.28496E+01
    0.21163E+01    0.27130E+01
    0.21590E+01    0.25828E+01
    0.22026E+01    0.24587E+01
    0.22471E+01    0.23404E+01
    0.22925E+01    0.22277E+01
    0.23388E+01    0.21203E+01
    0.23861E+01    0.20180E+01
    0.24343E+01    0.19205E+01
    0.24835E+01    0.18276E+01
    0.25336E+01    0.17390E+01
    0.25848E+01    0.16547E+01
    0.26370E+01    0.15744E+01
    0.26903E+01    0.14979E+01
    0.27447E+01    0.14251E+01
    0.28001E+01    0.13557E+01
    0.28567E+01    0.12896E+01
    0.29144E+01    0.12267E+01
    0.29733E+01    0.11668E+01
    0.30333E+01    0.11098E+01
    0.30946E+01    0.10555E+01
    0.31571E+01    0.10038E+01
    0.32209E+01    0.95454E+00
    0.32860E+01    0.90769E+00
    0.33523E+01    0.86311E+00
    0.34201E+01    0.82067E+00
    0.34892E+01    0.78027E+00
    0.35596E+01    0.74184E+00
    0.36316E+01    0.70526E+00
    0.37049E+01    0.67045E+00
    0.37798E+01    0.63733E+00
    0.38561E+01    0.60582E+00
    0.39340E+01    0.57584E+00
    0.40135E+01    0.54732E+00
    0.40946E+01    0.52019E+00
    0.41773E+01    0.49438E+00
    0.42617E+01    0.46983E+00
    0.43478E+01    0.44647E+00
    0.44356E+01    0.42427E+00
    0.45252E+01    0.40314E+00
    0.46166E+01    0.38306E+00
    0.47099E+01    0.36395E+00
    0.48050E+01    0.34579E+00
    0.49021E+01    0.32852E+00
    0.50011E+01    0.31209E+00
    0.51021E+01    0.29648E+00
    0.52052E+01    0.28164E+00
    0.53104E+01    0.26752E+00
    0.54176E+01    0.25411E+00
    0.55271E+01    0.24136E+00
    0.56387E+01    0.22923E+00
    0.57526E+01    0.21771E+00
    0.58689E+01    0.20676E+00
    0.59874E+01    0.19635E+00
    0.61084E+01    0.18646E+00
    0.62318E+01    0.17706E+00
    0.63577E+01    0.16813E+00
    0.64861E+01    0.15964E+00
    0.66171E+01    0.15158E+00
    0.67508E+01    0.14392E+00
    0.68872E+01    0.13663E+00
    0.70263E+01    0.12972E+00
    0.71682E+01    0.12315E+00
    0.73130E+01    0.11690E+00
    0.74608E+01    0.11097E+00
    0.76115E+01    0.10534E+00
    0.77653E+01    0.99987E-01
    0.79221E+01    0.94904E-01
    0.80822E+01    0.90077E-01
    0.82454E+01    0.85492E-01
    0.84120E+01    0.81138E-01
    0.85819E+01    0.77002E-01
    0.87553E+01    0.73075E-01
    0.89322E+01    0.69346E-01
    0.91126E+01    0.65805E-01
    0.92967E+01    0.62443E-01
    0.94845E+01    0.59250E-01
    0.96761E+01    0.56219E-01
    0.98716E+01    0.53341E-01
    0.10071E+02    0.50609E-01
    0.10274E+02    0.48015E-01
    0.10482E+02    0.45553E-01
    0.10694E+02    0.43215E-01
    0.10910E+02    0.40996E-01
    0.11130E+02    0.38890E-01
    0.11355E+02    0.36891E-01
    0.11584E+02    0.34994E-01
    0.11818E+02    0.33193E-01
    0.12057E+02    0.31483E-01
    0.12301E+02    0.29861E-01
    0.12549E+02    0.28322E-01
    0.12803E+02    0.26861E-01
    0.13061E+02    0.25475E-01
    0.13325E+02    0.24159E-01
    0.13594E+02    0.22911E-01
    0.13869E+02    0.21727E-01
    0.14149E+02    0.20603E-01
    0.14435E+02    0.19537E-01
    0.14727E+02    0.18525E-01
    0.15024E+02    0.17565E-01
