#           k/h    P           
    0.10000E-03    0.13693E+03
    0.10202E-03    0.14001E+03
    0.10408E-03    0.14317E+03
    0.10618E-03    0.14640E+03
    0.10833E-03    0.14972E+03
    0.11052E-03    0.15313E+03
    0.11275E-03    0.15662E+03
    0.11503E-03    0.16020E+03
    0.11735E-03    0.16387E+03
    0.11972E-03    0.16764E+03
    0.12214E-03    0.17150E+03
    0.12461E-03    0.17546E+03
    0.12712E-03    0.17952E+03
    0.12969E-03    0.18368E+03
    0.13231E-03    0.18795E+03
    0.13499E-03    0.19233E+03
    0.13771E-03    0.19681E+03
    0.14049E-03    0.20141E+03
    0.14333E-03    0.20612E+03
    0.14623E-03    0.21095E+03
    0.14918E-03    0.21590E+03
    0.15220E-03    0.22097E+03
    0.15527E-03    0.22617E+03
    0.15841E-03    0.23149E+03
    0.16161E-03    0.23694E+03
    0.16487E-03    0.24252E+03
    0.16820E-03    0.24823E+03
    0.17160E-03    0.25408E+03
    0.17507E-03    0.26007E+03
    0.17860E-03    0.26619E+03
    0.18221E-03    0.27245E+03
    0.18589E-03    0.27886E+03
    0.18965E-03    0.28541E+03
    0.19348E-03    0.29210E+03
    0.19739E-03    0.29895E+03
    0.20138E-03    0.30594E+03
    0.20544E-03    0.31308E+03
    0.20959E-03    0.32038E+03
    0.21383E-03    0.32783E+03
    0.21815E-03    0.33544E+03
    0.22255E-03    0.34321E+03
    0.22705E-03    0.35114E+03
    0.23164E-03    0.35922E+03
    0.23632E-03    0.36748E+03
    0.24109E-03    0.37589E+03
    0.24596E-03    0.38448E+03
    0.25093E-03    0.39323E+03
    0.25600E-03    0.40216E+03
    0.26117E-03    0.41125E+03
    0.26645E-03    0.42053E+03
    0.27183E-03    0.42998E+03
    0.27732E-03    0.43961E+03
    0.28292E-03    0.44943E+03
    0.28864E-03    0.45943E+03
    0.29447E-03    0.46962E+03
    0.30042E-03    0.48000E+03
    0.30649E-03    0.49058E+03
    0.31268E-03    0.50135E+03
    0.31899E-03    0.51232E+03
    0.32544E-03    0.52350E+03
    0.33201E-03    0.53489E+03
    0.33872E-03    0.54649E+03
    0.34556E-03    0.55830E+03
    0.35254E-03    0.57033E+03
    0.35966E-03    0.58258E+03
    0.36693E-03    0.59506E+03
    0.37434E-03    0.60776E+03
    0.38190E-03    0.62071E+03
    0.38962E-03    0.63389E+03
    0.39749E-03    0.64731E+03
    0.40552E-03    0.66098E+03
    0.41371E-03    0.67490E+03
    0.42207E-03    0.68908E+03
    0.43060E-03    0.70352E+03
    0.43929E-03    0.71822E+03
    0.44817E-03    0.73320E+03
    0.45722E-03    0.74845E+03
    0.46646E-03    0.76398E+03
    0.47588E-03    0.77979E+03
    0.48550E-03    0.79590E+03
    0.49530E-03    0.81230E+03
    0.50531E-03    0.82901E+03
    0.51552E-03    0.84602E+03
    0.52593E-03    0.86335E+03
    0.53656E-03    0.88099E+03
    0.54739E-03    0.89896E+03
    0.55845E-03    0.91726E+03
    0.56973E-03    0.93590E+03
    0.58124E-03    0.95488E+03
    0.59299E-03    0.97421E+03
    0.60496E-03    0.99390E+03
    0.61719E-03    0.10139E+04
    0.62965E-03    0.10344E+04
    0.64237E-03    0.10552E+04
    0.65535E-03    0.10763E+04
    0.66859E-03    0.10979E+04
    0.68210E-03    0.11198E+04
    0.69588E-03    0.11422E+04
    0.70993E-03    0.11650E+04
    0.72427E-03    0.11882E+04
    0.73891E-03    0.12118E+04
    0.75383E-03    0.12358E+04
    0.76906E-03    0.12603E+04
    0.78460E-03    0.12852E+04
    0.80045E-03    0.13106E+04
    0.81662E-03    0.13364E+04
    0.83311E-03    0.13627E+04
    0.84994E-03    0.13895E+04
    0.86711E-03    0.14168E+04
    0.88463E-03    0.14446E+04
    0.90250E-03    0.14729E+04
    0.92073E-03    0.15016E+04
    0.93933E-03    0.15309E+04
    0.95831E-03    0.15608E+04
    0.97767E-03    0.15911E+04
    0.99742E-03    0.16220E+04
    0.10176E-02    0.16535E+04
    0.10381E-02    0.16855E+04
    0.10591E-02    0.17181E+04
    0.10805E-02    0.17512E+04
    0.11023E-02    0.17850E+04
    0.11246E-02    0.18193E+04
    0.11473E-02    0.18543E+04
    0.11705E-02    0.18899E+04
    0.11941E-02    0.19260E+04
    0.12182E-02    0.19629E+04
    0.12429E-02    0.20003E+04
    0.12680E-02    0.20385E+04
    0.12936E-02    0.20772E+04
    0.13197E-02    0.21167E+04
    0.13464E-02    0.21568E+04
    0.13736E-02    0.21976E+04
    0.14013E-02    0.22391E+04
    0.14296E-02    0.22813E+04
    0.14585E-02    0.23242E+04
    0.14880E-02    0.23679E+04
    0.15180E-02    0.24123E+04
    0.15487E-02    0.24574E+04
    0.15800E-02    0.25033E+04
    0.16119E-02    0.25499E+04
    0.16445E-02    0.25973E+04
    0.16777E-02    0.26455E+04
    0.17116E-02    0.26945E+04
    0.17462E-02    0.27443E+04
    0.17814E-02    0.27948E+04
    0.18174E-02    0.28462E+04
    0.18541E-02    0.28984E+04
    0.18916E-02    0.29514E+04
    0.19298E-02    0.30053E+04
    0.19688E-02    0.30600E+04
    0.20086E-02    0.31156E+04
    0.20491E-02    0.31720E+04
    0.20905E-02    0.32293E+04
    0.21328E-02    0.32874E+04
    0.21758E-02    0.33465E+04
    0.22198E-02    0.34064E+04
    0.22646E-02    0.34672E+04
    0.23104E-02    0.35289E+04
    0.23571E-02    0.35916E+04
    0.24047E-02    0.36551E+04
    0.24533E-02    0.37195E+04
    0.25028E-02    0.37849E+04
    0.25534E-02    0.38512E+04
    0.26050E-02    0.39184E+04
    0.26576E-02    0.39865E+04
    0.27113E-02    0.40556E+04
    0.27660E-02    0.41256E+04
    0.28219E-02    0.41965E+04
    0.28789E-02    0.42684E+04
    0.29371E-02    0.43412E+04
    0.29964E-02    0.44149E+04
    0.30569E-02    0.44896E+04
    0.31187E-02    0.45652E+04
    0.31817E-02    0.46418E+04
    0.32460E-02    0.47193E+04
    0.33115E-02    0.47977E+04
    0.33784E-02    0.48770E+04
    0.34467E-02    0.49573E+04
    0.35163E-02    0.50384E+04
    0.35874E-02    0.51205E+04
    0.36598E-02    0.52035E+04
    0.37338E-02    0.52874E+04
    0.38092E-02    0.53721E+04
    0.38861E-02    0.54578E+04
    0.39646E-02    0.55443E+04
    0.40447E-02    0.56316E+04
    0.41264E-02    0.57198E+04
    0.42098E-02    0.58088E+04
    0.42948E-02    0.58987E+04
    0.43816E-02    0.59893E+04
    0.44701E-02    0.60807E+04
    0.45604E-02    0.61729E+04
    0.46525E-02    0.62658E+04
    0.47465E-02    0.63594E+04
    0.48424E-02    0.64537E+04
    0.49402E-02    0.65487E+04
    0.50400E-02    0.66444E+04
    0.51419E-02    0.67407E+04
    0.52457E-02    0.68375E+04
    0.53517E-02    0.69350E+04
    0.54598E-02    0.70329E+04
    0.55701E-02    0.71314E+04
    0.56826E-02    0.72304E+04
    0.57974E-02    0.73298E+04
    0.59145E-02    0.74295E+04
    0.60340E-02    0.75297E+04
    0.61559E-02    0.76302E+04
    0.62803E-02    0.77309E+04
    0.64072E-02    0.78319E+04
    0.65366E-02    0.79330E+04
    0.66686E-02    0.80343E+04
    0.68033E-02    0.81357E+04
    0.69408E-02    0.82372E+04
    0.70810E-02    0.83386E+04
    0.72240E-02    0.84400E+04
    0.73700E-02    0.85412E+04
    0.75189E-02    0.86423E+04
    0.76708E-02    0.87431E+04
    0.78257E-02    0.88436E+04
    0.79838E-02    0.89437E+04
    0.81451E-02    0.90434E+04
    0.83096E-02    0.91426E+04
    0.84775E-02    0.92411E+04
    0.86488E-02    0.93391E+04
    0.88235E-02    0.94363E+04
    0.90017E-02    0.95327E+04
    0.91836E-02    0.96281E+04
    0.93691E-02    0.97227E+04
    0.95583E-02    0.98161E+04
    0.97514E-02    0.99084E+04
    0.99484E-02    0.99995E+04
    0.10149E-01    0.10089E+05
    0.10354E-01    0.10177E+05
    0.10564E-01    0.10264E+05
    0.10777E-01    0.10349E+05
    0.10995E-01    0.10433E+05
    0.11217E-01    0.10514E+05
    0.11443E-01    0.10594E+05
    0.11675E-01    0.10672E+05
    0.11910E-01    0.10747E+05
    0.12151E-01    0.10820E+05
    0.12397E-01    0.10891E+05
    0.12647E-01    0.10959E+05
    0.12902E-01    0.11025E+05
    0.13163E-01    0.11088E+05
    0.13429E-01    0.11148E+05
    0.13700E-01    0.11205E+05
    0.13977E-01    0.11259E+05
    0.14259E-01    0.11310E+05
    0.14547E-01    0.11357E+05
    0.14841E-01    0.11401E+05
    0.15141E-01    0.11441E+05
    0.15447E-01    0.11478E+05
    0.15759E-01    0.11510E+05
    0.16077E-01    0.11539E+05
    0.16402E-01    0.11563E+05
    0.16734E-01    0.11584E+05
    0.17072E-01    0.11600E+05
    0.17416E-01    0.11611E+05
    0.17768E-01    0.11618E+05
    0.18127E-01    0.11620E+05
    0.18493E-01    0.11617E+05
    0.18867E-01    0.11609E+05
    0.19248E-01    0.11596E+05
    0.19637E-01    0.11578E+05
    0.20034E-01    0.11555E+05
    0.20438E-01    0.11526E+05
    0.20851E-01    0.11492E+05
    0.21272E-01    0.11452E+05
    0.21702E-01    0.11407E+05
    0.22141E-01    0.11356E+05
    0.22588E-01    0.11299E+05
    0.23044E-01    0.11237E+05
    0.23510E-01    0.11169E+05
    0.23985E-01    0.11095E+05
    0.24469E-01    0.11016E+05
    0.24964E-01    0.10931E+05
    0.25468E-01    0.10840E+05
    0.25982E-01    0.10744E+05
    0.26507E-01    0.10642E+05
    0.27043E-01    0.10534E+05
    0.27589E-01    0.10421E+05
    0.28146E-01    0.10303E+05
    0.28715E-01    0.10180E+05
    0.29295E-01    0.10052E+05
    0.29887E-01    0.99197E+04
    0.30490E-01    0.97826E+04
    0.31106E-01    0.96412E+04
    0.31735E-01    0.94959E+04
    0.32376E-01    0.93469E+04
    0.33030E-01    0.91944E+04
    0.33697E-01    0.90389E+04
    0.34378E-01    0.88807E+04
    0.35072E-01    0.87201E+04
    0.35781E-01    0.85575E+04
    0.36504E-01    0.83933E+04
    0.37241E-01    0.82279E+04
    0.37993E-01    0.80618E+04
    0.38761E-01    0.78954E+04
    0.39544E-01    0.77291E+04
    0.40343E-01    0.75634E+04
    0.41158E-01    0.73987E+04
    0.41989E-01    0.72354E+04
    0.42838E-01    0.70741E+04
    0.43703E-01    0.69151E+04
    0.44586E-01    0.67589E+04
    0.45486E-01    0.66059E+04
    0.46405E-01    0.64565E+04
    0.47343E-01    0.63110E+04
    0.48299E-01    0.61698E+04
    0.49275E-01    0.60332E+04
    0.50270E-01    0.59015E+04
    0.51286E-01    0.57749E+04
    0.52322E-01    0.56536E+04
    0.53379E-01    0.55377E+04
    0.54457E-01    0.54274E+04
    0.55557E-01    0.53227E+04
    0.56680E-01    0.52236E+04
    0.57825E-01    0.51299E+04
    0.58993E-01    0.50417E+04
    0.60184E-01    0.49586E+04
    0.61400E-01    0.48804E+04
    0.62641E-01    0.48068E+04
    0.63906E-01    0.47373E+04
    0.65197E-01    0.46715E+04
    0.66514E-01    0.46088E+04
    0.67858E-01    0.45486E+04
    0.69229E-01    0.44903E+04
    0.70627E-01    0.44332E+04
    0.72054E-01    0.43763E+04
    0.73510E-01    0.43191E+04
    0.74994E-01    0.42606E+04
    0.76509E-01    0.42001E+04
    0.78055E-01    0.41368E+04
    0.79632E-01    0.40700E+04
    0.81241E-01    0.39989E+04
    0.82882E-01    0.39232E+04
    0.84556E-01    0.38422E+04
    0.86264E-01    0.37559E+04
    0.88007E-01    0.36640E+04
    0.89785E-01    0.35666E+04
    0.91598E-01    0.34641E+04
    0.93449E-01    0.33570E+04
    0.95337E-01    0.32459E+04
    0.97263E-01    0.31318E+04
    0.99227E-01    0.30157E+04
    0.10123E+00    0.28988E+04
    0.10328E+00    0.27824E+04
    0.10536E+00    0.26678E+04
    0.10749E+00    0.25563E+04
    0.10966E+00    0.24493E+04
    0.11188E+00    0.23478E+04
    0.11414E+00    0.22528E+04
    0.11644E+00    0.21652E+04
    0.11880E+00    0.20857E+04
    0.12120E+00    0.20144E+04
    0.12365E+00    0.19515E+04
    0.12614E+00    0.18967E+04
    0.12869E+00    0.18496E+04
    0.13129E+00    0.18094E+04
    0.13394E+00    0.17749E+04
    0.13665E+00    0.17450E+04
    0.13941E+00    0.17180E+04
    0.14223E+00    0.16924E+04
    0.14510E+00    0.16665E+04
    0.14803E+00    0.16386E+04
    0.15102E+00    0.16073E+04
    0.15407E+00    0.15714E+04
    0.15718E+00    0.15302E+04
    0.16036E+00    0.14833E+04
    0.16360E+00    0.14310E+04
    0.16690E+00    0.13742E+04
    0.17028E+00    0.13140E+04
    0.17371E+00    0.12522E+04
    0.17722E+00    0.11906E+04
    0.18080E+00    0.11311E+04
    0.18446E+00    0.10754E+04
    0.18818E+00    0.10248E+04
    0.19198E+00    0.98034E+03
    0.19586E+00    0.94251E+03
    0.19982E+00    0.91117E+03
    0.20386E+00    0.88570E+03
    0.20797E+00    0.86495E+03
    0.21218E+00    0.84742E+03
    0.21646E+00    0.83134E+03
    0.22083E+00    0.81492E+03
    0.22530E+00    0.79654E+03
    0.22985E+00    0.77502E+03
    0.23449E+00    0.74976E+03
    0.23923E+00    0.72089E+03
    0.24406E+00    0.68922E+03
    0.24899E+00    0.65609E+03
    0.25402E+00    0.62313E+03
    0.25915E+00    0.59194E+03
    0.26439E+00    0.56384E+03
    0.26973E+00    0.53961E+03
    0.27518E+00    0.51944E+03
    0.28074E+00    0.50289E+03
    0.28641E+00    0.48898E+03
    0.29219E+00    0.47641E+03
    0.29810E+00    0.46382E+03
    0.30412E+00    0.45006E+03
    0.31026E+00    0.43449E+03
    0.31653E+00    0.41710E+03
    0.32292E+00    0.39847E+03
    0.32945E+00    0.37959E+03
    0.33610E+00    0.36154E+03
    0.34289E+00    0.34522E+03
    0.34982E+00    0.33104E+03
    0.35689E+00    0.31895E+03
    0.36409E+00    0.30838E+03
    0.37145E+00    0.29852E+03
    0.37895E+00    0.28857E+03
    0.38661E+00    0.27799E+03
    0.39442E+00    0.26669E+03
    0.40239E+00    0.25499E+03
    0.41052E+00    0.24346E+03
    0.41881E+00    0.23267E+03
    0.42727E+00    0.22295E+03
    0.43590E+00    0.21431E+03
    0.44471E+00    0.20641E+03
    0.45369E+00    0.19881E+03
    0.46286E+00    0.19115E+03
    0.47221E+00    0.18331E+03
    0.48174E+00    0.17541E+03
    0.49148E+00    0.16775E+03
    0.50141E+00    0.16058E+03
    0.51153E+00    0.15398E+03
    0.52187E+00    0.14785E+03
    0.53241E+00    0.14199E+03
    0.54317E+00    0.13621E+03
    0.55414E+00    0.13048E+03
    0.56533E+00    0.12487E+03
    0.57675E+00    0.11951E+03
    0.58840E+00    0.11447E+03
    0.60029E+00    0.10972E+03
    0.61242E+00    0.10517E+03
    0.62479E+00    0.10075E+03
    0.63741E+00    0.96447E+02
    0.65029E+00    0.92294E+02
    0.66342E+00    0.88335E+02
    0.67683E+00    0.84576E+02
    0.69050E+00    0.80981E+02
    0.70445E+00    0.77515E+02
    0.71868E+00    0.74167E+02
    0.73320E+00    0.70952E+02
    0.74801E+00    0.67881E+02
    0.76312E+00    0.64947E+02
    0.77854E+00    0.62132E+02
    0.79426E+00    0.59427E+02
    0.81031E+00    0.56830E+02
    0.82668E+00    0.54344E+02
    0.84338E+00    0.51966E+02
    0.86041E+00    0.49687E+02
    0.87780E+00    0.47502E+02
    0.89553E+00    0.45407E+02
    0.91362E+00    0.43403E+02
    0.93208E+00    0.41483E+02
    0.95091E+00    0.39645E+02
    0.97011E+00    0.37883E+02
    0.98971E+00    0.36198E+02
    0.10097E+01    0.34584E+02
    0.10301E+01    0.33039E+02
    0.10509E+01    0.31560E+02
    0.10721E+01    0.30145E+02
    0.10938E+01    0.28791E+02
    0.11159E+01    0.27496E+02
    0.11384E+01    0.26257E+02
    0.11614E+01    0.25071E+02
    0.11849E+01    0.23938E+02
    0.12088E+01    0.22853E+02
    0.12333E+01    0.21816E+02
    0.12582E+01    0.20825E+02
    0.12836E+01    0.19876E+02
    0.13095E+01    0.18970E+02
    0.13360E+01    0.18103E+02
    0.13630E+01    0.17275E+02
    0.13905E+01    0.16483E+02
    0.14186E+01    0.15727E+02
    0.14472E+01    0.15004E+02
    0.14765E+01    0.14313E+02
    0.15063E+01    0.13654E+02
    0.15367E+01    0.13023E+02
    0.15678E+01    0.12421E+02
    0.15994E+01    0.11846E+02
    0.16318E+01    0.11296E+02
    0.16647E+01    0.10772E+02
    0.16984E+01    0.10271E+02
    0.17327E+01    0.97922E+01
    0.17677E+01    0.93355E+01
    0.18034E+01    0.88996E+01
    0.18398E+01    0.84833E+01
    0.18770E+01    0.80861E+01
    0.19149E+01    0.77068E+01
    0.19536E+01    0.73450E+01
    0.19930E+01    0.69996E+01
    0.20333E+01    0.66701E+01
    0.20744E+01    0.63557E+01
    0.21163E+01    0.60557E+01
    0.21590E+01    0.57696E+01
    0.22026E+01    0.54966E+01
    0.22471E+01    0.52362E+01
    0.22925E+01    0.49878E+01
    0.23388E+01    0.47510E+01
    0.23861E+01    0.45251E+01
    0.24343E+01    0.43097E+01
    0.24835E+01    0.41043E+01
    0.25336E+01    0.39085E+01
    0.25848E+01    0.37218E+01
    0.26370E+01    0.35438E+01
    0.26903E+01    0.33741E+01
    0.27447E+01    0.32124E+01
    0.28001E+01    0.30583E+01
    0.28567E+01    0.29114E+01
    0.29144E+01    0.27714E+01
    0.29733E+01    0.26380E+01
    0.30333E+01    0.25108E+01
    0.30946E+01    0.23897E+01
    0.31571E+01    0.22743E+01
    0.32209E+01    0.21644E+01
    0.32860E+01    0.20596E+01
    0.33523E+01    0.19599E+01
    0.34201E+01    0.18648E+01
    0.34892E+01    0.17743E+01
    0.35596E+01    0.16881E+01
    0.36316E+01    0.16060E+01
    0.37049E+01    0.15278E+01
    0.37798E+01    0.14534E+01
    0.38561E+01    0.13825E+01
    0.39340E+01    0.13150E+01
    0.40135E+01    0.12508E+01
    0.40946E+01    0.11896E+01
    0.41773E+01    0.11314E+01
    0.42617E+01    0.10759E+01
    0.43478E+01    0.10232E+01
    0.44356E+01    0.97294E+00
    0.45252E+01    0.92514E+00
    0.46166E+01    0.87964E+00
    0.47099E+01    0.83635E+00
    0.48050E+01    0.79515E+00
    0.49021E+01    0.75595E+00
    0.50011E+01    0.71865E+00
    0.51021E+01    0.68316E+00
    0.52052E+01    0.64940E+00
    0.53104E+01    0.61727E+00
    0.54176E+01    0.58671E+00
    0.55271E+01    0.55765E+00
    0.56387E+01    0.52999E+00
    0.57526E+01    0.50369E+00
    0.58689E+01    0.47868E+00
    0.59874E+01    0.45488E+00
    0.61084E+01    0.43226E+00
    0.62318E+01    0.41074E+00
    0.63577E+01    0.39027E+00
    0.64861E+01    0.37082E+00
    0.66171E+01    0.35231E+00
    0.67508E+01    0.33472E+00
    0.68872E+01    0.31800E+00
    0.70263E+01    0.30209E+00
    0.71682E+01    0.28698E+00
    0.73130E+01    0.27260E+00
    0.74608E+01    0.25894E+00
    0.76115E+01    0.24596E+00
    0.77653E+01    0.23361E+00
    0.79221E+01    0.22188E+00
    0.80822E+01    0.21073E+00
    0.82454E+01    0.20013E+00
    0.84120E+01    0.19006E+00
    0.85819E+01    0.18049E+00
    0.87553E+01    0.17139E+00
    0.89322E+01    0.16275E+00
    0.91126E+01    0.15454E+00
    0.92967E+01    0.14673E+00
    0.94845E+01    0.13932E+00
    0.96761E+01    0.13228E+00
    0.98716E+01    0.12558E+00
    0.10071E+02    0.11923E+00
    0.10274E+02    0.11319E+00
    0.10482E+02    0.10745E+00
    0.10694E+02    0.10200E+00
    0.10910E+02    0.96822E-01
    0.11130E+02    0.91905E-01
    0.11355E+02    0.87235E-01
    0.11584E+02    0.82799E-01
    0.11818E+02    0.78587E-01
    0.12057E+02    0.74586E-01
    0.12301E+02    0.70787E-01
    0.12549E+02    0.67179E-01
    0.12803E+02    0.63753E-01
    0.13061E+02    0.60500E-01
    0.13325E+02    0.57411E-01
    0.13594E+02    0.54478E-01
    0.13869E+02    0.51693E-01
    0.14149E+02    0.49049E-01
    0.14435E+02    0.46539E-01
    0.14727E+02    0.44156E-01
    0.15024E+02    0.41893E-01
