#           k/h    P           
    0.10000E-03    0.11176E+03
    0.10202E-03    0.11399E+03
    0.10408E-03    0.11626E+03
    0.10618E-03    0.11858E+03
    0.10833E-03    0.12094E+03
    0.11052E-03    0.12336E+03
    0.11275E-03    0.12583E+03
    0.11503E-03    0.12834E+03
    0.11735E-03    0.13091E+03
    0.11972E-03    0.13354E+03
    0.12214E-03    0.13621E+03
    0.12461E-03    0.13895E+03
    0.12712E-03    0.14174E+03
    0.12969E-03    0.14458E+03
    0.13231E-03    0.14749E+03
    0.13499E-03    0.15046E+03
    0.13771E-03    0.15349E+03
    0.14049E-03    0.15658E+03
    0.14333E-03    0.15974E+03
    0.14623E-03    0.16296E+03
    0.14918E-03    0.16625E+03
    0.15220E-03    0.16961E+03
    0.15527E-03    0.17304E+03
    0.15841E-03    0.17654E+03
    0.16161E-03    0.18011E+03
    0.16487E-03    0.18375E+03
    0.16820E-03    0.18747E+03
    0.17160E-03    0.19127E+03
    0.17507E-03    0.19514E+03
    0.17860E-03    0.19910E+03
    0.18221E-03    0.20313E+03
    0.18589E-03    0.20725E+03
    0.18965E-03    0.21145E+03
    0.19348E-03    0.21574E+03
    0.19739E-03    0.22011E+03
    0.20138E-03    0.22457E+03
    0.20544E-03    0.22913E+03
    0.20959E-03    0.23377E+03
    0.21383E-03    0.23851E+03
    0.21815E-03    0.24334E+03
    0.22255E-03    0.24826E+03
    0.22705E-03    0.25329E+03
    0.23164E-03    0.25841E+03
    0.23632E-03    0.26363E+03
    0.24109E-03    0.26896E+03
    0.24596E-03    0.27439E+03
    0.25093E-03    0.27993E+03
    0.25600E-03    0.28557E+03
    0.26117E-03    0.29133E+03
    0.26645E-03    0.29719E+03
    0.27183E-03    0.30317E+03
    0.27732E-03    0.30926E+03
    0.28292E-03    0.31547E+03
    0.28864E-03    0.32180E+03
    0.29447E-03    0.32825E+03
    0.30042E-03    0.33483E+03
    0.30649E-03    0.34153E+03
    0.31268E-03    0.34835E+03
    0.31899E-03    0.35531E+03
    0.32544E-03    0.36239E+03
    0.33201E-03    0.36961E+03
    0.33872E-03    0.37697E+03
    0.34556E-03    0.38447E+03
    0.35254E-03    0.39210E+03
    0.35966E-03    0.39988E+03
    0.36693E-03    0.40781E+03
    0.37434E-03    0.41589E+03
    0.38190E-03    0.42412E+03
    0.38962E-03    0.43250E+03
    0.39749E-03    0.44104E+03
    0.40552E-03    0.44974E+03
    0.41371E-03    0.45860E+03
    0.42207E-03    0.46763E+03
    0.43060E-03    0.47682E+03
    0.43929E-03    0.48619E+03
    0.44817E-03    0.49574E+03
    0.45722E-03    0.50546E+03
    0.46646E-03    0.51536E+03
    0.47588E-03    0.52545E+03
    0.48550E-03    0.53572E+03
    0.49530E-03    0.54619E+03
    0.50531E-03    0.55685E+03
    0.51552E-03    0.56770E+03
    0.52593E-03    0.57876E+03
    0.53656E-03    0.59003E+03
    0.54739E-03    0.60150E+03
    0.55845E-03    0.61319E+03
    0.56973E-03    0.62509E+03
    0.58124E-03    0.63721E+03
    0.59299E-03    0.64955E+03
    0.60496E-03    0.66213E+03
    0.61719E-03    0.67493E+03
    0.62965E-03    0.68797E+03
    0.64237E-03    0.70125E+03
    0.65535E-03    0.71477E+03
    0.66859E-03    0.72854E+03
    0.68210E-03    0.74256E+03
    0.69588E-03    0.75684E+03
    0.70993E-03    0.77137E+03
    0.72427E-03    0.78618E+03
    0.73891E-03    0.80125E+03
    0.75383E-03    0.81659E+03
    0.76906E-03    0.83222E+03
    0.78460E-03    0.84812E+03
    0.80045E-03    0.86432E+03
    0.81662E-03    0.88080E+03
    0.83311E-03    0.89758E+03
    0.84994E-03    0.91467E+03
    0.86711E-03    0.93206E+03
    0.88463E-03    0.94976E+03
    0.90250E-03    0.96777E+03
    0.92073E-03    0.98611E+03
    0.93933E-03    0.10048E+04
    0.95831E-03    0.10238E+04
    0.97767E-03    0.10431E+04
    0.99742E-03    0.10628E+04
    0.10176E-02    0.10828E+04
    0.10381E-02    0.11032E+04
    0.10591E-02    0.11239E+04
    0.10805E-02    0.11450E+04
    0.11023E-02    0.11664E+04
    0.11246E-02    0.11883E+04
    0.11473E-02    0.12105E+04
    0.11705E-02    0.12330E+04
    0.11941E-02    0.12560E+04
    0.12182E-02    0.12794E+04
    0.12429E-02    0.13032E+04
    0.12680E-02    0.13273E+04
    0.12936E-02    0.13519E+04
    0.13197E-02    0.13769E+04
    0.13464E-02    0.14023E+04
    0.13736E-02    0.14282E+04
    0.14013E-02    0.14545E+04
    0.14296E-02    0.14812E+04
    0.14585E-02    0.15084E+04
    0.14880E-02    0.15360E+04
    0.15180E-02    0.15640E+04
    0.15487E-02    0.15925E+04
    0.15800E-02    0.16215E+04
    0.16119E-02    0.16510E+04
    0.16445E-02    0.16809E+04
    0.16777E-02    0.17113E+04
    0.17116E-02    0.17422E+04
    0.17462E-02    0.17736E+04
    0.17814E-02    0.18055E+04
    0.18174E-02    0.18378E+04
    0.18541E-02    0.18707E+04
    0.18916E-02    0.19041E+04
    0.19298E-02    0.19380E+04
    0.19688E-02    0.19724E+04
    0.20086E-02    0.20074E+04
    0.20491E-02    0.20428E+04
    0.20905E-02    0.20788E+04
    0.21328E-02    0.21153E+04
    0.21758E-02    0.21524E+04
    0.22198E-02    0.21900E+04
    0.22646E-02    0.22281E+04
    0.23104E-02    0.22668E+04
    0.23571E-02    0.23061E+04
    0.24047E-02    0.23459E+04
    0.24533E-02    0.23862E+04
    0.25028E-02    0.24271E+04
    0.25534E-02    0.24686E+04
    0.26050E-02    0.25106E+04
    0.26576E-02    0.25532E+04
    0.27113E-02    0.25963E+04
    0.27660E-02    0.26400E+04
    0.28219E-02    0.26843E+04
    0.28789E-02    0.27291E+04
    0.29371E-02    0.27745E+04
    0.29964E-02    0.28205E+04
    0.30569E-02    0.28670E+04
    0.31187E-02    0.29140E+04
    0.31817E-02    0.29617E+04
    0.32460E-02    0.30099E+04
    0.33115E-02    0.30586E+04
    0.33784E-02    0.31079E+04
    0.34467E-02    0.31578E+04
    0.35163E-02    0.32081E+04
    0.35874E-02    0.32591E+04
    0.36598E-02    0.33105E+04
    0.37338E-02    0.33625E+04
    0.38092E-02    0.34150E+04
    0.38861E-02    0.34680E+04
    0.39646E-02    0.35215E+04
    0.40447E-02    0.35755E+04
    0.41264E-02    0.36301E+04
    0.42098E-02    0.36850E+04
    0.42948E-02    0.37405E+04
    0.43816E-02    0.37964E+04
    0.44701E-02    0.38528E+04
    0.45604E-02    0.39096E+04
    0.46525E-02    0.39668E+04
    0.47465E-02    0.40245E+04
    0.48424E-02    0.40825E+04
    0.49402E-02    0.41409E+04
    0.50400E-02    0.41997E+04
    0.51419E-02    0.42588E+04
    0.52457E-02    0.43183E+04
    0.53517E-02    0.43780E+04
    0.54598E-02    0.44381E+04
    0.55701E-02    0.44984E+04
    0.56826E-02    0.45590E+04
    0.57974E-02    0.46198E+04
    0.59145E-02    0.46808E+04
    0.60340E-02    0.47420E+04
    0.61559E-02    0.48033E+04
    0.62803E-02    0.48648E+04
    0.64072E-02    0.49263E+04
    0.65366E-02    0.49879E+04
    0.66686E-02    0.50496E+04
    0.68033E-02    0.51113E+04
    0.69408E-02    0.51729E+04
    0.70810E-02    0.52345E+04
    0.72240E-02    0.52960E+04
    0.73700E-02    0.53573E+04
    0.75189E-02    0.54185E+04
    0.76708E-02    0.54795E+04
    0.78257E-02    0.55403E+04
    0.79838E-02    0.56008E+04
    0.81451E-02    0.56609E+04
    0.83096E-02    0.57207E+04
    0.84775E-02    0.57801E+04
    0.86488E-02    0.58390E+04
    0.88235E-02    0.58974E+04
    0.90017E-02    0.59552E+04
    0.91836E-02    0.60125E+04
    0.93691E-02    0.60690E+04
    0.95583E-02    0.61249E+04
    0.97514E-02    0.61800E+04
    0.99484E-02    0.62343E+04
    0.10149E-01    0.62877E+04
    0.10354E-01    0.63402E+04
    0.10564E-01    0.63917E+04
    0.10777E-01    0.64421E+04
    0.10995E-01    0.64914E+04
    0.11217E-01    0.65396E+04
    0.11443E-01    0.65865E+04
    0.11675E-01    0.66321E+04
    0.11910E-01    0.66763E+04
    0.12151E-01    0.67190E+04
    0.12397E-01    0.67603E+04
    0.12647E-01    0.67999E+04
    0.12902E-01    0.68379E+04
    0.13163E-01    0.68742E+04
    0.13429E-01    0.69086E+04
    0.13700E-01    0.69412E+04
    0.13977E-01    0.69719E+04
    0.14259E-01    0.70005E+04
    0.14547E-01    0.70270E+04
    0.14841E-01    0.70513E+04
    0.15141E-01    0.70733E+04
    0.15447E-01    0.70931E+04
    0.15759E-01    0.71104E+04
    0.16077E-01    0.71252E+04
    0.16402E-01    0.71375E+04
    0.16734E-01    0.71471E+04
    0.17072E-01    0.71540E+04
    0.17416E-01    0.71582E+04
    0.17768E-01    0.71595E+04
    0.18127E-01    0.71578E+04
    0.18493E-01    0.71532E+04
    0.18867E-01    0.71455E+04
    0.19248E-01    0.71347E+04
    0.19637E-01    0.71207E+04
    0.20034E-01    0.71035E+04
    0.20438E-01    0.70830E+04
    0.20851E-01    0.70592E+04
    0.21272E-01    0.70320E+04
    0.21702E-01    0.70015E+04
    0.22141E-01    0.69675E+04
    0.22588E-01    0.69300E+04
    0.23044E-01    0.68890E+04
    0.23510E-01    0.68446E+04
    0.23985E-01    0.67967E+04
    0.24469E-01    0.67454E+04
    0.24964E-01    0.66905E+04
    0.25468E-01    0.66323E+04
    0.25982E-01    0.65706E+04
    0.26507E-01    0.65057E+04
    0.27043E-01    0.64374E+04
    0.27589E-01    0.63659E+04
    0.28146E-01    0.62913E+04
    0.28715E-01    0.62137E+04
    0.29295E-01    0.61332E+04
    0.29887E-01    0.60498E+04
    0.30490E-01    0.59638E+04
    0.31106E-01    0.58753E+04
    0.31735E-01    0.57844E+04
    0.32376E-01    0.56913E+04
    0.33030E-01    0.55963E+04
    0.33697E-01    0.54994E+04
    0.34378E-01    0.54010E+04
    0.35072E-01    0.53012E+04
    0.35781E-01    0.52002E+04
    0.36504E-01    0.50984E+04
    0.37241E-01    0.49960E+04
    0.37993E-01    0.48932E+04
    0.38761E-01    0.47902E+04
    0.39544E-01    0.46875E+04
    0.40343E-01    0.45851E+04
    0.41158E-01    0.44835E+04
    0.41989E-01    0.43828E+04
    0.42838E-01    0.42834E+04
    0.43703E-01    0.41854E+04
    0.44586E-01    0.40893E+04
    0.45486E-01    0.39951E+04
    0.46405E-01    0.39032E+04
    0.47343E-01    0.38137E+04
    0.48299E-01    0.37269E+04
    0.49275E-01    0.36429E+04
    0.50270E-01    0.35620E+04
    0.51286E-01    0.34841E+04
    0.52322E-01    0.34096E+04
    0.53379E-01    0.33384E+04
    0.54457E-01    0.32706E+04
    0.55557E-01    0.32062E+04
    0.56680E-01    0.31452E+04
    0.57825E-01    0.30876E+04
    0.58993E-01    0.30333E+04
    0.60184E-01    0.29821E+04
    0.61400E-01    0.29339E+04
    0.62641E-01    0.28885E+04
    0.63906E-01    0.28456E+04
    0.65197E-01    0.28049E+04
    0.66514E-01    0.27662E+04
    0.67858E-01    0.27290E+04
    0.69229E-01    0.26929E+04
    0.70627E-01    0.26576E+04
    0.72054E-01    0.26225E+04
    0.73510E-01    0.25871E+04
    0.74994E-01    0.25511E+04
    0.76509E-01    0.25139E+04
    0.78055E-01    0.24750E+04
    0.79632E-01    0.24340E+04
    0.81241E-01    0.23906E+04
    0.82882E-01    0.23443E+04
    0.84556E-01    0.22950E+04
    0.86264E-01    0.22426E+04
    0.88007E-01    0.21868E+04
    0.89785E-01    0.21279E+04
    0.91598E-01    0.20659E+04
    0.93449E-01    0.20012E+04
    0.95337E-01    0.19342E+04
    0.97263E-01    0.18655E+04
    0.99227E-01    0.17956E+04
    0.10123E+00    0.17253E+04
    0.10328E+00    0.16554E+04
    0.10536E+00    0.15865E+04
    0.10749E+00    0.15196E+04
    0.10966E+00    0.14554E+04
    0.11188E+00    0.13945E+04
    0.11414E+00    0.13376E+04
    0.11644E+00    0.12851E+04
    0.11880E+00    0.12374E+04
    0.12120E+00    0.11946E+04
    0.12365E+00    0.11568E+04
    0.12614E+00    0.11239E+04
    0.12869E+00    0.10956E+04
    0.13129E+00    0.10713E+04
    0.13394E+00    0.10505E+04
    0.13665E+00    0.10324E+04
    0.13941E+00    0.10160E+04
    0.14223E+00    0.10005E+04
    0.14510E+00    0.98474E+03
    0.14803E+00    0.96788E+03
    0.15102E+00    0.94902E+03
    0.15407E+00    0.92746E+03
    0.15718E+00    0.90274E+03
    0.16036E+00    0.87473E+03
    0.16360E+00    0.84356E+03
    0.16690E+00    0.80973E+03
    0.17028E+00    0.77399E+03
    0.17371E+00    0.73730E+03
    0.17722E+00    0.70075E+03
    0.18080E+00    0.66544E+03
    0.18446E+00    0.63239E+03
    0.18818E+00    0.60240E+03
    0.19198E+00    0.57606E+03
    0.19586E+00    0.55360E+03
    0.19982E+00    0.53498E+03
    0.20386E+00    0.51982E+03
    0.20797E+00    0.50744E+03
    0.21218E+00    0.49695E+03
    0.21646E+00    0.48733E+03
    0.22083E+00    0.47751E+03
    0.22530E+00    0.46656E+03
    0.22985E+00    0.45377E+03
    0.23449E+00    0.43880E+03
    0.23923E+00    0.42174E+03
    0.24406E+00    0.40305E+03
    0.24899E+00    0.38352E+03
    0.25402E+00    0.36411E+03
    0.25915E+00    0.34575E+03
    0.26439E+00    0.32920E+03
    0.26973E+00    0.31493E+03
    0.27518E+00    0.30304E+03
    0.28074E+00    0.29326E+03
    0.28641E+00    0.28504E+03
    0.29219E+00    0.27760E+03
    0.29810E+00    0.27015E+03
    0.30412E+00    0.26203E+03
    0.31026E+00    0.25287E+03
    0.31653E+00    0.24265E+03
    0.32292E+00    0.23172E+03
    0.32945E+00    0.22065E+03
    0.33610E+00    0.21008E+03
    0.34289E+00    0.20051E+03
    0.34982E+00    0.19220E+03
    0.35689E+00    0.18511E+03
    0.36409E+00    0.17890E+03
    0.37145E+00    0.17311E+03
    0.37895E+00    0.16727E+03
    0.38661E+00    0.16108E+03
    0.39442E+00    0.15447E+03
    0.40239E+00    0.14763E+03
    0.41052E+00    0.14090E+03
    0.41881E+00    0.13460E+03
    0.42727E+00    0.12893E+03
    0.43590E+00    0.12388E+03
    0.44471E+00    0.11926E+03
    0.45369E+00    0.11483E+03
    0.46286E+00    0.11036E+03
    0.47221E+00    0.10579E+03
    0.48174E+00    0.10120E+03
    0.49148E+00    0.96736E+02
    0.50141E+00    0.92561E+02
    0.51153E+00    0.88721E+02
    0.52187E+00    0.85156E+02
    0.53241E+00    0.81747E+02
    0.54317E+00    0.78391E+02
    0.55414E+00    0.75062E+02
    0.56533E+00    0.71806E+02
    0.57675E+00    0.68696E+02
    0.58840E+00    0.65772E+02
    0.60029E+00    0.63018E+02
    0.61242E+00    0.60384E+02
    0.62479E+00    0.57823E+02
    0.63741E+00    0.55329E+02
    0.65029E+00    0.52925E+02
    0.66342E+00    0.50635E+02
    0.67683E+00    0.48461E+02
    0.69050E+00    0.46382E+02
    0.70445E+00    0.44379E+02
    0.71868E+00    0.42446E+02
    0.73320E+00    0.40589E+02
    0.74801E+00    0.38817E+02
    0.76312E+00    0.37124E+02
    0.77854E+00    0.35501E+02
    0.79426E+00    0.33942E+02
    0.81031E+00    0.32446E+02
    0.82668E+00    0.31014E+02
    0.84338E+00    0.29645E+02
    0.86041E+00    0.28334E+02
    0.87780E+00    0.27076E+02
    0.89553E+00    0.25872E+02
    0.91362E+00    0.24720E+02
    0.93208E+00    0.23618E+02
    0.95091E+00    0.22562E+02
    0.97011E+00    0.21551E+02
    0.98971E+00    0.20584E+02
    0.10097E+01    0.19658E+02
    0.10301E+01    0.18772E+02
    0.10509E+01    0.17925E+02
    0.10721E+01    0.17115E+02
    0.10938E+01    0.16339E+02
    0.11159E+01    0.15598E+02
    0.11384E+01    0.14889E+02
    0.11614E+01    0.14211E+02
    0.11849E+01    0.13563E+02
    0.12088E+01    0.12943E+02
    0.12333E+01    0.12351E+02
    0.12582E+01    0.11785E+02
    0.12836E+01    0.11244E+02
    0.13095E+01    0.10727E+02
    0.13360E+01    0.10233E+02
    0.13630E+01    0.97607E+01
    0.13905E+01    0.93097E+01
    0.14186E+01    0.88789E+01
    0.14472E+01    0.84674E+01
    0.14765E+01    0.80744E+01
    0.15063E+01    0.76991E+01
    0.15367E+01    0.73406E+01
    0.15678E+01    0.69984E+01
    0.15994E+01    0.66716E+01
    0.16318E+01    0.63596E+01
    0.16647E+01    0.60618E+01
    0.16984E+01    0.57776E+01
    0.17327E+01    0.55063E+01
    0.17677E+01    0.52474E+01
    0.18034E+01    0.50003E+01
    0.18398E+01    0.47646E+01
    0.18770E+01    0.45396E+01
    0.19149E+01    0.43250E+01
    0.19536E+01    0.41203E+01
    0.19930E+01    0.39250E+01
    0.20333E+01    0.37387E+01
    0.20744E+01    0.35610E+01
    0.21163E+01    0.33916E+01
    0.21590E+01    0.32300E+01
    0.22026E+01    0.30760E+01
    0.22471E+01    0.29291E+01
    0.22925E+01    0.27890E+01
    0.23388E+01    0.26555E+01
    0.23861E+01    0.25283E+01
    0.24343E+01    0.24070E+01
    0.24835E+01    0.22913E+01
    0.25336E+01    0.21811E+01
    0.25848E+01    0.20761E+01
    0.26370E+01    0.19760E+01
    0.26903E+01    0.18807E+01
    0.27447E+01    0.17898E+01
    0.28001E+01    0.17033E+01
    0.28567E+01    0.16208E+01
    0.29144E+01    0.15422E+01
    0.29733E+01    0.14674E+01
    0.30333E+01    0.13961E+01
    0.30946E+01    0.13283E+01
    0.31571E+01    0.12636E+01
    0.32209E+01    0.12021E+01
    0.32860E+01    0.11434E+01
    0.33523E+01    0.10876E+01
    0.34201E+01    0.10345E+01
    0.34892E+01    0.98385E+00
    0.35596E+01    0.93568E+00
    0.36316E+01    0.88982E+00
    0.37049E+01    0.84617E+00
    0.37798E+01    0.80461E+00
    0.38561E+01    0.76507E+00
    0.39340E+01    0.72743E+00
    0.40135E+01    0.69161E+00
    0.40946E+01    0.65752E+00
    0.41773E+01    0.62508E+00
    0.42617E+01    0.59421E+00
    0.43478E+01    0.56485E+00
    0.44356E+01    0.53690E+00
    0.45252E+01    0.51032E+00
    0.46166E+01    0.48503E+00
    0.47099E+01    0.46098E+00
    0.48050E+01    0.43810E+00
    0.49021E+01    0.41633E+00
    0.50011E+01    0.39563E+00
    0.51021E+01    0.37594E+00
    0.52052E+01    0.35722E+00
    0.53104E+01    0.33941E+00
    0.54176E+01    0.32248E+00
    0.55271E+01    0.30638E+00
    0.56387E+01    0.29107E+00
    0.57526E+01    0.27652E+00
    0.58689E+01    0.26268E+00
    0.59874E+01    0.24952E+00
    0.61084E+01    0.23702E+00
    0.62318E+01    0.22513E+00
    0.63577E+01    0.21382E+00
    0.64861E+01    0.20308E+00
    0.66171E+01    0.19287E+00
    0.67508E+01    0.18317E+00
    0.68872E+01    0.17395E+00
    0.70263E+01    0.16518E+00
    0.71682E+01    0.15685E+00
    0.73130E+01    0.14894E+00
    0.74608E+01    0.14142E+00
    0.76115E+01    0.13427E+00
    0.77653E+01    0.12748E+00
    0.79221E+01    0.12103E+00
    0.80822E+01    0.11490E+00
    0.82454E+01    0.10908E+00
    0.84120E+01    0.10355E+00
    0.85819E+01    0.98296E-01
    0.87553E+01    0.93305E-01
    0.89322E+01    0.88564E-01
    0.91126E+01    0.84062E-01
    0.92967E+01    0.79785E-01
    0.94845E+01    0.75724E-01
    0.96761E+01    0.71866E-01
    0.98716E+01    0.68203E-01
    0.10071E+02    0.64724E-01
    0.10274E+02    0.61421E-01
    0.10482E+02    0.58284E-01
    0.10694E+02    0.55306E-01
    0.10910E+02    0.52478E-01
    0.11130E+02    0.49793E-01
    0.11355E+02    0.47244E-01
    0.11584E+02    0.44824E-01
    0.11818E+02    0.42526E-01
    0.12057E+02    0.40345E-01
    0.12301E+02    0.38275E-01
    0.12549E+02    0.36310E-01
    0.12803E+02    0.34444E-01
    0.13061E+02    0.32674E-01
    0.13325E+02    0.30993E-01
    0.13594E+02    0.29398E-01
    0.13869E+02    0.27884E-01
    0.14149E+02    0.26447E-01
    0.14435E+02    0.25084E-01
    0.14727E+02    0.23790E-01
    0.15024E+02    0.22562E-01
