#           k/h    P           
    0.10000E-03    0.52311E+02
    0.10202E-03    0.53326E+02
    0.10408E-03    0.54362E+02
    0.10618E-03    0.55417E+02
    0.10833E-03    0.56493E+02
    0.11052E-03    0.57591E+02
    0.11275E-03    0.58709E+02
    0.11503E-03    0.59849E+02
    0.11735E-03    0.61012E+02
    0.11972E-03    0.62197E+02
    0.12214E-03    0.63405E+02
    0.12461E-03    0.64637E+02
    0.12712E-03    0.65892E+02
    0.12969E-03    0.67172E+02
    0.13231E-03    0.68477E+02
    0.13499E-03    0.69808E+02
    0.13771E-03    0.71164E+02
    0.14049E-03    0.72547E+02
    0.14333E-03    0.73957E+02
    0.14623E-03    0.75394E+02
    0.14918E-03    0.76859E+02
    0.15220E-03    0.78353E+02
    0.15527E-03    0.79876E+02
    0.15841E-03    0.81428E+02
    0.16161E-03    0.83011E+02
    0.16487E-03    0.84624E+02
    0.16820E-03    0.86269E+02
    0.17160E-03    0.87946E+02
    0.17507E-03    0.89656E+02
    0.17860E-03    0.91399E+02
    0.18221E-03    0.93176E+02
    0.18589E-03    0.94987E+02
    0.18965E-03    0.96833E+02
    0.19348E-03    0.98716E+02
    0.19739E-03    0.10063E+03
    0.20138E-03    0.10259E+03
    0.20544E-03    0.10459E+03
    0.20959E-03    0.10662E+03
    0.21383E-03    0.10869E+03
    0.21815E-03    0.11080E+03
    0.22255E-03    0.11296E+03
    0.22705E-03    0.11515E+03
    0.23164E-03    0.11739E+03
    0.23632E-03    0.11967E+03
    0.24109E-03    0.12200E+03
    0.24596E-03    0.12437E+03
    0.25093E-03    0.12678E+03
    0.25600E-03    0.12925E+03
    0.26117E-03    0.13176E+03
    0.26645E-03    0.13432E+03
    0.27183E-03    0.13692E+03
    0.27732E-03    0.13958E+03
    0.28292E-03    0.14229E+03
    0.28864E-03    0.14505E+03
    0.29447E-03    0.14787E+03
    0.30042E-03    0.15074E+03
    0.30649E-03    0.15366E+03
    0.31268E-03    0.15664E+03
    0.31899E-03    0.15968E+03
    0.32544E-03    0.16278E+03
    0.33201E-03    0.16593E+03
    0.33872E-03    0.16915E+03
    0.34556E-03    0.17243E+03
    0.35254E-03    0.17577E+03
    0.35966E-03    0.17917E+03
    0.36693E-03    0.18264E+03
    0.37434E-03    0.18617E+03
    0.38190E-03    0.18977E+03
    0.38962E-03    0.19344E+03
    0.39749E-03    0.19719E+03
    0.40552E-03    0.20100E+03
    0.41371E-03    0.20488E+03
    0.42207E-03    0.20884E+03
    0.43060E-03    0.21287E+03
    0.43929E-03    0.21698E+03
    0.44817E-03    0.22117E+03
    0.45722E-03    0.22544E+03
    0.46646E-03    0.22978E+03
    0.47588E-03    0.23421E+03
    0.48550E-03    0.23873E+03
    0.49530E-03    0.24333E+03
    0.50531E-03    0.24801E+03
    0.51552E-03    0.25278E+03
    0.52593E-03    0.25765E+03
    0.53656E-03    0.26260E+03
    0.54739E-03    0.26765E+03
    0.55845E-03    0.27279E+03
    0.56973E-03    0.27803E+03
    0.58124E-03    0.28337E+03
    0.59299E-03    0.28880E+03
    0.60496E-03    0.29434E+03
    0.61719E-03    0.29998E+03
    0.62965E-03    0.30572E+03
    0.64237E-03    0.31158E+03
    0.65535E-03    0.31754E+03
    0.66859E-03    0.32361E+03
    0.68210E-03    0.32979E+03
    0.69588E-03    0.33609E+03
    0.70993E-03    0.34250E+03
    0.72427E-03    0.34903E+03
    0.73891E-03    0.35568E+03
    0.75383E-03    0.36246E+03
    0.76906E-03    0.36935E+03
    0.78460E-03    0.37638E+03
    0.80045E-03    0.38353E+03
    0.81662E-03    0.39081E+03
    0.83311E-03    0.39822E+03
    0.84994E-03    0.40577E+03
    0.86711E-03    0.41345E+03
    0.88463E-03    0.42127E+03
    0.90250E-03    0.42923E+03
    0.92073E-03    0.43734E+03
    0.93933E-03    0.44559E+03
    0.95831E-03    0.45399E+03
    0.97767E-03    0.46253E+03
    0.99742E-03    0.47123E+03
    0.10176E-02    0.48008E+03
    0.10381E-02    0.48909E+03
    0.10591E-02    0.49826E+03
    0.10805E-02    0.50759E+03
    0.11023E-02    0.51708E+03
    0.11246E-02    0.52673E+03
    0.11473E-02    0.53656E+03
    0.11705E-02    0.54655E+03
    0.11941E-02    0.55672E+03
    0.12182E-02    0.56706E+03
    0.12429E-02    0.57757E+03
    0.12680E-02    0.58827E+03
    0.12936E-02    0.59915E+03
    0.13197E-02    0.61022E+03
    0.13464E-02    0.62147E+03
    0.13736E-02    0.63291E+03
    0.14013E-02    0.64454E+03
    0.14296E-02    0.65636E+03
    0.14585E-02    0.66838E+03
    0.14880E-02    0.68060E+03
    0.15180E-02    0.69302E+03
    0.15487E-02    0.70565E+03
    0.15800E-02    0.71848E+03
    0.16119E-02    0.73151E+03
    0.16445E-02    0.74476E+03
    0.16777E-02    0.75822E+03
    0.17116E-02    0.77189E+03
    0.17462E-02    0.78579E+03
    0.17814E-02    0.79990E+03
    0.18174E-02    0.81423E+03
    0.18541E-02    0.82878E+03
    0.18916E-02    0.84356E+03
    0.19298E-02    0.85857E+03
    0.19688E-02    0.87381E+03
    0.20086E-02    0.88927E+03
    0.20491E-02    0.90497E+03
    0.20905E-02    0.92091E+03
    0.21328E-02    0.93708E+03
    0.21758E-02    0.95349E+03
    0.22198E-02    0.97014E+03
    0.22646E-02    0.98703E+03
    0.23104E-02    0.10042E+04
    0.23571E-02    0.10215E+04
    0.24047E-02    0.10392E+04
    0.24533E-02    0.10570E+04
    0.25028E-02    0.10751E+04
    0.25534E-02    0.10935E+04
    0.26050E-02    0.11121E+04
    0.26576E-02    0.11309E+04
    0.27113E-02    0.11500E+04
    0.27660E-02    0.11694E+04
    0.28219E-02    0.11890E+04
    0.28789E-02    0.12089E+04
    0.29371E-02    0.12290E+04
    0.29964E-02    0.12493E+04
    0.30569E-02    0.12699E+04
    0.31187E-02    0.12908E+04
    0.31817E-02    0.13118E+04
    0.32460E-02    0.13332E+04
    0.33115E-02    0.13548E+04
    0.33784E-02    0.13766E+04
    0.34467E-02    0.13987E+04
    0.35163E-02    0.14210E+04
    0.35874E-02    0.14435E+04
    0.36598E-02    0.14663E+04
    0.37338E-02    0.14893E+04
    0.38092E-02    0.15126E+04
    0.38861E-02    0.15361E+04
    0.39646E-02    0.15598E+04
    0.40447E-02    0.15837E+04
    0.41264E-02    0.16078E+04
    0.42098E-02    0.16322E+04
    0.42948E-02    0.16567E+04
    0.43816E-02    0.16815E+04
    0.44701E-02    0.17065E+04
    0.45604E-02    0.17316E+04
    0.46525E-02    0.17570E+04
    0.47465E-02    0.17825E+04
    0.48424E-02    0.18082E+04
    0.49402E-02    0.18341E+04
    0.50400E-02    0.18601E+04
    0.51419E-02    0.18863E+04
    0.52457E-02    0.19126E+04
    0.53517E-02    0.19391E+04
    0.54598E-02    0.19657E+04
    0.55701E-02    0.19924E+04
    0.56826E-02    0.20192E+04
    0.57974E-02    0.20461E+04
    0.59145E-02    0.20732E+04
    0.60340E-02    0.21003E+04
    0.61559E-02    0.21274E+04
    0.62803E-02    0.21546E+04
    0.64072E-02    0.21819E+04
    0.65366E-02    0.22092E+04
    0.66686E-02    0.22365E+04
    0.68033E-02    0.22638E+04
    0.69408E-02    0.22911E+04
    0.70810E-02    0.23184E+04
    0.72240E-02    0.23456E+04
    0.73700E-02    0.23728E+04
    0.75189E-02    0.23999E+04
    0.76708E-02    0.24269E+04
    0.78257E-02    0.24538E+04
    0.79838E-02    0.24806E+04
    0.81451E-02    0.25072E+04
    0.83096E-02    0.25337E+04
    0.84775E-02    0.25600E+04
    0.86488E-02    0.25861E+04
    0.88235E-02    0.26120E+04
    0.90017E-02    0.26376E+04
    0.91836E-02    0.26629E+04
    0.93691E-02    0.26880E+04
    0.95583E-02    0.27127E+04
    0.97514E-02    0.27371E+04
    0.99484E-02    0.27612E+04
    0.10149E-01    0.27848E+04
    0.10354E-01    0.28081E+04
    0.10564E-01    0.28309E+04
    0.10777E-01    0.28532E+04
    0.10995E-01    0.28751E+04
    0.11217E-01    0.28964E+04
    0.11443E-01    0.29171E+04
    0.11675E-01    0.29373E+04
    0.11910E-01    0.29569E+04
    0.12151E-01    0.29758E+04
    0.12397E-01    0.29941E+04
    0.12647E-01    0.30117E+04
    0.12902E-01    0.30285E+04
    0.13163E-01    0.30446E+04
    0.13429E-01    0.30598E+04
    0.13700E-01    0.30743E+04
    0.13977E-01    0.30878E+04
    0.14259E-01    0.31005E+04
    0.14547E-01    0.31122E+04
    0.14841E-01    0.31230E+04
    0.15141E-01    0.31328E+04
    0.15447E-01    0.31415E+04
    0.15759E-01    0.31492E+04
    0.16077E-01    0.31557E+04
    0.16402E-01    0.31612E+04
    0.16734E-01    0.31654E+04
    0.17072E-01    0.31685E+04
    0.17416E-01    0.31703E+04
    0.17768E-01    0.31709E+04
    0.18127E-01    0.31702E+04
    0.18493E-01    0.31681E+04
    0.18867E-01    0.31647E+04
    0.19248E-01    0.31599E+04
    0.19637E-01    0.31538E+04
    0.20034E-01    0.31461E+04
    0.20438E-01    0.31371E+04
    0.20851E-01    0.31265E+04
    0.21272E-01    0.31145E+04
    0.21702E-01    0.31009E+04
    0.22141E-01    0.30859E+04
    0.22588E-01    0.30693E+04
    0.23044E-01    0.30511E+04
    0.23510E-01    0.30315E+04
    0.23985E-01    0.30103E+04
    0.24469E-01    0.29875E+04
    0.24964E-01    0.29632E+04
    0.25468E-01    0.29374E+04
    0.25982E-01    0.29101E+04
    0.26507E-01    0.28813E+04
    0.27043E-01    0.28511E+04
    0.27589E-01    0.28195E+04
    0.28146E-01    0.27864E+04
    0.28715E-01    0.27520E+04
    0.29295E-01    0.27164E+04
    0.29887E-01    0.26794E+04
    0.30490E-01    0.26414E+04
    0.31106E-01    0.26021E+04
    0.31735E-01    0.25619E+04
    0.32376E-01    0.25207E+04
    0.33030E-01    0.24786E+04
    0.33697E-01    0.24357E+04
    0.34378E-01    0.23921E+04
    0.35072E-01    0.23479E+04
    0.35781E-01    0.23032E+04
    0.36504E-01    0.22581E+04
    0.37241E-01    0.22127E+04
    0.37993E-01    0.21672E+04
    0.38761E-01    0.21216E+04
    0.39544E-01    0.20761E+04
    0.40343E-01    0.20307E+04
    0.41158E-01    0.19857E+04
    0.41989E-01    0.19411E+04
    0.42838E-01    0.18971E+04
    0.43703E-01    0.18537E+04
    0.44586E-01    0.18111E+04
    0.45486E-01    0.17694E+04
    0.46405E-01    0.17287E+04
    0.47343E-01    0.16891E+04
    0.48299E-01    0.16506E+04
    0.49275E-01    0.16134E+04
    0.50270E-01    0.15776E+04
    0.51286E-01    0.15431E+04
    0.52322E-01    0.15101E+04
    0.53379E-01    0.14786E+04
    0.54457E-01    0.14485E+04
    0.55557E-01    0.14200E+04
    0.56680E-01    0.13930E+04
    0.57825E-01    0.13675E+04
    0.58993E-01    0.13434E+04
    0.60184E-01    0.13208E+04
    0.61400E-01    0.12994E+04
    0.62641E-01    0.12793E+04
    0.63906E-01    0.12603E+04
    0.65197E-01    0.12423E+04
    0.66514E-01    0.12251E+04
    0.67858E-01    0.12087E+04
    0.69229E-01    0.11927E+04
    0.70627E-01    0.11770E+04
    0.72054E-01    0.11615E+04
    0.73510E-01    0.11458E+04
    0.74994E-01    0.11299E+04
    0.76509E-01    0.11134E+04
    0.78055E-01    0.10962E+04
    0.79632E-01    0.10780E+04
    0.81241E-01    0.10588E+04
    0.82882E-01    0.10383E+04
    0.84556E-01    0.10165E+04
    0.86264E-01    0.99322E+03
    0.88007E-01    0.96853E+03
    0.89785E-01    0.94242E+03
    0.91598E-01    0.91498E+03
    0.93449E-01    0.88632E+03
    0.95337E-01    0.85666E+03
    0.97263E-01    0.82621E+03
    0.99227E-01    0.79527E+03
    0.10123E+00    0.76413E+03
    0.10328E+00    0.73315E+03
    0.10536E+00    0.70267E+03
    0.10749E+00    0.67305E+03
    0.10966E+00    0.64460E+03
    0.11188E+00    0.61763E+03
    0.11414E+00    0.59242E+03
    0.11644E+00    0.56917E+03
    0.11880E+00    0.54803E+03
    0.12120E+00    0.52909E+03
    0.12365E+00    0.51236E+03
    0.12614E+00    0.49779E+03
    0.12869E+00    0.48523E+03
    0.13129E+00    0.47448E+03
    0.13394E+00    0.46526E+03
    0.13665E+00    0.45723E+03
    0.13941E+00    0.44998E+03
    0.14223E+00    0.44310E+03
    0.14510E+00    0.43614E+03
    0.14803E+00    0.42867E+03
    0.15102E+00    0.42032E+03
    0.15407E+00    0.41077E+03
    0.15718E+00    0.39982E+03
    0.16036E+00    0.38741E+03
    0.16360E+00    0.37361E+03
    0.16690E+00    0.35863E+03
    0.17028E+00    0.34280E+03
    0.17371E+00    0.32655E+03
    0.17722E+00    0.31036E+03
    0.18080E+00    0.29472E+03
    0.18446E+00    0.28008E+03
    0.18818E+00    0.26680E+03
    0.19198E+00    0.25513E+03
    0.19586E+00    0.24519E+03
    0.19982E+00    0.23694E+03
    0.20386E+00    0.23022E+03
    0.20797E+00    0.22474E+03
    0.21218E+00    0.22010E+03
    0.21646E+00    0.21584E+03
    0.22083E+00    0.21149E+03
    0.22530E+00    0.20664E+03
    0.22985E+00    0.20097E+03
    0.23449E+00    0.19434E+03
    0.23923E+00    0.18679E+03
    0.24406E+00    0.17851E+03
    0.24899E+00    0.16986E+03
    0.25402E+00    0.16126E+03
    0.25915E+00    0.15313E+03
    0.26439E+00    0.14580E+03
    0.26973E+00    0.13948E+03
    0.27518E+00    0.13421E+03
    0.28074E+00    0.12989E+03
    0.28641E+00    0.12624E+03
    0.29219E+00    0.12295E+03
    0.29810E+00    0.11965E+03
    0.30412E+00    0.11605E+03
    0.31026E+00    0.11199E+03
    0.31653E+00    0.10747E+03
    0.32292E+00    0.10263E+03
    0.32945E+00    0.97726E+02
    0.33610E+00    0.93043E+02
    0.34289E+00    0.88806E+02
    0.34982E+00    0.85126E+02
    0.35689E+00    0.81983E+02
    0.36409E+00    0.79234E+02
    0.37145E+00    0.76670E+02
    0.37895E+00    0.74085E+02
    0.38661E+00    0.71342E+02
    0.39442E+00    0.68414E+02
    0.40239E+00    0.65385E+02
    0.41052E+00    0.62403E+02
    0.41881E+00    0.59614E+02
    0.42727E+00    0.57103E+02
    0.43590E+00    0.54865E+02
    0.44471E+00    0.52822E+02
    0.45369E+00    0.50857E+02
    0.46286E+00    0.48879E+02
    0.47221E+00    0.46855E+02
    0.48174E+00    0.44819E+02
    0.49148E+00    0.42844E+02
    0.50141E+00    0.40995E+02
    0.51153E+00    0.39294E+02
    0.52187E+00    0.37715E+02
    0.53241E+00    0.36205E+02
    0.54317E+00    0.34719E+02
    0.55414E+00    0.33245E+02
    0.56533E+00    0.31803E+02
    0.57675E+00    0.30425E+02
    0.58840E+00    0.29130E+02
    0.60029E+00    0.27911E+02
    0.61242E+00    0.26744E+02
    0.62479E+00    0.25610E+02
    0.63741E+00    0.24505E+02
    0.65029E+00    0.23440E+02
    0.66342E+00    0.22426E+02
    0.67683E+00    0.21463E+02
    0.69050E+00    0.20543E+02
    0.70445E+00    0.19655E+02
    0.71868E+00    0.18799E+02
    0.73320E+00    0.17977E+02
    0.74801E+00    0.17192E+02
    0.76312E+00    0.16442E+02
    0.77854E+00    0.15723E+02
    0.79426E+00    0.15033E+02
    0.81031E+00    0.14370E+02
    0.82668E+00    0.13736E+02
    0.84338E+00    0.13130E+02
    0.86041E+00    0.12549E+02
    0.87780E+00    0.11992E+02
    0.89553E+00    0.11459E+02
    0.91362E+00    0.10948E+02
    0.93208E+00    0.10460E+02
    0.95091E+00    0.99925E+01
    0.97011E+00    0.95448E+01
    0.98971E+00    0.91164E+01
    0.10097E+01    0.87065E+01
    0.10301E+01    0.83143E+01
    0.10509E+01    0.79390E+01
    0.10721E+01    0.75800E+01
    0.10938E+01    0.72366E+01
    0.11159E+01    0.69083E+01
    0.11384E+01    0.65943E+01
    0.11614E+01    0.62941E+01
    0.11849E+01    0.60070E+01
    0.12088E+01    0.57326E+01
    0.12333E+01    0.54703E+01
    0.12582E+01    0.52196E+01
    0.12836E+01    0.49799E+01
    0.13095E+01    0.47509E+01
    0.13360E+01    0.45321E+01
    0.13630E+01    0.43230E+01
    0.13905E+01    0.41232E+01
    0.14186E+01    0.39324E+01
    0.14472E+01    0.37502E+01
    0.14765E+01    0.35761E+01
    0.15063E+01    0.34099E+01
    0.15367E+01    0.32511E+01
    0.15678E+01    0.30996E+01
    0.15994E+01    0.29548E+01
    0.16318E+01    0.28167E+01
    0.16647E+01    0.26848E+01
    0.16984E+01    0.25589E+01
    0.17327E+01    0.24387E+01
    0.17677E+01    0.23240E+01
    0.18034E+01    0.22146E+01
    0.18398E+01    0.21102E+01
    0.18770E+01    0.20106E+01
    0.19149E+01    0.19155E+01
    0.19536E+01    0.18248E+01
    0.19930E+01    0.17384E+01
    0.20333E+01    0.16559E+01
    0.20744E+01    0.15772E+01
    0.21163E+01    0.15021E+01
    0.21590E+01    0.14306E+01
    0.22026E+01    0.13623E+01
    0.22471E+01    0.12973E+01
    0.22925E+01    0.12353E+01
    0.23388E+01    0.11761E+01
    0.23861E+01    0.11198E+01
    0.24343E+01    0.10660E+01
    0.24835E+01    0.10148E+01
    0.25336E+01    0.96602E+00
    0.25848E+01    0.91951E+00
    0.26370E+01    0.87518E+00
    0.26903E+01    0.83295E+00
    0.27447E+01    0.79271E+00
    0.28001E+01    0.75437E+00
    0.28567E+01    0.71785E+00
    0.29144E+01    0.68306E+00
    0.29733E+01    0.64992E+00
    0.30333E+01    0.61835E+00
    0.30946E+01    0.58829E+00
    0.31571E+01    0.55965E+00
    0.32209E+01    0.53239E+00
    0.32860E+01    0.50642E+00
    0.33523E+01    0.48170E+00
    0.34201E+01    0.45816E+00
    0.34892E+01    0.43575E+00
    0.35596E+01    0.41441E+00
    0.36316E+01    0.39410E+00
    0.37049E+01    0.37477E+00
    0.37798E+01    0.35636E+00
    0.38561E+01    0.33885E+00
    0.39340E+01    0.32218E+00
    0.40135E+01    0.30631E+00
    0.40946E+01    0.29121E+00
    0.41773E+01    0.27685E+00
    0.42617E+01    0.26318E+00
    0.43478E+01    0.25017E+00
    0.44356E+01    0.23780E+00
    0.45252E+01    0.22602E+00
    0.46166E+01    0.21482E+00
    0.47099E+01    0.20417E+00
    0.48050E+01    0.19403E+00
    0.49021E+01    0.18439E+00
    0.50011E+01    0.17522E+00
    0.51021E+01    0.16651E+00
    0.52052E+01    0.15821E+00
    0.53104E+01    0.15033E+00
    0.54176E+01    0.14283E+00
    0.55271E+01    0.13570E+00
    0.56387E+01    0.12892E+00
    0.57526E+01    0.12247E+00
    0.58689E+01    0.11634E+00
    0.59874E+01    0.11051E+00
    0.61084E+01    0.10497E+00
    0.62318E+01    0.99709E-01
    0.63577E+01    0.94704E-01
    0.64861E+01    0.89946E-01
    0.66171E+01    0.85424E-01
    0.67508E+01    0.81126E-01
    0.68872E+01    0.77042E-01
    0.70263E+01    0.73160E-01
    0.71682E+01    0.69471E-01
    0.73130E+01    0.65966E-01
    0.74608E+01    0.62635E-01
    0.76115E+01    0.59470E-01
    0.77653E+01    0.56463E-01
    0.79221E+01    0.53606E-01
    0.80822E+01    0.50891E-01
    0.82454E+01    0.48313E-01
    0.84120E+01    0.45863E-01
    0.85819E+01    0.43536E-01
    0.87553E+01    0.41326E-01
    0.89322E+01    0.39226E-01
    0.91126E+01    0.37232E-01
    0.92967E+01    0.35338E-01
    0.94845E+01    0.33539E-01
    0.96761E+01    0.31830E-01
    0.98716E+01    0.30208E-01
    0.10071E+02    0.28667E-01
    0.10274E+02    0.27204E-01
    0.10482E+02    0.25815E-01
    0.10694E+02    0.24496E-01
    0.10910E+02    0.23243E-01
    0.11130E+02    0.22054E-01
    0.11355E+02    0.20925E-01
    0.11584E+02    0.19853E-01
    0.11818E+02    0.18836E-01
    0.12057E+02    0.17870E-01
    0.12301E+02    0.16953E-01
    0.12549E+02    0.16082E-01
    0.12803E+02    0.15256E-01
    0.13061E+02    0.14472E-01
    0.13325E+02    0.13728E-01
    0.13594E+02    0.13021E-01
    0.13869E+02    0.12351E-01
    0.14149E+02    0.11714E-01
    0.14435E+02    0.11110E-01
    0.14727E+02    0.10537E-01
    0.15024E+02    0.99935E-02
