#           k/h    P           
    0.10000E-03    0.18085E+03
    0.10202E-03    0.18437E+03
    0.10408E-03    0.18795E+03
    0.10618E-03    0.19160E+03
    0.10833E-03    0.19532E+03
    0.11052E-03    0.19911E+03
    0.11275E-03    0.20298E+03
    0.11503E-03    0.20692E+03
    0.11735E-03    0.21094E+03
    0.11972E-03    0.21504E+03
    0.12214E-03    0.21922E+03
    0.12461E-03    0.22348E+03
    0.12712E-03    0.22782E+03
    0.12969E-03    0.23225E+03
    0.13231E-03    0.23676E+03
    0.13499E-03    0.24136E+03
    0.13771E-03    0.24606E+03
    0.14049E-03    0.25084E+03
    0.14333E-03    0.25572E+03
    0.14623E-03    0.26069E+03
    0.14918E-03    0.26576E+03
    0.15220E-03    0.27093E+03
    0.15527E-03    0.27620E+03
    0.15841E-03    0.28158E+03
    0.16161E-03    0.28706E+03
    0.16487E-03    0.29264E+03
    0.16820E-03    0.29834E+03
    0.17160E-03    0.30415E+03
    0.17507E-03    0.31007E+03
    0.17860E-03    0.31611E+03
    0.18221E-03    0.32227E+03
    0.18589E-03    0.32855E+03
    0.18965E-03    0.33495E+03
    0.19348E-03    0.34148E+03
    0.19739E-03    0.34814E+03
    0.20138E-03    0.35493E+03
    0.20544E-03    0.36185E+03
    0.20959E-03    0.36892E+03
    0.21383E-03    0.37611E+03
    0.21815E-03    0.38346E+03
    0.22255E-03    0.39094E+03
    0.22705E-03    0.39858E+03
    0.23164E-03    0.40637E+03
    0.23632E-03    0.41431E+03
    0.24109E-03    0.42241E+03
    0.24596E-03    0.43067E+03
    0.25093E-03    0.43910E+03
    0.25600E-03    0.44769E+03
    0.26117E-03    0.45645E+03
    0.26645E-03    0.46539E+03
    0.27183E-03    0.47451E+03
    0.27732E-03    0.48381E+03
    0.28292E-03    0.49329E+03
    0.28864E-03    0.50297E+03
    0.29447E-03    0.51284E+03
    0.30042E-03    0.52291E+03
    0.30649E-03    0.53318E+03
    0.31268E-03    0.54366E+03
    0.31899E-03    0.55435E+03
    0.32544E-03    0.56525E+03
    0.33201E-03    0.57638E+03
    0.33872E-03    0.58773E+03
    0.34556E-03    0.59931E+03
    0.35254E-03    0.61112E+03
    0.35966E-03    0.62317E+03
    0.36693E-03    0.63548E+03
    0.37434E-03    0.64803E+03
    0.38190E-03    0.66083E+03
    0.38962E-03    0.67390E+03
    0.39749E-03    0.68724E+03
    0.40552E-03    0.70085E+03
    0.41371E-03    0.71474E+03
    0.42207E-03    0.72891E+03
    0.43060E-03    0.74338E+03
    0.43929E-03    0.75815E+03
    0.44817E-03    0.77322E+03
    0.45722E-03    0.78860E+03
    0.46646E-03    0.80430E+03
    0.47588E-03    0.82033E+03
    0.48550E-03    0.83669E+03
    0.49530E-03    0.85339E+03
    0.50531E-03    0.87044E+03
    0.51552E-03    0.88785E+03
    0.52593E-03    0.90562E+03
    0.53656E-03    0.92376E+03
    0.54739E-03    0.94228E+03
    0.55845E-03    0.96120E+03
    0.56973E-03    0.98051E+03
    0.58124E-03    0.10002E+04
    0.59299E-03    0.10204E+04
    0.60496E-03    0.10409E+04
    0.61719E-03    0.10619E+04
    0.62965E-03    0.10834E+04
    0.64237E-03    0.11052E+04
    0.65535E-03    0.11276E+04
    0.66859E-03    0.11504E+04
    0.68210E-03    0.11737E+04
    0.69588E-03    0.11976E+04
    0.70993E-03    0.12219E+04
    0.72427E-03    0.12467E+04
    0.73891E-03    0.12721E+04
    0.75383E-03    0.12980E+04
    0.76906E-03    0.13244E+04
    0.78460E-03    0.13514E+04
    0.80045E-03    0.13790E+04
    0.81662E-03    0.14071E+04
    0.83311E-03    0.14359E+04
    0.84994E-03    0.14653E+04
    0.86711E-03    0.14952E+04
    0.88463E-03    0.15258E+04
    0.90250E-03    0.15571E+04
    0.92073E-03    0.15890E+04
    0.93933E-03    0.16216E+04
    0.95831E-03    0.16548E+04
    0.97767E-03    0.16887E+04
    0.99742E-03    0.17233E+04
    0.10176E-02    0.17587E+04
    0.10381E-02    0.17947E+04
    0.10591E-02    0.18315E+04
    0.10805E-02    0.18691E+04
    0.11023E-02    0.19073E+04
    0.11246E-02    0.19464E+04
    0.11473E-02    0.19862E+04
    0.11705E-02    0.20268E+04
    0.11941E-02    0.20682E+04
    0.12182E-02    0.21104E+04
    0.12429E-02    0.21535E+04
    0.12680E-02    0.21973E+04
    0.12936E-02    0.22420E+04
    0.13197E-02    0.22875E+04
    0.13464E-02    0.23339E+04
    0.13736E-02    0.23811E+04
    0.14013E-02    0.24292E+04
    0.14296E-02    0.24782E+04
    0.14585E-02    0.25280E+04
    0.14880E-02    0.25788E+04
    0.15180E-02    0.26304E+04
    0.15487E-02    0.26830E+04
    0.15800E-02    0.27364E+04
    0.16119E-02    0.27908E+04
    0.16445E-02    0.28462E+04
    0.16777E-02    0.29024E+04
    0.17116E-02    0.29596E+04
    0.17462E-02    0.30178E+04
    0.17814E-02    0.30769E+04
    0.18174E-02    0.31371E+04
    0.18541E-02    0.31981E+04
    0.18916E-02    0.32602E+04
    0.19298E-02    0.33233E+04
    0.19688E-02    0.33874E+04
    0.20086E-02    0.34525E+04
    0.20491E-02    0.35186E+04
    0.20905E-02    0.35857E+04
    0.21328E-02    0.36539E+04
    0.21758E-02    0.37231E+04
    0.22198E-02    0.37934E+04
    0.22646E-02    0.38647E+04
    0.23104E-02    0.39371E+04
    0.23571E-02    0.40106E+04
    0.24047E-02    0.40852E+04
    0.24533E-02    0.41609E+04
    0.25028E-02    0.42376E+04
    0.25534E-02    0.43155E+04
    0.26050E-02    0.43944E+04
    0.26576E-02    0.44745E+04
    0.27113E-02    0.45557E+04
    0.27660E-02    0.46381E+04
    0.28219E-02    0.47215E+04
    0.28789E-02    0.48061E+04
    0.29371E-02    0.48918E+04
    0.29964E-02    0.49787E+04
    0.30569E-02    0.50667E+04
    0.31187E-02    0.51559E+04
    0.31817E-02    0.52461E+04
    0.32460E-02    0.53376E+04
    0.33115E-02    0.54302E+04
    0.33784E-02    0.55239E+04
    0.34467E-02    0.56187E+04
    0.35163E-02    0.57148E+04
    0.35874E-02    0.58119E+04
    0.36598E-02    0.59102E+04
    0.37338E-02    0.60096E+04
    0.38092E-02    0.61101E+04
    0.38861E-02    0.62117E+04
    0.39646E-02    0.63145E+04
    0.40447E-02    0.64183E+04
    0.41264E-02    0.65233E+04
    0.42098E-02    0.66293E+04
    0.42948E-02    0.67364E+04
    0.43816E-02    0.68445E+04
    0.44701E-02    0.69537E+04
    0.45604E-02    0.70639E+04
    0.46525E-02    0.71752E+04
    0.47465E-02    0.72874E+04
    0.48424E-02    0.74006E+04
    0.49402E-02    0.75147E+04
    0.50400E-02    0.76298E+04
    0.51419E-02    0.77458E+04
    0.52457E-02    0.78628E+04
    0.53517E-02    0.79805E+04
    0.54598E-02    0.80991E+04
    0.55701E-02    0.82185E+04
    0.56826E-02    0.83387E+04
    0.57974E-02    0.84597E+04
    0.59145E-02    0.85814E+04
    0.60340E-02    0.87037E+04
    0.61559E-02    0.88267E+04
    0.62803E-02    0.89503E+04
    0.64072E-02    0.90745E+04
    0.65366E-02    0.91991E+04
    0.66686E-02    0.93243E+04
    0.68033E-02    0.94499E+04
    0.69408E-02    0.95759E+04
    0.70810E-02    0.97022E+04
    0.72240E-02    0.98288E+04
    0.73700E-02    0.99557E+04
    0.75189E-02    0.10083E+05
    0.76708E-02    0.10210E+05
    0.78257E-02    0.10337E+05
    0.79838E-02    0.10464E+05
    0.81451E-02    0.10591E+05
    0.83096E-02    0.10718E+05
    0.84775E-02    0.10845E+05
    0.86488E-02    0.10972E+05
    0.88235E-02    0.11098E+05
    0.90017E-02    0.11223E+05
    0.91836E-02    0.11349E+05
    0.93691E-02    0.11473E+05
    0.95583E-02    0.11597E+05
    0.97514E-02    0.11721E+05
    0.99484E-02    0.11843E+05
    0.10149E-01    0.11965E+05
    0.10354E-01    0.12085E+05
    0.10564E-01    0.12204E+05
    0.10777E-01    0.12323E+05
    0.10995E-01    0.12439E+05
    0.11217E-01    0.12555E+05
    0.11443E-01    0.12669E+05
    0.11675E-01    0.12781E+05
    0.11910E-01    0.12892E+05
    0.12151E-01    0.13000E+05
    0.12397E-01    0.13107E+05
    0.12647E-01    0.13212E+05
    0.12902E-01    0.13314E+05
    0.13163E-01    0.13414E+05
    0.13429E-01    0.13512E+05
    0.13700E-01    0.13607E+05
    0.13977E-01    0.13700E+05
    0.14259E-01    0.13789E+05
    0.14547E-01    0.13876E+05
    0.14841E-01    0.13960E+05
    0.15141E-01    0.14040E+05
    0.15447E-01    0.14117E+05
    0.15759E-01    0.14191E+05
    0.16077E-01    0.14261E+05
    0.16402E-01    0.14327E+05
    0.16734E-01    0.14389E+05
    0.17072E-01    0.14448E+05
    0.17416E-01    0.14502E+05
    0.17768E-01    0.14551E+05
    0.18127E-01    0.14596E+05
    0.18493E-01    0.14637E+05
    0.18867E-01    0.14673E+05
    0.19248E-01    0.14704E+05
    0.19637E-01    0.14730E+05
    0.20034E-01    0.14751E+05
    0.20438E-01    0.14766E+05
    0.20851E-01    0.14776E+05
    0.21272E-01    0.14781E+05
    0.21702E-01    0.14779E+05
    0.22141E-01    0.14772E+05
    0.22588E-01    0.14759E+05
    0.23044E-01    0.14741E+05
    0.23510E-01    0.14715E+05
    0.23985E-01    0.14684E+05
    0.24469E-01    0.14647E+05
    0.24964E-01    0.14603E+05
    0.25468E-01    0.14552E+05
    0.25982E-01    0.14495E+05
    0.26507E-01    0.14432E+05
    0.27043E-01    0.14362E+05
    0.27589E-01    0.14285E+05
    0.28146E-01    0.14202E+05
    0.28715E-01    0.14112E+05
    0.29295E-01    0.14016E+05
    0.29887E-01    0.13913E+05
    0.30490E-01    0.13803E+05
    0.31106E-01    0.13687E+05
    0.31735E-01    0.13565E+05
    0.32376E-01    0.13437E+05
    0.33030E-01    0.13303E+05
    0.33697E-01    0.13162E+05
    0.34378E-01    0.13017E+05
    0.35072E-01    0.12865E+05
    0.35781E-01    0.12708E+05
    0.36504E-01    0.12547E+05
    0.37241E-01    0.12380E+05
    0.37993E-01    0.12210E+05
    0.38761E-01    0.12035E+05
    0.39544E-01    0.11856E+05
    0.40343E-01    0.11674E+05
    0.41158E-01    0.11489E+05
    0.41989E-01    0.11301E+05
    0.42838E-01    0.11111E+05
    0.43703E-01    0.10919E+05
    0.44586E-01    0.10726E+05
    0.45486E-01    0.10532E+05
    0.46405E-01    0.10338E+05
    0.47343E-01    0.10144E+05
    0.48299E-01    0.99503E+04
    0.49275E-01    0.97577E+04
    0.50270E-01    0.95667E+04
    0.51286E-01    0.93777E+04
    0.52322E-01    0.91912E+04
    0.53379E-01    0.90075E+04
    0.54457E-01    0.88272E+04
    0.55557E-01    0.86505E+04
    0.56680E-01    0.84780E+04
    0.57825E-01    0.83098E+04
    0.58993E-01    0.81464E+04
    0.60184E-01    0.79879E+04
    0.61400E-01    0.78346E+04
    0.62641E-01    0.76866E+04
    0.63906E-01    0.75441E+04
    0.65197E-01    0.74070E+04
    0.66514E-01    0.72754E+04
    0.67858E-01    0.71491E+04
    0.69229E-01    0.70281E+04
    0.70627E-01    0.69120E+04
    0.72054E-01    0.68007E+04
    0.73510E-01    0.66936E+04
    0.74994E-01    0.65905E+04
    0.76509E-01    0.64907E+04
    0.78055E-01    0.63937E+04
    0.79632E-01    0.62989E+04
    0.81241E-01    0.62056E+04
    0.82882E-01    0.61131E+04
    0.84556E-01    0.60205E+04
    0.86264E-01    0.59272E+04
    0.88007E-01    0.58323E+04
    0.89785E-01    0.57351E+04
    0.91598E-01    0.56349E+04
    0.93449E-01    0.55311E+04
    0.95337E-01    0.54232E+04
    0.97263E-01    0.53106E+04
    0.99227E-01    0.51931E+04
    0.10123E+00    0.50706E+04
    0.10328E+00    0.49431E+04
    0.10536E+00    0.48110E+04
    0.10749E+00    0.46745E+04
    0.10966E+00    0.45343E+04
    0.11188E+00    0.43913E+04
    0.11414E+00    0.42465E+04
    0.11644E+00    0.41009E+04
    0.11880E+00    0.39557E+04
    0.12120E+00    0.38124E+04
    0.12365E+00    0.36720E+04
    0.12614E+00    0.35361E+04
    0.12869E+00    0.34057E+04
    0.13129E+00    0.32818E+04
    0.13394E+00    0.31655E+04
    0.13665E+00    0.30573E+04
    0.13941E+00    0.29577E+04
    0.14223E+00    0.28669E+04
    0.14510E+00    0.27847E+04
    0.14803E+00    0.27107E+04
    0.15102E+00    0.26441E+04
    0.15407E+00    0.25841E+04
    0.15718E+00    0.25293E+04
    0.16036E+00    0.24783E+04
    0.16360E+00    0.24295E+04
    0.16690E+00    0.23814E+04
    0.17028E+00    0.23322E+04
    0.17371E+00    0.22806E+04
    0.17722E+00    0.22254E+04
    0.18080E+00    0.21658E+04
    0.18446E+00    0.21013E+04
    0.18818E+00    0.20321E+04
    0.19198E+00    0.19588E+04
    0.19586E+00    0.18825E+04
    0.19982E+00    0.18046E+04
    0.20386E+00    0.17268E+04
    0.20797E+00    0.16508E+04
    0.21218E+00    0.15784E+04
    0.21646E+00    0.15109E+04
    0.22083E+00    0.14495E+04
    0.22530E+00    0.13946E+04
    0.22985E+00    0.13464E+04
    0.23449E+00    0.13043E+04
    0.23923E+00    0.12676E+04
    0.24406E+00    0.12347E+04
    0.24899E+00    0.12041E+04
    0.25402E+00    0.11742E+04
    0.25915E+00    0.11434E+04
    0.26439E+00    0.11105E+04
    0.26973E+00    0.10748E+04
    0.27518E+00    0.10362E+04
    0.28074E+00    0.99534E+03
    0.28641E+00    0.95314E+03
    0.29219E+00    0.91098E+03
    0.29810E+00    0.87027E+03
    0.30412E+00    0.83226E+03
    0.31026E+00    0.79778E+03
    0.31653E+00    0.76718E+03
    0.32292E+00    0.74022E+03
    0.32945E+00    0.71620E+03
    0.33610E+00    0.69408E+03
    0.34289E+00    0.67269E+03
    0.34982E+00    0.65102E+03
    0.35689E+00    0.62840E+03
    0.36409E+00    0.60464E+03
    0.37145E+00    0.58004E+03
    0.37895E+00    0.55529E+03
    0.38661E+00    0.53123E+03
    0.39442E+00    0.50860E+03
    0.40239E+00    0.48786E+03
    0.41052E+00    0.46907E+03
    0.41881E+00    0.45193E+03
    0.42727E+00    0.43585E+03
    0.43590E+00    0.42022E+03
    0.44471E+00    0.40456E+03
    0.45369E+00    0.38867E+03
    0.46286E+00    0.37270E+03
    0.47221E+00    0.35698E+03
    0.48174E+00    0.34191E+03
    0.49148E+00    0.32778E+03
    0.50141E+00    0.31465E+03
    0.51153E+00    0.30236E+03
    0.52187E+00    0.29064E+03
    0.53241E+00    0.27921E+03
    0.54317E+00    0.26793E+03
    0.55414E+00    0.25682E+03
    0.56533E+00    0.24603E+03
    0.57675E+00    0.23571E+03
    0.58840E+00    0.22594E+03
    0.60029E+00    0.21670E+03
    0.61242E+00    0.20787E+03
    0.62479E+00    0.19934E+03
    0.63741E+00    0.19104E+03
    0.65029E+00    0.18299E+03
    0.66342E+00    0.17525E+03
    0.67683E+00    0.16786E+03
    0.69050E+00    0.16081E+03
    0.70445E+00    0.15406E+03
    0.71868E+00    0.14757E+03
    0.73320E+00    0.14130E+03
    0.74801E+00    0.13526E+03
    0.76312E+00    0.12948E+03
    0.77854E+00    0.12394E+03
    0.79426E+00    0.11864E+03
    0.81031E+00    0.11355E+03
    0.82668E+00    0.10866E+03
    0.84338E+00    0.10396E+03
    0.86041E+00    0.99458E+02
    0.87780E+00    0.95144E+02
    0.89553E+00    0.91010E+02
    0.91362E+00    0.87043E+02
    0.93208E+00    0.83240E+02
    0.95091E+00    0.79595E+02
    0.97011E+00    0.76103E+02
    0.98971E+00    0.72758E+02
    0.10097E+01    0.69553E+02
    0.10301E+01    0.66482E+02
    0.10509E+01    0.63542E+02
    0.10721E+01    0.60726E+02
    0.10938E+01    0.58029E+02
    0.11159E+01    0.55447E+02
    0.11384E+01    0.52974E+02
    0.11614E+01    0.50608E+02
    0.11849E+01    0.48342E+02
    0.12088E+01    0.46174E+02
    0.12333E+01    0.44099E+02
    0.12582E+01    0.42113E+02
    0.12836E+01    0.40213E+02
    0.13095E+01    0.38396E+02
    0.13360E+01    0.36658E+02
    0.13630E+01    0.34996E+02
    0.13905E+01    0.33406E+02
    0.14186E+01    0.31886E+02
    0.14472E+01    0.30433E+02
    0.14765E+01    0.29043E+02
    0.15063E+01    0.27715E+02
    0.15367E+01    0.26445E+02
    0.15678E+01    0.25232E+02
    0.15994E+01    0.24072E+02
    0.16318E+01    0.22963E+02
    0.16647E+01    0.21904E+02
    0.16984E+01    0.20893E+02
    0.17327E+01    0.19926E+02
    0.17677E+01    0.19003E+02
    0.18034E+01    0.18122E+02
    0.18398E+01    0.17279E+02
    0.18770E+01    0.16475E+02
    0.19149E+01    0.15707E+02
    0.19536E+01    0.14974E+02
    0.19930E+01    0.14274E+02
    0.20333E+01    0.13606E+02
    0.20744E+01    0.12968E+02
    0.21163E+01    0.12360E+02
    0.21590E+01    0.11779E+02
    0.22026E+01    0.11224E+02
    0.22471E+01    0.10695E+02
    0.22925E+01    0.10190E+02
    0.23388E+01    0.97086E+01
    0.23861E+01    0.92492E+01
    0.24343E+01    0.88109E+01
    0.24835E+01    0.83929E+01
    0.25336E+01    0.79942E+01
    0.25848E+01    0.76139E+01
    0.26370E+01    0.72512E+01
    0.26903E+01    0.69054E+01
    0.27447E+01    0.65757E+01
    0.28001E+01    0.62614E+01
    0.28567E+01    0.59617E+01
    0.29144E+01    0.56761E+01
    0.29733E+01    0.54038E+01
    0.30333E+01    0.51442E+01
    0.30946E+01    0.48969E+01
    0.31571E+01    0.46611E+01
    0.32209E+01    0.44365E+01
    0.32860E+01    0.42224E+01
    0.33523E+01    0.40185E+01
    0.34201E+01    0.38242E+01
    0.34892E+01    0.36390E+01
    0.35596E+01    0.34627E+01
    0.36316E+01    0.32947E+01
    0.37049E+01    0.31347E+01
    0.37798E+01    0.29823E+01
    0.38561E+01    0.28372E+01
    0.39340E+01    0.26990E+01
    0.40135E+01    0.25673E+01
    0.40946E+01    0.24420E+01
    0.41773E+01    0.23227E+01
    0.42617E+01    0.22091E+01
    0.43478E+01    0.21009E+01
    0.44356E+01    0.19980E+01
    0.45252E+01    0.19000E+01
    0.46166E+01    0.18067E+01
    0.47099E+01    0.17179E+01
    0.48050E+01    0.16334E+01
    0.49021E+01    0.15529E+01
    0.50011E+01    0.14764E+01
    0.51021E+01    0.14036E+01
    0.52052E+01    0.13343E+01
    0.53104E+01    0.12683E+01
    0.54176E+01    0.12056E+01
    0.55271E+01    0.11459E+01
    0.56387E+01    0.10891E+01
    0.57526E+01    0.10351E+01
    0.58689E+01    0.98373E+00
    0.59874E+01    0.93486E+00
    0.61084E+01    0.88838E+00
    0.62318E+01    0.84417E+00
    0.63577E+01    0.80213E+00
    0.64861E+01    0.76215E+00
    0.66171E+01    0.72413E+00
    0.67508E+01    0.68797E+00
    0.68872E+01    0.65360E+00
    0.70263E+01    0.62092E+00
    0.71682E+01    0.58984E+00
    0.73130E+01    0.56030E+00
    0.74608E+01    0.53222E+00
    0.76115E+01    0.50552E+00
    0.77653E+01    0.48014E+00
    0.79221E+01    0.45602E+00
    0.80822E+01    0.43310E+00
    0.82454E+01    0.41131E+00
    0.84120E+01    0.39060E+00
    0.85819E+01    0.37092E+00
    0.87553E+01    0.35221E+00
    0.89322E+01    0.33444E+00
    0.91126E+01    0.31755E+00
    0.92967E+01    0.30151E+00
    0.94845E+01    0.28626E+00
    0.96761E+01    0.27178E+00
    0.98716E+01    0.25801E+00
    0.10071E+02    0.24494E+00
    0.10274E+02    0.23252E+00
    0.10482E+02    0.22072E+00
    0.10694E+02    0.20952E+00
    0.10910E+02    0.19887E+00
    0.11130E+02    0.18876E+00
    0.11355E+02    0.17916E+00
    0.11584E+02    0.17004E+00
    0.11818E+02    0.16137E+00
    0.12057E+02    0.15315E+00
    0.12301E+02    0.14534E+00
    0.12549E+02    0.13792E+00
    0.12803E+02    0.13088E+00
    0.13061E+02    0.12419E+00
    0.13325E+02    0.11784E+00
    0.13594E+02    0.11181E+00
    0.13869E+02    0.10608E+00
    0.14149E+02    0.10065E+00
    0.14435E+02    0.95491E-01
    0.14727E+02    0.90592E-01
    0.15024E+02    0.85943E-01
