#           k/h    P           
    0.10000E-03    0.21479E+02
    0.10202E-03    0.21904E+02
    0.10408E-03    0.22337E+02
    0.10618E-03    0.22779E+02
    0.10833E-03    0.23230E+02
    0.11052E-03    0.23690E+02
    0.11275E-03    0.24158E+02
    0.11503E-03    0.24636E+02
    0.11735E-03    0.25124E+02
    0.11972E-03    0.25621E+02
    0.12214E-03    0.26128E+02
    0.12461E-03    0.26645E+02
    0.12712E-03    0.27172E+02
    0.12969E-03    0.27710E+02
    0.13231E-03    0.28258E+02
    0.13499E-03    0.28817E+02
    0.13771E-03    0.29387E+02
    0.14049E-03    0.29968E+02
    0.14333E-03    0.30561E+02
    0.14623E-03    0.31166E+02
    0.14918E-03    0.31782E+02
    0.15220E-03    0.32411E+02
    0.15527E-03    0.33052E+02
    0.15841E-03    0.33706E+02
    0.16161E-03    0.34373E+02
    0.16487E-03    0.35052E+02
    0.16820E-03    0.35746E+02
    0.17160E-03    0.36453E+02
    0.17507E-03    0.37174E+02
    0.17860E-03    0.37909E+02
    0.18221E-03    0.38658E+02
    0.18589E-03    0.39423E+02
    0.18965E-03    0.40203E+02
    0.19348E-03    0.40998E+02
    0.19739E-03    0.41808E+02
    0.20138E-03    0.42635E+02
    0.20544E-03    0.43478E+02
    0.20959E-03    0.44337E+02
    0.21383E-03    0.45214E+02
    0.21815E-03    0.46108E+02
    0.22255E-03    0.47019E+02
    0.22705E-03    0.47949E+02
    0.23164E-03    0.48896E+02
    0.23632E-03    0.49863E+02
    0.24109E-03    0.50848E+02
    0.24596E-03    0.51853E+02
    0.25093E-03    0.52878E+02
    0.25600E-03    0.53922E+02
    0.26117E-03    0.54988E+02
    0.26645E-03    0.56074E+02
    0.27183E-03    0.57182E+02
    0.27732E-03    0.58312E+02
    0.28292E-03    0.59463E+02
    0.28864E-03    0.60638E+02
    0.29447E-03    0.61835E+02
    0.30042E-03    0.63056E+02
    0.30649E-03    0.64301E+02
    0.31268E-03    0.65571E+02
    0.31899E-03    0.66865E+02
    0.32544E-03    0.68185E+02
    0.33201E-03    0.69531E+02
    0.33872E-03    0.70903E+02
    0.34556E-03    0.72302E+02
    0.35254E-03    0.73729E+02
    0.35966E-03    0.75183E+02
    0.36693E-03    0.76666E+02
    0.37434E-03    0.78178E+02
    0.38190E-03    0.79719E+02
    0.38962E-03    0.81291E+02
    0.39749E-03    0.82894E+02
    0.40552E-03    0.84527E+02
    0.41371E-03    0.86193E+02
    0.42207E-03    0.87891E+02
    0.43060E-03    0.89623E+02
    0.43929E-03    0.91388E+02
    0.44817E-03    0.93188E+02
    0.45722E-03    0.95022E+02
    0.46646E-03    0.96892E+02
    0.47588E-03    0.98799E+02
    0.48550E-03    0.10074E+03
    0.49530E-03    0.10272E+03
    0.50531E-03    0.10474E+03
    0.51552E-03    0.10680E+03
    0.52593E-03    0.10890E+03
    0.53656E-03    0.11104E+03
    0.54739E-03    0.11322E+03
    0.55845E-03    0.11545E+03
    0.56973E-03    0.11771E+03
    0.58124E-03    0.12002E+03
    0.59299E-03    0.12238E+03
    0.60496E-03    0.12478E+03
    0.61719E-03    0.12723E+03
    0.62965E-03    0.12972E+03
    0.64237E-03    0.13226E+03
    0.65535E-03    0.13485E+03
    0.66859E-03    0.13749E+03
    0.68210E-03    0.14018E+03
    0.69588E-03    0.14292E+03
    0.70993E-03    0.14572E+03
    0.72427E-03    0.14856E+03
    0.73891E-03    0.15146E+03
    0.75383E-03    0.15442E+03
    0.76906E-03    0.15743E+03
    0.78460E-03    0.16050E+03
    0.80045E-03    0.16363E+03
    0.81662E-03    0.16682E+03
    0.83311E-03    0.17006E+03
    0.84994E-03    0.17337E+03
    0.86711E-03    0.17674E+03
    0.88463E-03    0.18018E+03
    0.90250E-03    0.18367E+03
    0.92073E-03    0.18724E+03
    0.93933E-03    0.19087E+03
    0.95831E-03    0.19456E+03
    0.97767E-03    0.19833E+03
    0.99742E-03    0.20217E+03
    0.10176E-02    0.20607E+03
    0.10381E-02    0.21005E+03
    0.10591E-02    0.21410E+03
    0.10805E-02    0.21823E+03
    0.11023E-02    0.22243E+03
    0.11246E-02    0.22671E+03
    0.11473E-02    0.23107E+03
    0.11705E-02    0.23550E+03
    0.11941E-02    0.24002E+03
    0.12182E-02    0.24462E+03
    0.12429E-02    0.24930E+03
    0.12680E-02    0.25406E+03
    0.12936E-02    0.25891E+03
    0.13197E-02    0.26385E+03
    0.13464E-02    0.26887E+03
    0.13736E-02    0.27399E+03
    0.14013E-02    0.27919E+03
    0.14296E-02    0.28449E+03
    0.14585E-02    0.28988E+03
    0.14880E-02    0.29536E+03
    0.15180E-02    0.30094E+03
    0.15487E-02    0.30661E+03
    0.15800E-02    0.31238E+03
    0.16119E-02    0.31826E+03
    0.16445E-02    0.32423E+03
    0.16777E-02    0.33031E+03
    0.17116E-02    0.33648E+03
    0.17462E-02    0.34277E+03
    0.17814E-02    0.34916E+03
    0.18174E-02    0.35565E+03
    0.18541E-02    0.36226E+03
    0.18916E-02    0.36897E+03
    0.19298E-02    0.37580E+03
    0.19688E-02    0.38274E+03
    0.20086E-02    0.38979E+03
    0.20491E-02    0.39695E+03
    0.20905E-02    0.40423E+03
    0.21328E-02    0.41163E+03
    0.21758E-02    0.41915E+03
    0.22198E-02    0.42679E+03
    0.22646E-02    0.43454E+03
    0.23104E-02    0.44242E+03
    0.23571E-02    0.45042E+03
    0.24047E-02    0.45855E+03
    0.24533E-02    0.46680E+03
    0.25028E-02    0.47517E+03
    0.25534E-02    0.48368E+03
    0.26050E-02    0.49230E+03
    0.26576E-02    0.50106E+03
    0.27113E-02    0.50995E+03
    0.27660E-02    0.51897E+03
    0.28219E-02    0.52811E+03
    0.28789E-02    0.53739E+03
    0.29371E-02    0.54680E+03
    0.29964E-02    0.55634E+03
    0.30569E-02    0.56602E+03
    0.31187E-02    0.57583E+03
    0.31817E-02    0.58577E+03
    0.32460E-02    0.59584E+03
    0.33115E-02    0.60605E+03
    0.33784E-02    0.61640E+03
    0.34467E-02    0.62687E+03
    0.35163E-02    0.63749E+03
    0.35874E-02    0.64823E+03
    0.36598E-02    0.65911E+03
    0.37338E-02    0.67013E+03
    0.38092E-02    0.68127E+03
    0.38861E-02    0.69255E+03
    0.39646E-02    0.70396E+03
    0.40447E-02    0.71551E+03
    0.41264E-02    0.72718E+03
    0.42098E-02    0.73898E+03
    0.42948E-02    0.75091E+03
    0.43816E-02    0.76297E+03
    0.44701E-02    0.77516E+03
    0.45604E-02    0.78747E+03
    0.46525E-02    0.79990E+03
    0.47465E-02    0.81245E+03
    0.48424E-02    0.82513E+03
    0.49402E-02    0.83792E+03
    0.50400E-02    0.85082E+03
    0.51419E-02    0.86384E+03
    0.52457E-02    0.87697E+03
    0.53517E-02    0.89021E+03
    0.54598E-02    0.90355E+03
    0.55701E-02    0.91700E+03
    0.56826E-02    0.93054E+03
    0.57974E-02    0.94418E+03
    0.59145E-02    0.95791E+03
    0.60340E-02    0.97173E+03
    0.61559E-02    0.98564E+03
    0.62803E-02    0.99962E+03
    0.64072E-02    0.10137E+04
    0.65366E-02    0.10278E+04
    0.66686E-02    0.10420E+04
    0.68033E-02    0.10563E+04
    0.69408E-02    0.10706E+04
    0.70810E-02    0.10850E+04
    0.72240E-02    0.10994E+04
    0.73700E-02    0.11138E+04
    0.75189E-02    0.11283E+04
    0.76708E-02    0.11428E+04
    0.78257E-02    0.11573E+04
    0.79838E-02    0.11719E+04
    0.81451E-02    0.11864E+04
    0.83096E-02    0.12010E+04
    0.84775E-02    0.12155E+04
    0.86488E-02    0.12300E+04
    0.88235E-02    0.12445E+04
    0.90017E-02    0.12590E+04
    0.91836E-02    0.12734E+04
    0.93691E-02    0.12878E+04
    0.95583E-02    0.13021E+04
    0.97514E-02    0.13163E+04
    0.99484E-02    0.13305E+04
    0.10149E-01    0.13445E+04
    0.10354E-01    0.13585E+04
    0.10564E-01    0.13723E+04
    0.10777E-01    0.13861E+04
    0.10995E-01    0.13997E+04
    0.11217E-01    0.14131E+04
    0.11443E-01    0.14264E+04
    0.11675E-01    0.14395E+04
    0.11910E-01    0.14524E+04
    0.12151E-01    0.14652E+04
    0.12397E-01    0.14777E+04
    0.12647E-01    0.14900E+04
    0.12902E-01    0.15021E+04
    0.13163E-01    0.15139E+04
    0.13429E-01    0.15255E+04
    0.13700E-01    0.15368E+04
    0.13977E-01    0.15477E+04
    0.14259E-01    0.15584E+04
    0.14547E-01    0.15688E+04
    0.14841E-01    0.15788E+04
    0.15141E-01    0.15885E+04
    0.15447E-01    0.15977E+04
    0.15759E-01    0.16067E+04
    0.16077E-01    0.16152E+04
    0.16402E-01    0.16232E+04
    0.16734E-01    0.16309E+04
    0.17072E-01    0.16381E+04
    0.17416E-01    0.16448E+04
    0.17768E-01    0.16511E+04
    0.18127E-01    0.16568E+04
    0.18493E-01    0.16620E+04
    0.18867E-01    0.16667E+04
    0.19248E-01    0.16709E+04
    0.19637E-01    0.16745E+04
    0.20034E-01    0.16774E+04
    0.20438E-01    0.16798E+04
    0.20851E-01    0.16816E+04
    0.21272E-01    0.16828E+04
    0.21702E-01    0.16833E+04
    0.22141E-01    0.16831E+04
    0.22588E-01    0.16823E+04
    0.23044E-01    0.16807E+04
    0.23510E-01    0.16785E+04
    0.23985E-01    0.16756E+04
    0.24469E-01    0.16719E+04
    0.24964E-01    0.16676E+04
    0.25468E-01    0.16624E+04
    0.25982E-01    0.16566E+04
    0.26507E-01    0.16500E+04
    0.27043E-01    0.16426E+04
    0.27589E-01    0.16345E+04
    0.28146E-01    0.16256E+04
    0.28715E-01    0.16159E+04
    0.29295E-01    0.16055E+04
    0.29887E-01    0.15943E+04
    0.30490E-01    0.15824E+04
    0.31106E-01    0.15697E+04
    0.31735E-01    0.15563E+04
    0.32376E-01    0.15422E+04
    0.33030E-01    0.15274E+04
    0.33697E-01    0.15119E+04
    0.34378E-01    0.14957E+04
    0.35072E-01    0.14789E+04
    0.35781E-01    0.14615E+04
    0.36504E-01    0.14434E+04
    0.37241E-01    0.14248E+04
    0.37993E-01    0.14057E+04
    0.38761E-01    0.13861E+04
    0.39544E-01    0.13661E+04
    0.40343E-01    0.13456E+04
    0.41158E-01    0.13248E+04
    0.41989E-01    0.13037E+04
    0.42838E-01    0.12823E+04
    0.43703E-01    0.12606E+04
    0.44586E-01    0.12389E+04
    0.45486E-01    0.12169E+04
    0.46405E-01    0.11950E+04
    0.47343E-01    0.11730E+04
    0.48299E-01    0.11511E+04
    0.49275E-01    0.11292E+04
    0.50270E-01    0.11076E+04
    0.51286E-01    0.10861E+04
    0.52322E-01    0.10649E+04
    0.53379E-01    0.10441E+04
    0.54457E-01    0.10236E+04
    0.55557E-01    0.10035E+04
    0.56680E-01    0.98385E+03
    0.57825E-01    0.96472E+03
    0.58993E-01    0.94612E+03
    0.60184E-01    0.92808E+03
    0.61400E-01    0.91063E+03
    0.62641E-01    0.89379E+03
    0.63906E-01    0.87756E+03
    0.65197E-01    0.86196E+03
    0.66514E-01    0.84698E+03
    0.67858E-01    0.83261E+03
    0.69229E-01    0.81884E+03
    0.70627E-01    0.80564E+03
    0.72054E-01    0.79298E+03
    0.73510E-01    0.78081E+03
    0.74994E-01    0.76908E+03
    0.76509E-01    0.75774E+03
    0.78055E-01    0.74672E+03
    0.79632E-01    0.73594E+03
    0.81241E-01    0.72532E+03
    0.82882E-01    0.71479E+03
    0.84556E-01    0.70425E+03
    0.86264E-01    0.69361E+03
    0.88007E-01    0.68278E+03
    0.89785E-01    0.67167E+03
    0.91598E-01    0.66020E+03
    0.93449E-01    0.64830E+03
    0.95337E-01    0.63589E+03
    0.97263E-01    0.62294E+03
    0.99227E-01    0.60940E+03
    0.10123E+00    0.59527E+03
    0.10328E+00    0.58053E+03
    0.10536E+00    0.56524E+03
    0.10749E+00    0.54942E+03
    0.10966E+00    0.53316E+03
    0.11188E+00    0.51655E+03
    0.11414E+00    0.49971E+03
    0.11644E+00    0.48277E+03
    0.11880E+00    0.46587E+03
    0.12120E+00    0.44916E+03
    0.12365E+00    0.43281E+03
    0.12614E+00    0.41695E+03
    0.12869E+00    0.40173E+03
    0.13129E+00    0.38728E+03
    0.13394E+00    0.37370E+03
    0.13665E+00    0.36107E+03
    0.13941E+00    0.34945E+03
    0.14223E+00    0.33885E+03
    0.14510E+00    0.32927E+03
    0.14803E+00    0.32064E+03
    0.15102E+00    0.31290E+03
    0.15407E+00    0.30591E+03
    0.15718E+00    0.29955E+03
    0.16036E+00    0.29362E+03
    0.16360E+00    0.28796E+03
    0.16690E+00    0.28237E+03
    0.17028E+00    0.27665E+03
    0.17371E+00    0.27064E+03
    0.17722E+00    0.26419E+03
    0.18080E+00    0.25721E+03
    0.18446E+00    0.24965E+03
    0.18818E+00    0.24153E+03
    0.19198E+00    0.23291E+03
    0.19586E+00    0.22393E+03
    0.19982E+00    0.21475E+03
    0.20386E+00    0.20557E+03
    0.20797E+00    0.19661E+03
    0.21218E+00    0.18806E+03
    0.21646E+00    0.18009E+03
    0.22083E+00    0.17283E+03
    0.22530E+00    0.16636E+03
    0.22985E+00    0.16067E+03
    0.23449E+00    0.15571E+03
    0.23923E+00    0.15138E+03
    0.24406E+00    0.14752E+03
    0.24899E+00    0.14392E+03
    0.25402E+00    0.14040E+03
    0.25915E+00    0.13677E+03
    0.26439E+00    0.13289E+03
    0.26973E+00    0.12867E+03
    0.27518E+00    0.12410E+03
    0.28074E+00    0.11925E+03
    0.28641E+00    0.11424E+03
    0.29219E+00    0.10923E+03
    0.29810E+00    0.10439E+03
    0.30412E+00    0.99875E+02
    0.31026E+00    0.95776E+02
    0.31653E+00    0.92139E+02
    0.32292E+00    0.88936E+02
    0.32945E+00    0.86085E+02
    0.33610E+00    0.83459E+02
    0.34289E+00    0.80920E+02
    0.34982E+00    0.78345E+02
    0.35689E+00    0.75653E+02
    0.36409E+00    0.72821E+02
    0.37145E+00    0.69887E+02
    0.37895E+00    0.66931E+02
    0.38661E+00    0.64056E+02
    0.39442E+00    0.61352E+02
    0.40239E+00    0.58874E+02
    0.41052E+00    0.56629E+02
    0.41881E+00    0.54581E+02
    0.42727E+00    0.52661E+02
    0.43590E+00    0.50792E+02
    0.44471E+00    0.48919E+02
    0.45369E+00    0.47017E+02
    0.46286E+00    0.45103E+02
    0.47221E+00    0.43217E+02
    0.48174E+00    0.41410E+02
    0.49148E+00    0.39714E+02
    0.50141E+00    0.38139E+02
    0.51153E+00    0.36664E+02
    0.52187E+00    0.35257E+02
    0.53241E+00    0.33884E+02
    0.54317E+00    0.32528E+02
    0.55414E+00    0.31192E+02
    0.56533E+00    0.29893E+02
    0.57675E+00    0.28650E+02
    0.58840E+00    0.27474E+02
    0.60029E+00    0.26361E+02
    0.61242E+00    0.25297E+02
    0.62479E+00    0.24268E+02
    0.63741E+00    0.23267E+02
    0.65029E+00    0.22296E+02
    0.66342E+00    0.21361E+02
    0.67683E+00    0.20468E+02
    0.69050E+00    0.19617E+02
    0.70445E+00    0.18801E+02
    0.71868E+00    0.18016E+02
    0.73320E+00    0.17257E+02
    0.74801E+00    0.16527E+02
    0.76312E+00    0.15827E+02
    0.77854E+00    0.15156E+02
    0.79426E+00    0.14513E+02
    0.81031E+00    0.13896E+02
    0.82668E+00    0.13303E+02
    0.84338E+00    0.12733E+02
    0.86041E+00    0.12186E+02
    0.87780E+00    0.11662E+02
    0.89553E+00    0.11160E+02
    0.91362E+00    0.10678E+02
    0.93208E+00    0.10215E+02
    0.95091E+00    0.97720E+01
    0.97011E+00    0.93471E+01
    0.98971E+00    0.89398E+01
    0.10097E+01    0.85494E+01
    0.10301E+01    0.81752E+01
    0.10509E+01    0.78167E+01
    0.10721E+01    0.74733E+01
    0.10938E+01    0.71443E+01
    0.11159E+01    0.68291E+01
    0.11384E+01    0.65272E+01
    0.11614E+01    0.62381E+01
    0.11849E+01    0.59612E+01
    0.12088E+01    0.56961E+01
    0.12333E+01    0.54423E+01
    0.12582E+01    0.51993E+01
    0.12836E+01    0.49668E+01
    0.13095E+01    0.47442E+01
    0.13360E+01    0.45313E+01
    0.13630E+01    0.43275E+01
    0.13905E+01    0.41326E+01
    0.14186E+01    0.39461E+01
    0.14472E+01    0.37678E+01
    0.14765E+01    0.35972E+01
    0.15063E+01    0.34341E+01
    0.15367E+01    0.32780E+01
    0.15678E+01    0.31289E+01
    0.15994E+01    0.29862E+01
    0.16318E+01    0.28499E+01
    0.16647E+01    0.27195E+01
    0.16984E+01    0.25950E+01
    0.17327E+01    0.24759E+01
    0.17677E+01    0.23622E+01
    0.18034E+01    0.22535E+01
    0.18398E+01    0.21496E+01
    0.18770E+01    0.20504E+01
    0.19149E+01    0.19556E+01
    0.19536E+01    0.18651E+01
    0.19930E+01    0.17786E+01
    0.20333E+01    0.16960E+01
    0.20744E+01    0.16172E+01
    0.21163E+01    0.15419E+01
    0.21590E+01    0.14700E+01
    0.22026E+01    0.14014E+01
    0.22471E+01    0.13358E+01
    0.22925E+01    0.12733E+01
    0.23388E+01    0.12136E+01
    0.23861E+01    0.11566E+01
    0.24343E+01    0.11023E+01
    0.24835E+01    0.10504E+01
    0.25336E+01    0.10009E+01
    0.25848E+01    0.95366E+00
    0.26370E+01    0.90860E+00
    0.26903E+01    0.86561E+00
    0.27447E+01    0.82462E+00
    0.28001E+01    0.78551E+00
    0.28567E+01    0.74822E+00
    0.29144E+01    0.71265E+00
    0.29733E+01    0.67873E+00
    0.30333E+01    0.64639E+00
    0.30946E+01    0.61556E+00
    0.31571E+01    0.58616E+00
    0.32209E+01    0.55813E+00
    0.32860E+01    0.53142E+00
    0.33523E+01    0.50595E+00
    0.34201E+01    0.48168E+00
    0.34892E+01    0.45854E+00
    0.35596E+01    0.43650E+00
    0.36316E+01    0.41549E+00
    0.37049E+01    0.39547E+00
    0.37798E+01    0.37639E+00
    0.38561E+01    0.35822E+00
    0.39340E+01    0.34090E+00
    0.40135E+01    0.32441E+00
    0.40946E+01    0.30870E+00
    0.41773E+01    0.29373E+00
    0.42617E+01    0.27948E+00
    0.43478E+01    0.26590E+00
    0.44356E+01    0.25297E+00
    0.45252E+01    0.24066E+00
    0.46166E+01    0.22893E+00
    0.47099E+01    0.21777E+00
    0.48050E+01    0.20714E+00
    0.49021E+01    0.19702E+00
    0.50011E+01    0.18738E+00
    0.51021E+01    0.17821E+00
    0.52052E+01    0.16948E+00
    0.53104E+01    0.16117E+00
    0.54176E+01    0.15326E+00
    0.55271E+01    0.14573E+00
    0.56387E+01    0.13856E+00
    0.57526E+01    0.13174E+00
    0.58689E+01    0.12525E+00
    0.59874E+01    0.11908E+00
    0.61084E+01    0.11320E+00
    0.62318E+01    0.10761E+00
    0.63577E+01    0.10229E+00
    0.64861E+01    0.97235E-01
    0.66171E+01    0.92421E-01
    0.67508E+01    0.87842E-01
    0.68872E+01    0.83487E-01
    0.70263E+01    0.79344E-01
    0.71682E+01    0.75403E-01
    0.73130E+01    0.71656E-01
    0.74608E+01    0.68091E-01
    0.76115E+01    0.64702E-01
    0.77653E+01    0.61478E-01
    0.79221E+01    0.58413E-01
    0.80822E+01    0.55499E-01
    0.82454E+01    0.52728E-01
    0.84120E+01    0.50093E-01
    0.85819E+01    0.47588E-01
    0.87553E+01    0.45207E-01
    0.89322E+01    0.42943E-01
    0.91126E+01    0.40791E-01
    0.92967E+01    0.38745E-01
    0.94845E+01    0.36801E-01
    0.96761E+01    0.34953E-01
    0.98716E+01    0.33196E-01
    0.10071E+02    0.31527E-01
    0.10274E+02    0.29940E-01
    0.10482E+02    0.28432E-01
    0.10694E+02    0.27000E-01
    0.10910E+02    0.25638E-01
    0.11130E+02    0.24344E-01
    0.11355E+02    0.23115E-01
    0.11584E+02    0.21947E-01
    0.11818E+02    0.20838E-01
    0.12057E+02    0.19783E-01
    0.12301E+02    0.18782E-01
    0.12549E+02    0.17831E-01
    0.12803E+02    0.16927E-01
    0.13061E+02    0.16068E-01
    0.13325E+02    0.15253E-01
    0.13594E+02    0.14478E-01
    0.13869E+02    0.13743E-01
    0.14149E+02    0.13044E-01
    0.14435E+02    0.12380E-01
    0.14727E+02    0.11750E-01
    0.15024E+02    0.11151E-01
