#           k/h    P           
   1.00000E-004   1.48637E+002
   1.02020E-004   1.51490E+002
   1.04081E-004   1.54398E+002
   1.06184E-004   1.57359E+002
   1.08329E-004   1.60377E+002
   1.10517E-004   1.63451E+002
   1.12750E-004   1.66582E+002
   1.15027E-004   1.69772E+002
   1.17351E-004   1.73021E+002
   1.19722E-004   1.76330E+002
   1.22140E-004   1.79702E+002
   1.24608E-004   1.83135E+002
   1.27125E-004   1.86632E+002
   1.29693E-004   1.90194E+002
   1.32313E-004   1.93822E+002
   1.34986E-004   1.97516E+002
   1.37713E-004   2.01278E+002
   1.40495E-004   2.05109E+002
   1.43333E-004   2.09010E+002
   1.46228E-004   2.12981E+002
   1.49182E-004   2.17026E+002
   1.52196E-004   2.21143E+002
   1.55271E-004   2.25335E+002
   1.58407E-004   2.29602E+002
   1.61607E-004   2.33947E+002
   1.64872E-004   2.38368E+002
   1.68203E-004   2.42869E+002
   1.71601E-004   2.47450E+002
   1.75067E-004   2.52113E+002
   1.78604E-004   2.56857E+002
   1.82212E-004   2.61685E+002
   1.85893E-004   2.66597E+002
   1.89648E-004   2.71596E+002
   1.93479E-004   2.76681E+002
   1.97388E-004   2.81853E+002
   2.01375E-004   2.87115E+002
   2.05443E-004   2.92467E+002
   2.09594E-004   2.97910E+002
   2.13828E-004   3.03445E+002
   2.18147E-004   3.09073E+002
   2.22554E-004   3.14795E+002
   2.27050E-004   3.20612E+002
   2.31637E-004   3.26525E+002
   2.36316E-004   3.32535E+002
   2.41090E-004   3.38643E+002
   2.45960E-004   3.44849E+002
   2.50929E-004   3.51154E+002
   2.55998E-004   3.57560E+002
   2.61170E-004   3.64066E+002
   2.66446E-004   3.70674E+002
   2.71828E-004   3.77383E+002
   2.77319E-004   3.84195E+002
   2.82922E-004   3.91110E+002
   2.88637E-004   3.98128E+002
   2.94468E-004   4.05250E+002
   3.00417E-004   4.12476E+002
   3.06485E-004   4.19805E+002
   3.12677E-004   4.27238E+002
   3.18993E-004   4.34776E+002
   3.25437E-004   4.42417E+002
   3.32012E-004   4.50161E+002
   3.38719E-004   4.58008E+002
   3.45561E-004   4.65958E+002
   3.52542E-004   4.74010E+002
   3.59664E-004   4.82163E+002
   3.66930E-004   4.90416E+002
   3.74342E-004   4.98768E+002
   3.81904E-004   5.07219E+002
   3.89619E-004   5.15765E+002
   3.97490E-004   5.24407E+002
   4.05520E-004   5.33142E+002
   4.13712E-004   5.41968E+002
   4.22070E-004   5.50883E+002
   4.30596E-004   5.59886E+002
   4.39295E-004   5.68973E+002
   4.48169E-004   5.78141E+002
   4.57222E-004   5.87389E+002
   4.66459E-004   5.96712E+002
   4.75882E-004   6.06107E+002
   4.85496E-004   6.15572E+002
   4.95303E-004   6.25101E+002
   5.05309E-004   6.34691E+002
   5.15517E-004   6.44338E+002
   5.25931E-004   6.54037E+002
   5.36556E-004   6.63784E+002
   5.47395E-004   6.73573E+002
   5.58453E-004   6.83399E+002
   5.69734E-004   6.93257E+002
   5.81244E-004   7.03141E+002
   5.92986E-004   7.13046E+002
   6.04965E-004   7.22964E+002
   6.17186E-004   7.32891E+002
   6.29654E-004   7.42819E+002
   6.42374E-004   7.52742E+002
   6.55350E-004   7.62653E+002
   6.68589E-004   7.72545E+002
   6.82096E-004   7.82412E+002
   6.95875E-004   7.92245E+002
   7.09933E-004   8.02038E+002
   7.24274E-004   8.11784E+002
   7.38906E-004   8.21475E+002
   7.53832E-004   8.31105E+002
   7.69061E-004   8.40665E+002
   7.84597E-004   8.50149E+002
   8.00447E-004   8.59551E+002
   8.16617E-004   8.68863E+002
   8.33114E-004   8.78078E+002
   8.49944E-004   8.87191E+002
   8.67114E-004   8.96196E+002
   8.84631E-004   9.05087E+002
   9.02501E-004   9.13859E+002
   9.20733E-004   9.22507E+002
   9.39333E-004   9.31027E+002
   9.58309E-004   9.39416E+002
   9.77668E-004   9.47670E+002
   9.97418E-004   9.55786E+002
   1.01757E-003   9.63764E+002
   1.03812E-003   9.71602E+002
   1.05910E-003   9.79299E+002
   1.08049E-003   9.86857E+002
   1.10232E-003   9.94275E+002
   1.12459E-003   1.00156E+003
   1.14730E-003   1.00870E+003
   1.17048E-003   1.01572E+003
   1.19413E-003   1.02261E+003
   1.21825E-003   1.02938E+003
   1.24286E-003   1.03603E+003
   1.26797E-003   1.04258E+003
   1.29358E-003   1.04902E+003
   1.31971E-003   1.05536E+003
   1.34637E-003   1.06162E+003
   1.37357E-003   1.06780E+003
   1.40132E-003   1.07391E+003
   1.42963E-003   1.07996E+003
   1.45851E-003   1.08596E+003
   1.48797E-003   1.09192E+003
   1.51803E-003   1.09784E+003
   1.54870E-003   1.10373E+003
   1.57998E-003   1.10961E+003
   1.61190E-003   1.11548E+003
   1.64446E-003   1.12135E+003
   1.67768E-003   1.12723E+003
   1.71158E-003   1.13312E+003
   1.74615E-003   1.13903E+003
   1.78143E-003   1.14496E+003
   1.81741E-003   1.15092E+003
   1.85413E-003   1.15692E+003
   1.89158E-003   1.16295E+003
   1.92980E-003   1.16902E+003
   1.96878E-003   1.17514E+003
   2.00855E-003   1.18130E+003
   2.04913E-003   1.18750E+003
   2.09052E-003   1.19375E+003
   2.13276E-003   1.20006E+003
   2.17584E-003   1.20641E+003
   2.21979E-003   1.21281E+003
   2.26464E-003   1.21927E+003
   2.31039E-003   1.22578E+003
   2.35706E-003   1.23235E+003
   2.40467E-003   1.23898E+003
   2.45325E-003   1.24567E+003
   2.50281E-003   1.25241E+003
   2.55337E-003   1.25923E+003
   2.60495E-003   1.26611E+003
   2.65758E-003   1.27305E+003
   2.71126E-003   1.28007E+003
   2.76603E-003   1.28715E+003
   2.82191E-003   1.29430E+003
   2.87892E-003   1.30153E+003
   2.93708E-003   1.30882E+003
   2.99641E-003   1.31619E+003
   3.05694E-003   1.32363E+003
   3.11870E-003   1.33113E+003
   3.18170E-003   1.33870E+003
   3.24597E-003   1.34634E+003
   3.31155E-003   1.35404E+003
   3.37844E-003   1.36181E+003
   3.44669E-003   1.36964E+003
   3.51632E-003   1.37753E+003
   3.58735E-003   1.38548E+003
   3.65982E-003   1.39350E+003
   3.73376E-003   1.40157E+003
   3.80918E-003   1.40970E+003
   3.88613E-003   1.41788E+003
   3.96464E-003   1.42612E+003
   4.04473E-003   1.43440E+003
   4.12644E-003   1.44273E+003
   4.20980E-003   1.45111E+003
   4.29484E-003   1.45952E+003
   4.38160E-003   1.46798E+003
   4.47012E-003   1.47646E+003
   4.56042E-003   1.48498E+003
   4.65255E-003   1.49352E+003
   4.74653E-003   1.50209E+003
   4.84242E-003   1.51068E+003
   4.94024E-003   1.51928E+003
   5.04004E-003   1.52789E+003
   5.14186E-003   1.53651E+003
   5.24573E-003   1.54513E+003
   5.35170E-003   1.55375E+003
   5.45981E-003   1.56236E+003
   5.57011E-003   1.57095E+003
   5.68263E-003   1.57952E+003
   5.79743E-003   1.58807E+003
   5.91455E-003   1.59658E+003
   6.03403E-003   1.60506E+003
   6.15592E-003   1.61350E+003
   6.28028E-003   1.62188E+003
   6.40715E-003   1.63020E+003
   6.53658E-003   1.63846E+003
   6.66863E-003   1.64664E+003
   6.80335E-003   1.65474E+003
   6.94078E-003   1.66276E+003
   7.08100E-003   1.67068E+003
   7.22404E-003   1.67849E+003
   7.36998E-003   1.68619E+003
   7.51886E-003   1.69377E+003
   7.67075E-003   1.70121E+003
   7.82571E-003   1.70851E+003
   7.98380E-003   1.71567E+003
   8.14509E-003   1.72266E+003
   8.30963E-003   1.72948E+003
   8.47750E-003   1.73611E+003
   8.64875E-003   1.74256E+003
   8.82347E-003   1.74880E+003
   9.00171E-003   1.75483E+003
   9.18356E-003   1.76063E+003
   9.36908E-003   1.76619E+003
   9.55835E-003   1.77150E+003
   9.75144E-003   1.77655E+003
   9.94843E-003   1.78133E+003
   1.01494E-002   1.78581E+003
   1.03544E-002   1.79000E+003
   1.05636E-002   1.79387E+003
   1.07770E-002   1.79741E+003
   1.09947E-002   1.80061E+003
   1.12168E-002   1.80346E+003
   1.14434E-002   1.80594E+003
   1.16746E-002   1.80804E+003
   1.19104E-002   1.80973E+003
   1.21510E-002   1.81102E+003
   1.23965E-002   1.81188E+003
   1.26469E-002   1.81230E+003
   1.29024E-002   1.81226E+003
   1.31631E-002   1.81176E+003
   1.34290E-002   1.81077E+003
   1.37003E-002   1.80928E+003
   1.39770E-002   1.80727E+003
   1.42594E-002   1.80474E+003
   1.45474E-002   1.80167E+003
   1.48413E-002   1.79805E+003
   1.51411E-002   1.79386E+003
   1.54470E-002   1.78908E+003
   1.57590E-002   1.78371E+003
   1.60774E-002   1.77774E+003
   1.64022E-002   1.77116E+003
   1.67335E-002   1.76394E+003
   1.70716E-002   1.75609E+003
   1.74164E-002   1.74759E+003
   1.77683E-002   1.73844E+003
   1.81272E-002   1.72864E+003
   1.84934E-002   1.71816E+003
   1.88670E-002   1.70702E+003
   1.92481E-002   1.69520E+003
   1.96370E-002   1.68271E+003
   2.00337E-002   1.66954E+003
   2.04384E-002   1.65570E+003
   2.08513E-002   1.64120E+003
   2.12725E-002   1.62603E+003
   2.17022E-002   1.61020E+003
   2.21406E-002   1.59373E+003
   2.25879E-002   1.57662E+003
   2.30442E-002   1.55890E+003
   2.35097E-002   1.54057E+003
   2.39847E-002   1.52166E+003
   2.44692E-002   1.50219E+003
   2.49635E-002   1.48218E+003
   2.54678E-002   1.46165E+003
   2.59823E-002   1.44065E+003
   2.65072E-002   1.41920E+003
   2.70426E-002   1.39734E+003
   2.75889E-002   1.37510E+003
   2.81463E-002   1.35252E+003
   2.87149E-002   1.32965E+003
   2.92949E-002   1.30653E+003
   2.98867E-002   1.28321E+003
   3.04905E-002   1.25974E+003
   3.11064E-002   1.23616E+003
   3.17348E-002   1.21254E+003
   3.23759E-002   1.18892E+003
   3.30299E-002   1.16536E+003
   3.36972E-002   1.14191E+003
   3.43779E-002   1.11862E+003
   3.50724E-002   1.09557E+003
   3.57809E-002   1.07279E+003
   3.65038E-002   1.05034E+003
   3.72412E-002   1.02827E+003
   3.79935E-002   1.00664E+003
   3.87610E-002   9.85487E+002
   3.95440E-002   9.64861E+002
   4.03429E-002   9.44801E+002
   4.11579E-002   9.25345E+002
   4.19893E-002   9.06525E+002
   4.28375E-002   8.88370E+002
   4.37029E-002   8.70900E+002
   4.45858E-002   8.54132E+002
   4.54865E-002   8.38076E+002
   4.64053E-002   8.22733E+002
   4.73428E-002   8.08098E+002
   4.82992E-002   7.94160E+002
   4.92749E-002   7.80895E+002
   5.02703E-002   7.68276E+002
   5.12858E-002   7.56263E+002
   5.23219E-002   7.44809E+002
   5.33789E-002   7.33858E+002
   5.44572E-002   7.23345E+002
   5.55573E-002   7.13198E+002
   5.66796E-002   7.03335E+002
   5.78246E-002   6.93670E+002
   5.89927E-002   6.84109E+002
   6.01845E-002   6.74555E+002
   6.14003E-002   6.64907E+002
   6.26407E-002   6.55065E+002
   6.39061E-002   6.44931E+002
   6.51971E-002   6.34412E+002
   6.65142E-002   6.23420E+002
   6.78578E-002   6.11883E+002
   6.92287E-002   5.99738E+002
   7.06272E-002   5.86942E+002
   7.20539E-002   5.73472E+002
   7.35095E-002   5.59327E+002
   7.49945E-002   5.44530E+002
   7.65095E-002   5.29131E+002
   7.80551E-002   5.13204E+002
   7.96319E-002   4.96847E+002
   8.12406E-002   4.80183E+002
   8.28817E-002   4.63352E+002
   8.45561E-002   4.46510E+002
   8.62642E-002   4.29822E+002
   8.80068E-002   4.13457E+002
   8.97847E-002   3.97584E+002
   9.15985E-002   3.82359E+002
   9.34489E-002   3.67927E+002
   9.53367E-002   3.54408E+002
   9.72626E-002   3.41899E+002
   9.92274E-002   3.30465E+002
   1.01232E-001   3.20136E+002
   1.03277E-001   3.10908E+002
   1.05363E-001   3.02737E+002
   1.07492E-001   2.95541E+002
   1.09663E-001   2.89202E+002
   1.11879E-001   2.83567E+002
   1.14139E-001   2.78454E+002
   1.16445E-001   2.73661E+002
   1.18797E-001   2.68970E+002
   1.21197E-001   2.64165E+002
   1.23645E-001   2.59044E+002
   1.26143E-001   2.53433E+002
   1.28691E-001   2.47201E+002
   1.31291E-001   2.40276E+002
   1.33943E-001   2.32652E+002
   1.36649E-001   2.24391E+002
   1.39409E-001   2.15623E+002
   1.42226E-001   2.06532E+002
   1.45099E-001   1.97344E+002
   1.48030E-001   1.88300E+002
   1.51020E-001   1.79640E+002
   1.54071E-001   1.71575E+002
   1.57184E-001   1.64268E+002
   1.60359E-001   1.57822E+002
   1.63598E-001   1.52270E+002
   1.66903E-001   1.47570E+002
   1.70275E-001   1.43610E+002
   1.73715E-001   1.40219E+002
   1.77224E-001   1.37178E+002
   1.80804E-001   1.34250E+002
   1.84457E-001   1.31205E+002
   1.88183E-001   1.27849E+002
   1.91985E-001   1.24056E+002
   1.95863E-001   1.19785E+002
   1.99820E-001   1.15090E+002
   2.03856E-001   1.10108E+002
   2.07974E-001   1.05033E+002
   2.12176E-001   1.00082E+002
   2.16462E-001   9.54578E+001
   2.20835E-001   9.13099E+001
   2.25296E-001   8.77144E+001
   2.29847E-001   8.46620E+001
   2.34490E-001   8.20633E+001
   2.39227E-001   7.97668E+001
   2.44060E-001   7.75904E+001
   2.48990E-001   7.53594E+001
   2.54020E-001   7.29448E+001
   2.59152E-001   7.02925E+001
   2.64387E-001   6.74329E+001
   2.69728E-001   6.44685E+001
   2.75177E-001   6.15407E+001
   2.80736E-001   5.87887E+001
   2.86407E-001   5.63102E+001
   2.92193E-001   5.41373E+001
   2.98096E-001   5.22323E+001
   3.04118E-001   5.05036E+001
   3.10261E-001   4.88375E+001
   3.16529E-001   4.71361E+001
   3.22923E-001   4.53487E+001
   3.29447E-001   4.34850E+001
   3.36102E-001   4.16051E+001
   3.42892E-001   3.97900E+001
   3.49819E-001   3.81069E+001
   3.56885E-001   3.65833E+001
   3.64095E-001   3.51997E+001
   3.71450E-001   3.39032E+001
   3.78954E-001   3.26343E+001
   3.86609E-001   3.13544E+001
   3.94419E-001   3.00607E+001
   4.02387E-001   2.87814E+001
   4.10516E-001   2.75562E+001
   4.18809E-001   2.64120E+001
   4.27269E-001   2.53503E+001
   4.35901E-001   2.43493E+001
   4.44706E-001   2.33803E+001
   4.53690E-001   2.24247E+001
   4.62855E-001   2.14836E+001
   4.72206E-001   2.05718E+001
   4.81745E-001   1.97048E+001
   4.91477E-001   1.88871E+001
   5.01405E-001   1.81103E+001
   5.11534E-001   1.73615E+001
   5.21868E-001   1.66331E+001
   5.32411E-001   1.59265E+001
   5.43166E-001   1.52481E+001
   5.54139E-001   1.46019E+001
   5.65333E-001   1.39857E+001
   5.76753E-001   1.33941E+001
   5.88404E-001   1.28231E+001
   6.00291E-001   1.22728E+001
   6.12418E-001   1.17452E+001
   6.24789E-001   1.12409E+001
   6.37411E-001   1.07581E+001
   6.50288E-001   1.02943E+001
   6.63424E-001   9.84847E+000
   6.76826E-001   9.42091E+000
   6.90499E-001   9.01156E+000
   7.04448E-001   8.61946E+000
   7.18679E-001   8.24341E+000
   7.33197E-001   7.88272E+000
   7.48009E-001   7.53711E+000
   7.63119E-001   7.20611E+000
   7.78536E-001   6.88898E+000
   7.94263E-001   6.58507E+000
   8.10308E-001   6.29393E+000
   8.26677E-001   6.01515E+000
   8.43378E-001   5.74820E+000
   8.60415E-001   5.49254E+000
   8.77797E-001   5.24777E+000
   8.95529E-001   5.01348E+000
   9.13620E-001   4.78925E+000
   9.32076E-001   4.57464E+000
   9.50906E-001   4.36926E+000
   9.70115E-001   4.17275E+000
   9.89713E-001   3.98473E+000
   1.00971E+000   3.80486E+000
   1.03010E+000   3.63278E+000
   1.05091E+000   3.46819E+000
   1.07214E+000   3.31077E+000
   1.09380E+000   3.16024E+000
   1.11590E+000   3.01630E+000
   1.13844E+000   2.87870E+000
   1.16144E+000   2.74716E+000
   1.18490E+000   2.62143E+000
   1.20884E+000   2.50125E+000
   1.23326E+000   2.38640E+000
   1.25817E+000   2.27664E+000
   1.28359E+000   2.17176E+000
   1.30952E+000   2.07154E+000
   1.33597E+000   1.97581E+000
   1.36296E+000   1.88436E+000
   1.39049E+000   1.79701E+000
   1.41858E+000   1.71359E+000
   1.44724E+000   1.63393E+000
   1.47648E+000   1.55785E+000
   1.50630E+000   1.48521E+000
   1.53673E+000   1.41585E+000
   1.56778E+000   1.34964E+000
   1.59945E+000   1.28643E+000
   1.63176E+000   1.22611E+000
   1.66472E+000   1.16853E+000
   1.69835E+000   1.11359E+000
   1.73266E+000   1.06115E+000
   1.76766E+000   1.01111E+000
   1.80337E+000   9.63371E-001
   1.83980E+000   9.17825E-001
   1.87697E+000   8.74378E-001
   1.91489E+000   8.32935E-001
   1.95357E+000   7.93404E-001
   1.99304E+000   7.55700E-001
   2.03330E+000   7.19743E-001
   2.07437E+000   6.85456E-001
   2.11628E+000   6.52762E-001
   2.15903E+000   6.21590E-001
   2.20265E+000   5.91870E-001
   2.24714E+000   5.63537E-001
   2.29254E+000   5.36528E-001
   2.33885E+000   5.10785E-001
   2.38610E+000   4.86248E-001
   2.43430E+000   4.62863E-001
   2.48348E+000   4.40577E-001
   2.53365E+000   4.19340E-001
   2.58483E+000   3.99105E-001
   2.63705E+000   3.79825E-001
   2.69032E+000   3.61456E-001
   2.74466E+000   3.43956E-001
   2.80011E+000   3.27286E-001
   2.85668E+000   3.11407E-001
   2.91439E+000   2.96283E-001
   2.97326E+000   2.81878E-001
   3.03332E+000   2.68159E-001
   3.09460E+000   2.55095E-001
   3.15712E+000   2.42654E-001
   3.22090E+000   2.30808E-001
   3.28596E+000   2.19530E-001
   3.35234E+000   2.08792E-001
   3.42006E+000   1.98569E-001
   3.48916E+000   1.88837E-001
   3.55964E+000   1.79573E-001
   3.63155E+000   1.70756E-001
   3.70491E+000   1.62363E-001
   3.77976E+000   1.54376E-001
   3.85611E+000   1.46774E-001
   3.93401E+000   1.39540E-001
   4.01348E+000   1.32656E-001
   4.09456E+000   1.26106E-001
   4.17727E+000   1.19874E-001
   4.26166E+000   1.13945E-001
   4.34775E+000   1.08304E-001
   4.43558E+000   1.02938E-001
   4.52519E+000   9.78326E-002
   4.61660E+000   9.29767E-002
   4.70987E+000   8.83579E-002
   4.80501E+000   8.39649E-002
   4.90208E+000   7.97867E-002
   5.00111E+000   7.58133E-002
   5.10214E+000   7.20346E-002
   5.20521E+000   6.84413E-002
   5.31036E+000   6.50245E-002
   5.41763E+000   6.17757E-002
   5.52708E+000   5.86868E-002
   5.63873E+000   5.57500E-002
   5.75264E+000   5.29580E-002
   5.86885E+000   5.03038E-002
   5.98741E+000   4.77807E-002
   6.10836E+000   4.53823E-002
   6.23176E+000   4.31026E-002
   6.35765E+000   4.09358E-002
   6.48609E+000   3.88764E-002
   6.61711E+000   3.69191E-002
   6.75079E+000   3.50591E-002
   6.88716E+000   3.32914E-002
   7.02629E+000   3.16117E-002
   7.16823E+000   3.00156E-002
   7.31304E+000   2.84990E-002
   7.46077E+000   2.70581E-002
   7.61149E+000   2.56890E-002
   7.76525E+000   2.43883E-002
   7.92212E+000   2.31526E-002
   8.08217E+000   2.19788E-002
   8.24543E+000   2.08637E-002
   8.41200E+000   1.98044E-002
   8.58193E+000   1.87983E-002
   8.75530E+000   1.78427E-002
   8.93217E+000   1.69350E-002
   9.11261E+000   1.60730E-002
   9.29670E+000   1.52543E-002
   9.48451E+000   1.44768E-002
   9.67610E+000   1.37385E-002
   9.87158E+000   1.30374E-002
   1.00710E+001   1.23716E-002
   1.02744E+001   1.17395E-002
   1.04820E+001   1.11393E-002
   1.06938E+001   1.05694E-002
   1.09098E+001   1.00283E-002
   1.11302E+001   9.51468E-003
   1.13550E+001   9.02703E-003
   1.15844E+001   8.56410E-003
   1.18184E+001   8.12465E-003
   1.20572E+001   7.70751E-003
   1.23007E+001   7.31155E-003
   1.25492E+001   6.93572E-003
   1.28027E+001   6.57900E-003
   1.30614E+001   6.24043E-003
   1.33252E+001   5.91910E-003
   1.35944E+001   5.61415E-003
   1.38691E+001   5.32475E-003
   1.41492E+001   5.05012E-003
   1.44351E+001   4.78949E-003
   1.47267E+001   4.54215E-003
   1.50242E+001   4.30751E-003
