#           k/h    P           
   1.00000E-004   5.26729E+002
   1.02020E-004   5.36743E+002
   1.04081E-004   5.46941E+002
   1.06184E-004   5.57323E+002
   1.08329E-004   5.67894E+002
   1.10517E-004   5.78655E+002
   1.12750E-004   5.89610E+002
   1.15027E-004   6.00762E+002
   1.17351E-004   6.12113E+002
   1.19722E-004   6.23667E+002
   1.22140E-004   6.35426E+002
   1.24608E-004   6.47393E+002
   1.27125E-004   6.59570E+002
   1.29693E-004   6.71962E+002
   1.32313E-004   6.84571E+002
   1.34986E-004   6.97399E+002
   1.37713E-004   7.10449E+002
   1.40495E-004   7.23724E+002
   1.43333E-004   7.37227E+002
   1.46228E-004   7.50961E+002
   1.49182E-004   7.64927E+002
   1.52196E-004   7.79129E+002
   1.55271E-004   7.93570E+002
   1.58407E-004   8.08251E+002
   1.61607E-004   8.23175E+002
   1.64872E-004   8.38344E+002
   1.68203E-004   8.53761E+002
   1.71601E-004   8.69428E+002
   1.75067E-004   8.85346E+002
   1.78604E-004   9.01519E+002
   1.82212E-004   9.17946E+002
   1.85893E-004   9.34631E+002
   1.89648E-004   9.51575E+002
   1.93479E-004   9.68777E+002
   1.97388E-004   9.86242E+002
   2.01375E-004   1.00397E+003
   2.05443E-004   1.02196E+003
   2.09594E-004   1.04021E+003
   2.13828E-004   1.05873E+003
   2.18147E-004   1.07751E+003
   2.22554E-004   1.09655E+003
   2.27050E-004   1.11586E+003
   2.31637E-004   1.13543E+003
   2.36316E-004   1.15526E+003
   2.41090E-004   1.17536E+003
   2.45960E-004   1.19571E+003
   2.50929E-004   1.21632E+003
   2.55998E-004   1.23718E+003
   2.61170E-004   1.25830E+003
   2.66446E-004   1.27966E+003
   2.71828E-004   1.30127E+003
   2.77319E-004   1.32312E+003
   2.82922E-004   1.34521E+003
   2.88637E-004   1.36753E+003
   2.94468E-004   1.39007E+003
   3.00417E-004   1.41284E+003
   3.06485E-004   1.43582E+003
   3.12677E-004   1.45900E+003
   3.18993E-004   1.48239E+003
   3.25437E-004   1.50596E+003
   3.32012E-004   1.52972E+003
   3.38719E-004   1.55365E+003
   3.45561E-004   1.57774E+003
   3.52542E-004   1.60198E+003
   3.59664E-004   1.62636E+003
   3.66930E-004   1.65087E+003
   3.74342E-004   1.67549E+003
   3.81904E-004   1.70021E+003
   3.89619E-004   1.72502E+003
   3.97490E-004   1.74990E+003
   4.05520E-004   1.77484E+003
   4.13712E-004   1.79981E+003
   4.22070E-004   1.82481E+003
   4.30596E-004   1.84982E+003
   4.39295E-004   1.87481E+003
   4.48169E-004   1.89976E+003
   4.57222E-004   1.92467E+003
   4.66459E-004   1.94950E+003
   4.75882E-004   1.97424E+003
   4.85496E-004   1.99887E+003
   4.95303E-004   2.02336E+003
   5.05309E-004   2.04770E+003
   5.15517E-004   2.07186E+003
   5.25931E-004   2.09581E+003
   5.36556E-004   2.11955E+003
   5.47395E-004   2.14304E+003
   5.58453E-004   2.16626E+003
   5.69734E-004   2.18920E+003
   5.81244E-004   2.21183E+003
   5.92986E-004   2.23412E+003
   6.04965E-004   2.25607E+003
   6.17186E-004   2.27764E+003
   6.29654E-004   2.29882E+003
   6.42374E-004   2.31960E+003
   6.55350E-004   2.33995E+003
   6.68589E-004   2.35986E+003
   6.82096E-004   2.37932E+003
   6.95875E-004   2.39831E+003
   7.09933E-004   2.41683E+003
   7.24274E-004   2.43486E+003
   7.38906E-004   2.45239E+003
   7.53832E-004   2.46943E+003
   7.69061E-004   2.48597E+003
   7.84597E-004   2.50200E+003
   8.00447E-004   2.51754E+003
   8.16617E-004   2.53258E+003
   8.33114E-004   2.54714E+003
   8.49944E-004   2.56121E+003
   8.67114E-004   2.57482E+003
   8.84631E-004   2.58798E+003
   9.02501E-004   2.60070E+003
   9.20733E-004   2.61300E+003
   9.39333E-004   2.62490E+003
   9.58309E-004   2.63643E+003
   9.77668E-004   2.64760E+003
   9.97418E-004   2.65846E+003
   1.01757E-003   2.66902E+003
   1.03812E-003   2.67931E+003
   1.05910E-003   2.68936E+003
   1.08049E-003   2.69920E+003
   1.10232E-003   2.70886E+003
   1.12459E-003   2.71838E+003
   1.14730E-003   2.72777E+003
   1.17048E-003   2.73707E+003
   1.19413E-003   2.74631E+003
   1.21825E-003   2.75552E+003
   1.24286E-003   2.76471E+003
   1.26797E-003   2.77391E+003
   1.29358E-003   2.78314E+003
   1.31971E-003   2.79243E+003
   1.34637E-003   2.80178E+003
   1.37357E-003   2.81122E+003
   1.40132E-003   2.82075E+003
   1.42963E-003   2.83038E+003
   1.45851E-003   2.84014E+003
   1.48797E-003   2.85001E+003
   1.51803E-003   2.86002E+003
   1.54870E-003   2.87016E+003
   1.57998E-003   2.88045E+003
   1.61190E-003   2.89087E+003
   1.64446E-003   2.90145E+003
   1.67768E-003   2.91218E+003
   1.71158E-003   2.92306E+003
   1.74615E-003   2.93411E+003
   1.78143E-003   2.94533E+003
   1.81741E-003   2.95673E+003
   1.85413E-003   2.96830E+003
   1.89158E-003   2.98007E+003
   1.92980E-003   2.99203E+003
   1.96878E-003   3.00420E+003
   2.00855E-003   3.01658E+003
   2.04913E-003   3.02917E+003
   2.09052E-003   3.04199E+003
   2.13276E-003   3.05503E+003
   2.17584E-003   3.06831E+003
   2.21979E-003   3.08181E+003
   2.26464E-003   3.09554E+003
   2.31039E-003   3.10951E+003
   2.35706E-003   3.12371E+003
   2.40467E-003   3.13814E+003
   2.45325E-003   3.15280E+003
   2.50281E-003   3.16770E+003
   2.55337E-003   3.18282E+003
   2.60495E-003   3.19817E+003
   2.65758E-003   3.21375E+003
   2.71126E-003   3.22956E+003
   2.76603E-003   3.24560E+003
   2.82191E-003   3.26188E+003
   2.87892E-003   3.27838E+003
   2.93708E-003   3.29511E+003
   2.99641E-003   3.31206E+003
   3.05694E-003   3.32924E+003
   3.11870E-003   3.34663E+003
   3.18170E-003   3.36424E+003
   3.24597E-003   3.38206E+003
   3.31155E-003   3.40009E+003
   3.37844E-003   3.41831E+003
   3.44669E-003   3.43674E+003
   3.51632E-003   3.45536E+003
   3.58735E-003   3.47417E+003
   3.65982E-003   3.49316E+003
   3.73376E-003   3.51234E+003
   3.80918E-003   3.53168E+003
   3.88613E-003   3.55119E+003
   3.96464E-003   3.57086E+003
   4.04473E-003   3.59068E+003
   4.12644E-003   3.61065E+003
   4.20980E-003   3.63074E+003
   4.29484E-003   3.65097E+003
   4.38160E-003   3.67132E+003
   4.47012E-003   3.69177E+003
   4.56042E-003   3.71232E+003
   4.65255E-003   3.73297E+003
   4.74653E-003   3.75369E+003
   4.84242E-003   3.77448E+003
   4.94024E-003   3.79533E+003
   5.04004E-003   3.81622E+003
   5.14186E-003   3.83715E+003
   5.24573E-003   3.85810E+003
   5.35170E-003   3.87905E+003
   5.45981E-003   3.90000E+003
   5.57011E-003   3.92093E+003
   5.68263E-003   3.94183E+003
   5.79743E-003   3.96267E+003
   5.91455E-003   3.98345E+003
   6.03403E-003   4.00415E+003
   6.15592E-003   4.02475E+003
   6.28028E-003   4.04524E+003
   6.40715E-003   4.06559E+003
   6.53658E-003   4.08579E+003
   6.66863E-003   4.10583E+003
   6.80335E-003   4.12567E+003
   6.94078E-003   4.14530E+003
   7.08100E-003   4.16470E+003
   7.22404E-003   4.18385E+003
   7.36998E-003   4.20273E+003
   7.51886E-003   4.22131E+003
   7.67075E-003   4.23957E+003
   7.82571E-003   4.25748E+003
   7.98380E-003   4.27503E+003
   8.14509E-003   4.29219E+003
   8.30963E-003   4.30893E+003
   8.47750E-003   4.32522E+003
   8.64875E-003   4.34104E+003
   8.82347E-003   4.35637E+003
   9.00171E-003   4.37116E+003
   9.18356E-003   4.38540E+003
   9.36908E-003   4.39905E+003
   9.55835E-003   4.41209E+003
   9.75144E-003   4.42447E+003
   9.94843E-003   4.43618E+003
   1.01494E-002   4.44718E+003
   1.03544E-002   4.45743E+003
   1.05636E-002   4.46691E+003
   1.07770E-002   4.47558E+003
   1.09947E-002   4.48341E+003
   1.12168E-002   4.49035E+003
   1.14434E-002   4.49639E+003
   1.16746E-002   4.50147E+003
   1.19104E-002   4.50557E+003
   1.21510E-002   4.50865E+003
   1.23965E-002   4.51067E+003
   1.26469E-002   4.51160E+003
   1.29024E-002   4.51140E+003
   1.31631E-002   4.51004E+003
   1.34290E-002   4.50747E+003
   1.37003E-002   4.50367E+003
   1.39770E-002   4.49859E+003
   1.42594E-002   4.49221E+003
   1.45474E-002   4.48448E+003
   1.48413E-002   4.47537E+003
   1.51411E-002   4.46486E+003
   1.54470E-002   4.45290E+003
   1.57590E-002   4.43947E+003
   1.60774E-002   4.42454E+003
   1.64022E-002   4.40808E+003
   1.67335E-002   4.39006E+003
   1.70716E-002   4.37046E+003
   1.74164E-002   4.34926E+003
   1.77683E-002   4.32643E+003
   1.81272E-002   4.30197E+003
   1.84934E-002   4.27585E+003
   1.88670E-002   4.24807E+003
   1.92481E-002   4.21862E+003
   1.96370E-002   4.18748E+003
   2.00337E-002   4.15468E+003
   2.04384E-002   4.12020E+003
   2.08513E-002   4.08407E+003
   2.12725E-002   4.04628E+003
   2.17022E-002   4.00686E+003
   2.21406E-002   3.96584E+003
   2.25879E-002   3.92325E+003
   2.30442E-002   3.87911E+003
   2.35097E-002   3.83348E+003
   2.39847E-002   3.78639E+003
   2.44692E-002   3.73791E+003
   2.49635E-002   3.68809E+003
   2.54678E-002   3.63701E+003
   2.59823E-002   3.58473E+003
   2.65072E-002   3.53133E+003
   2.70426E-002   3.47691E+003
   2.75889E-002   3.42155E+003
   2.81463E-002   3.36536E+003
   2.87149E-002   3.30844E+003
   2.92949E-002   3.25090E+003
   2.98867E-002   3.19286E+003
   3.04905E-002   3.13444E+003
   3.11064E-002   3.07577E+003
   3.17348E-002   3.01698E+003
   3.23759E-002   2.95820E+003
   3.30299E-002   2.89956E+003
   3.36972E-002   2.84120E+003
   3.43779E-002   2.78326E+003
   3.50724E-002   2.72588E+003
   3.57809E-002   2.66920E+003
   3.65038E-002   2.61333E+003
   3.72412E-002   2.55842E+003
   3.79935E-002   2.50459E+003
   3.87610E-002   2.45196E+003
   3.95440E-002   2.40063E+003
   4.03429E-002   2.35072E+003
   4.11579E-002   2.30230E+003
   4.19893E-002   2.25548E+003
   4.28375E-002   2.21030E+003
   4.37029E-002   2.16683E+003
   4.45858E-002   2.12511E+003
   4.54865E-002   2.08515E+003
   4.64053E-002   2.04698E+003
   4.73428E-002   2.01056E+003
   4.82992E-002   1.97588E+003
   4.92749E-002   1.94287E+003
   5.02703E-002   1.91147E+003
   5.12858E-002   1.88158E+003
   5.23219E-002   1.85308E+003
   5.33789E-002   1.82583E+003
   5.44572E-002   1.79967E+003
   5.55573E-002   1.77443E+003
   5.66796E-002   1.74989E+003
   5.78246E-002   1.72584E+003
   5.89927E-002   1.70205E+003
   6.01845E-002   1.67827E+003
   6.14003E-002   1.65427E+003
   6.26407E-002   1.62978E+003
   6.39061E-002   1.60457E+003
   6.51971E-002   1.57839E+003
   6.65142E-002   1.55105E+003
   6.78578E-002   1.52234E+003
   6.92287E-002   1.49212E+003
   7.06272E-002   1.46029E+003
   7.20539E-002   1.42677E+003
   7.35095E-002   1.39158E+003
   7.49945E-002   1.35476E+003
   7.65095E-002   1.31645E+003
   7.80551E-002   1.27682E+003
   7.96319E-002   1.23613E+003
   8.12406E-002   1.19467E+003
   8.28817E-002   1.15279E+003
   8.45561E-002   1.11089E+003
   8.62642E-002   1.06937E+003
   8.80068E-002   1.02866E+003
   8.97847E-002   9.89163E+002
   9.15985E-002   9.51285E+002
   9.34489E-002   9.15377E+002
   9.53367E-002   8.81743E+002
   9.72626E-002   8.50621E+002
   9.92274E-002   8.22173E+002
   1.01232E-001   7.96477E+002
   1.03277E-001   7.73518E+002
   1.05363E-001   7.53188E+002
   1.07492E-001   7.35285E+002
   1.09663E-001   7.19513E+002
   1.11879E-001   7.05493E+002
   1.14139E-001   6.92774E+002
   1.16445E-001   6.80848E+002
   1.18797E-001   6.69177E+002
   1.21197E-001   6.57223E+002
   1.23645E-001   6.44482E+002
   1.26143E-001   6.30520E+002
   1.28691E-001   6.15016E+002
   1.31291E-001   5.97788E+002
   1.33943E-001   5.78819E+002
   1.36649E-001   5.58267E+002
   1.39409E-001   5.36452E+002
   1.42226E-001   5.13835E+002
   1.45099E-001   4.90975E+002
   1.48030E-001   4.68476E+002
   1.51020E-001   4.46931E+002
   1.54071E-001   4.26864E+002
   1.57184E-001   4.08685E+002
   1.60359E-001   3.92648E+002
   1.63598E-001   3.78835E+002
   1.66903E-001   3.67142E+002
   1.70275E-001   3.57291E+002
   1.73715E-001   3.48852E+002
   1.77224E-001   3.41287E+002
   1.80804E-001   3.34004E+002
   1.84457E-001   3.26427E+002
   1.88183E-001   3.18077E+002
   1.91985E-001   3.08640E+002
   1.95863E-001   2.98015E+002
   1.99820E-001   2.86334E+002
   2.03856E-001   2.73938E+002
   2.07974E-001   2.61312E+002
   2.12176E-001   2.48996E+002
   2.16462E-001   2.37490E+002
   2.20835E-001   2.27171E+002
   2.25296E-001   2.18226E+002
   2.29847E-001   2.10632E+002
   2.34490E-001   2.04166E+002
   2.39227E-001   1.98453E+002
   2.44060E-001   1.93038E+002
   2.48990E-001   1.87487E+002
   2.54020E-001   1.81480E+002
   2.59152E-001   1.74881E+002
   2.64387E-001   1.67767E+002
   2.69728E-001   1.60392E+002
   2.75177E-001   1.53108E+002
   2.80736E-001   1.46261E+002
   2.86407E-001   1.40095E+002
   2.92193E-001   1.34689E+002
   2.98096E-001   1.29949E+002
   3.04118E-001   1.25648E+002
   3.10261E-001   1.21503E+002
   3.16529E-001   1.17270E+002
   3.22923E-001   1.12823E+002
   3.29447E-001   1.08187E+002
   3.36102E-001   1.03510E+002
   3.42892E-001   9.89939E+001
   3.49819E-001   9.48066E+001
   3.56885E-001   9.10159E+001
   3.64095E-001   8.75735E+001
   3.71450E-001   8.43480E+001
   3.78954E-001   8.11911E+001
   3.86609E-001   7.80069E+001
   3.94419E-001   7.47882E+001
   4.02387E-001   7.16056E+001
   4.10516E-001   6.85572E+001
   4.18809E-001   6.57107E+001
   4.27269E-001   6.30692E+001
   4.35901E-001   6.05789E+001
   4.44706E-001   5.81679E+001
   4.53690E-001   5.57906E+001
   4.62855E-001   5.34491E+001
   4.72206E-001   5.11807E+001
   4.81745E-001   4.90238E+001
   4.91477E-001   4.69892E+001
   5.01405E-001   4.50566E+001
   5.11534E-001   4.31938E+001
   5.21868E-001   4.13816E+001
   5.32411E-001   3.96237E+001
   5.43166E-001   3.79359E+001
   5.54139E-001   3.63281E+001
   5.65333E-001   3.47952E+001
   5.76753E-001   3.33233E+001
   5.88404E-001   3.19027E+001
   6.00291E-001   3.05336E+001
   6.12418E-001   2.92210E+001
   6.24789E-001   2.79664E+001
   6.37411E-001   2.67651E+001
   6.50288E-001   2.56112E+001
   6.63424E-001   2.45021E+001
   6.76826E-001   2.34383E+001
   6.90499E-001   2.24199E+001
   7.04448E-001   2.14444E+001
   7.18679E-001   2.05088E+001
   7.33197E-001   1.96115E+001
   7.48009E-001   1.87516E+001
   7.63119E-001   1.79281E+001
   7.78536E-001   1.71391E+001
   7.94263E-001   1.63830E+001
   8.10308E-001   1.56587E+001
   8.26677E-001   1.49651E+001
   8.43378E-001   1.43010E+001
   8.60415E-001   1.36649E+001
   8.77797E-001   1.30560E+001
   8.95529E-001   1.24731E+001
   9.13620E-001   1.19152E+001
   9.32076E-001   1.13813E+001
   9.50906E-001   1.08703E+001
   9.70115E-001   1.03814E+001
   9.89713E-001   9.91364E+000
   1.00971E+000   9.46612E+000
   1.03010E+000   9.03801E+000
   1.05091E+000   8.62852E+000
   1.07214E+000   8.23688E+000
   1.09380E+000   7.86236E+000
   1.11590E+000   7.50427E+000
   1.13844E+000   7.16193E+000
   1.16144E+000   6.83467E+000
   1.18490E+000   6.52186E+000
   1.20884E+000   6.22288E+000
   1.23326E+000   5.93714E+000
   1.25817E+000   5.66406E+000
   1.28359E+000   5.40312E+000
   1.30952E+000   5.15380E+000
   1.33597E+000   4.91562E+000
   1.36296E+000   4.68810E+000
   1.39049E+000   4.47079E+000
   1.41858E+000   4.26325E+000
   1.44724E+000   4.06505E+000
   1.47648E+000   3.87579E+000
   1.50630E+000   3.69506E+000
   1.53673E+000   3.52250E+000
   1.56778E+000   3.35777E+000
   1.59945E+000   3.20052E+000
   1.63176E+000   3.05044E+000
   1.66472E+000   2.90720E+000
   1.69835E+000   2.77049E+000
   1.73266E+000   2.64003E+000
   1.76766E+000   2.51554E+000
   1.80337E+000   2.39677E+000
   1.83980E+000   2.28346E+000
   1.87697E+000   2.17537E+000
   1.91489E+000   2.07226E+000
   1.95357E+000   1.97391E+000
   1.99304E+000   1.88011E+000
   2.03330E+000   1.79065E+000
   2.07437E+000   1.70534E+000
   2.11628E+000   1.62401E+000
   2.15903E+000   1.54645E+000
   2.20265E+000   1.47251E+000
   2.24714E+000   1.40202E+000
   2.29254E+000   1.33483E+000
   2.33885E+000   1.27078E+000
   2.38610E+000   1.20973E+000
   2.43430E+000   1.15155E+000
   2.48348E+000   1.09611E+000
   2.53365E+000   1.04327E+000
   2.58483E+000   9.92930E-001
   2.63705E+000   9.44963E-001
   2.69032E+000   8.99263E-001
   2.74466E+000   8.55726E-001
   2.80011E+000   8.14252E-001
   2.85668E+000   7.74747E-001
   2.91439E+000   7.37119E-001
   2.97326E+000   7.01281E-001
   3.03332E+000   6.67150E-001
   3.09460E+000   6.34647E-001
   3.15712E+000   6.03696E-001
   3.22090E+000   5.74225E-001
   3.28596E+000   5.46165E-001
   3.35234E+000   5.19450E-001
   3.42006E+000   4.94016E-001
   3.48916E+000   4.69804E-001
   3.55964E+000   4.46757E-001
   3.63155E+000   4.24820E-001
   3.70491E+000   4.03940E-001
   3.77976E+000   3.84068E-001
   3.85611E+000   3.65156E-001
   3.93401E+000   3.47159E-001
   4.01348E+000   3.30033E-001
   4.09456E+000   3.13737E-001
   4.17727E+000   2.98232E-001
   4.26166E+000   2.83481E-001
   4.34775E+000   2.69446E-001
   4.43558E+000   2.56095E-001
   4.52519E+000   2.43395E-001
   4.61660E+000   2.31314E-001
   4.70987E+000   2.19823E-001
   4.80501E+000   2.08893E-001
   4.90208E+000   1.98498E-001
   5.00111E+000   1.88613E-001
   5.10214E+000   1.79212E-001
   5.20521E+000   1.70272E-001
   5.31036E+000   1.61772E-001
   5.41763E+000   1.53689E-001
   5.52708E+000   1.46004E-001
   5.63873E+000   1.38698E-001
   5.75264E+000   1.31751E-001
   5.86885E+000   1.25148E-001
   5.98741E+000   1.18871E-001
   6.10836E+000   1.12904E-001
   6.23176E+000   1.07232E-001
   6.35765E+000   1.01841E-001
   6.48609E+000   9.67178E-002
   6.61711E+000   9.18484E-002
   6.75079E+000   8.72207E-002
   6.88716E+000   8.28231E-002
   7.02629E+000   7.86441E-002
   7.16823E+000   7.46732E-002
   7.31304E+000   7.09001E-002
   7.46077E+000   6.73152E-002
   7.61149E+000   6.39091E-002
   7.76525E+000   6.06732E-002
   7.92212E+000   5.75990E-002
   8.08217E+000   5.46785E-002
   8.24543E+000   5.19043E-002
   8.41200E+000   4.92690E-002
   8.58193E+000   4.67659E-002
   8.75530E+000   4.43884E-002
   8.93217E+000   4.21303E-002
   9.11261E+000   3.99856E-002
   9.29670E+000   3.79489E-002
   9.48451E+000   3.60146E-002
   9.67610E+000   3.41777E-002
   9.87158E+000   3.24334E-002
   1.00710E+001   3.07772E-002
   1.02744E+001   2.92045E-002
   1.04820E+001   2.77112E-002
   1.06938E+001   2.62935E-002
   1.09098E+001   2.49474E-002
   1.11302E+001   2.36695E-002
   1.13550E+001   2.24563E-002
   1.15844E+001   2.13046E-002
   1.18184E+001   2.02113E-002
   1.20572E+001   1.91735E-002
   1.23007E+001   1.81884E-002
   1.25492E+001   1.72534E-002
   1.28027E+001   1.63660E-002
   1.30614E+001   1.55237E-002
   1.33252E+001   1.47243E-002
   1.35944E+001   1.39656E-002
   1.38691E+001   1.32456E-002
   1.41492E+001   1.25624E-002
   1.44351E+001   1.19140E-002
   1.47267E+001   1.12986E-002
   1.50242E+001   1.07149E-002
