#           k/h    P           
   1.00000E-004   2.03286E+002
   1.02020E-004   2.07225E+002
   1.04081E-004   2.11240E+002
   1.06184E-004   2.15332E+002
   1.08329E-004   2.19504E+002
   1.10517E-004   2.23756E+002
   1.12750E-004   2.28091E+002
   1.15027E-004   2.32510E+002
   1.17351E-004   2.37014E+002
   1.19722E-004   2.41605E+002
   1.22140E-004   2.46285E+002
   1.24608E-004   2.51055E+002
   1.27125E-004   2.55918E+002
   1.29693E-004   2.60875E+002
   1.32313E-004   2.65927E+002
   1.34986E-004   2.71077E+002
   1.37713E-004   2.76327E+002
   1.40495E-004   2.81678E+002
   1.43333E-004   2.87133E+002
   1.46228E-004   2.92692E+002
   1.49182E-004   2.98360E+002
   1.52196E-004   3.04137E+002
   1.55271E-004   3.10025E+002
   1.58407E-004   3.16027E+002
   1.61607E-004   3.22145E+002
   1.64872E-004   3.28381E+002
   1.68203E-004   3.34737E+002
   1.71601E-004   3.41216E+002
   1.75067E-004   3.47820E+002
   1.78604E-004   3.54551E+002
   1.82212E-004   3.61412E+002
   1.85893E-004   3.68406E+002
   1.89648E-004   3.75534E+002
   1.93479E-004   3.82800E+002
   1.97388E-004   3.90205E+002
   2.01375E-004   3.97754E+002
   2.05443E-004   4.05447E+002
   2.09594E-004   4.13289E+002
   2.13828E-004   4.21282E+002
   2.18147E-004   4.29428E+002
   2.22554E-004   4.37731E+002
   2.27050E-004   4.46194E+002
   2.31637E-004   4.54819E+002
   2.36316E-004   4.63611E+002
   2.41090E-004   4.72571E+002
   2.45960E-004   4.81703E+002
   2.50929E-004   4.91011E+002
   2.55998E-004   5.00497E+002
   2.61170E-004   5.10165E+002
   2.66446E-004   5.20019E+002
   2.71828E-004   5.30061E+002
   2.77319E-004   5.40296E+002
   2.82922E-004   5.50727E+002
   2.88637E-004   5.61357E+002
   2.94468E-004   5.72191E+002
   3.00417E-004   5.83232E+002
   3.06485E-004   5.94484E+002
   3.12677E-004   6.05951E+002
   3.18993E-004   6.17637E+002
   3.25437E-004   6.29545E+002
   3.32012E-004   6.41681E+002
   3.38719E-004   6.54048E+002
   3.45561E-004   6.66651E+002
   3.52542E-004   6.79493E+002
   3.59664E-004   6.92580E+002
   3.66930E-004   7.05915E+002
   3.74342E-004   7.19504E+002
   3.81904E-004   7.33351E+002
   3.89619E-004   7.47460E+002
   3.97490E-004   7.61836E+002
   4.05520E-004   7.76484E+002
   4.13712E-004   7.91410E+002
   4.22070E-004   8.06617E+002
   4.30596E-004   8.22112E+002
   4.39295E-004   8.37899E+002
   4.48169E-004   8.53983E+002
   4.57222E-004   8.70370E+002
   4.66459E-004   8.87065E+002
   4.75882E-004   9.04073E+002
   4.85496E-004   9.21401E+002
   4.95303E-004   9.39054E+002
   5.05309E-004   9.57036E+002
   5.15517E-004   9.75355E+002
   5.25931E-004   9.94016E+002
   5.36556E-004   1.01303E+003
   5.47395E-004   1.03239E+003
   5.58453E-004   1.05211E+003
   5.69734E-004   1.07220E+003
   5.81244E-004   1.09266E+003
   5.92986E-004   1.11350E+003
   6.04965E-004   1.13473E+003
   6.17186E-004   1.15635E+003
   6.29654E-004   1.17836E+003
   6.42374E-004   1.20078E+003
   6.55350E-004   1.22362E+003
   6.68589E-004   1.24687E+003
   6.82096E-004   1.27054E+003
   6.95875E-004   1.29465E+003
   7.09933E-004   1.31920E+003
   7.24274E-004   1.34420E+003
   7.38906E-004   1.36965E+003
   7.53832E-004   1.39556E+003
   7.69061E-004   1.42193E+003
   7.84597E-004   1.44879E+003
   8.00447E-004   1.47613E+003
   8.16617E-004   1.50396E+003
   8.33114E-004   1.53229E+003
   8.49944E-004   1.56112E+003
   8.67114E-004   1.59047E+003
   8.84631E-004   1.62034E+003
   9.02501E-004   1.65074E+003
   9.20733E-004   1.68168E+003
   9.39333E-004   1.71317E+003
   9.58309E-004   1.74521E+003
   9.77668E-004   1.77781E+003
   9.97418E-004   1.81099E+003
   1.01757E-003   1.84474E+003
   1.03812E-003   1.87908E+003
   1.05910E-003   1.91402E+003
   1.08049E-003   1.94956E+003
   1.10232E-003   1.98571E+003
   1.12459E-003   2.02248E+003
   1.14730E-003   2.05988E+003
   1.17048E-003   2.09792E+003
   1.19413E-003   2.13661E+003
   1.21825E-003   2.17595E+003
   1.24286E-003   2.21596E+003
   1.26797E-003   2.25664E+003
   1.29358E-003   2.29799E+003
   1.31971E-003   2.34004E+003
   1.34637E-003   2.38279E+003
   1.37357E-003   2.42623E+003
   1.40132E-003   2.47040E+003
   1.42963E-003   2.51529E+003
   1.45851E-003   2.56090E+003
   1.48797E-003   2.60726E+003
   1.51803E-003   2.65436E+003
   1.54870E-003   2.70222E+003
   1.57998E-003   2.75084E+003
   1.61190E-003   2.80023E+003
   1.64446E-003   2.85039E+003
   1.67768E-003   2.90135E+003
   1.71158E-003   2.95309E+003
   1.74615E-003   3.00564E+003
   1.78143E-003   3.05899E+003
   1.81741E-003   3.11316E+003
   1.85413E-003   3.16815E+003
   1.89158E-003   3.22397E+003
   1.92980E-003   3.28062E+003
   1.96878E-003   3.33810E+003
   2.00855E-003   3.39644E+003
   2.04913E-003   3.45562E+003
   2.09052E-003   3.51566E+003
   2.13276E-003   3.57657E+003
   2.17584E-003   3.63833E+003
   2.21979E-003   3.70097E+003
   2.26464E-003   3.76448E+003
   2.31039E-003   3.82887E+003
   2.35706E-003   3.89414E+003
   2.40467E-003   3.96029E+003
   2.45325E-003   4.02733E+003
   2.50281E-003   4.09525E+003
   2.55337E-003   4.16406E+003
   2.60495E-003   4.23377E+003
   2.65758E-003   4.30436E+003
   2.71126E-003   4.37584E+003
   2.76603E-003   4.44822E+003
   2.82191E-003   4.52148E+003
   2.87892E-003   4.59562E+003
   2.93708E-003   4.67066E+003
   2.99641E-003   4.74657E+003
   3.05694E-003   4.82336E+003
   3.11870E-003   4.90102E+003
   3.18170E-003   4.97955E+003
   3.24597E-003   5.05894E+003
   3.31155E-003   5.13918E+003
   3.37844E-003   5.22027E+003
   3.44669E-003   5.30220E+003
   3.51632E-003   5.38496E+003
   3.58735E-003   5.46854E+003
   3.65982E-003   5.55293E+003
   3.73376E-003   5.63811E+003
   3.80918E-003   5.72408E+003
   3.88613E-003   5.81081E+003
   3.96464E-003   5.89830E+003
   4.04473E-003   5.98652E+003
   4.12644E-003   6.07547E+003
   4.20980E-003   6.16511E+003
   4.29484E-003   6.25543E+003
   4.38160E-003   6.34642E+003
   4.47012E-003   6.43804E+003
   4.56042E-003   6.53027E+003
   4.65255E-003   6.62309E+003
   4.74653E-003   6.71647E+003
   4.84242E-003   6.81038E+003
   4.94024E-003   6.90479E+003
   5.04004E-003   6.99968E+003
   5.14186E-003   7.09500E+003
   5.24573E-003   7.19074E+003
   5.35170E-003   7.28683E+003
   5.45981E-003   7.38327E+003
   5.57011E-003   7.47999E+003
   5.68263E-003   7.57697E+003
   5.79743E-003   7.67415E+003
   5.91455E-003   7.77150E+003
   6.03403E-003   7.86897E+003
   6.15592E-003   7.96651E+003
   6.28028E-003   8.06407E+003
   6.40715E-003   8.16159E+003
   6.53658E-003   8.25903E+003
   6.66863E-003   8.35632E+003
   6.80335E-003   8.45341E+003
   6.94078E-003   8.55024E+003
   7.08100E-003   8.64673E+003
   7.22404E-003   8.74284E+003
   7.36998E-003   8.83848E+003
   7.51886E-003   8.93360E+003
   7.67075E-003   9.02811E+003
   7.82571E-003   9.12195E+003
   7.98380E-003   9.21503E+003
   8.14509E-003   9.30729E+003
   8.30963E-003   9.39863E+003
   8.47750E-003   9.48897E+003
   8.64875E-003   9.57824E+003
   8.82347E-003   9.66633E+003
   9.00171E-003   9.75317E+003
   9.18356E-003   9.83864E+003
   9.36908E-003   9.92267E+003
   9.55835E-003   1.00051E+004
   9.75144E-003   1.00860E+004
   9.94843E-003   1.01651E+004
   1.01494E-002   1.02423E+004
   1.03544E-002   1.03176E+004
   1.05636E-002   1.03907E+004
   1.07770E-002   1.04618E+004
   1.09947E-002   1.05305E+004
   1.12168E-002   1.05968E+004
   1.14434E-002   1.06606E+004
   1.16746E-002   1.07218E+004
   1.19104E-002   1.07802E+004
   1.21510E-002   1.08357E+004
   1.23965E-002   1.08883E+004
   1.26469E-002   1.09377E+004
   1.29024E-002   1.09839E+004
   1.31631E-002   1.10268E+004
   1.34290E-002   1.10661E+004
   1.37003E-002   1.11019E+004
   1.39770E-002   1.11339E+004
   1.42594E-002   1.11621E+004
   1.45474E-002   1.11864E+004
   1.48413E-002   1.12066E+004
   1.51411E-002   1.12226E+004
   1.54470E-002   1.12343E+004
   1.57590E-002   1.12416E+004
   1.60774E-002   1.12443E+004
   1.64022E-002   1.12425E+004
   1.67335E-002   1.12360E+004
   1.70716E-002   1.12246E+004
   1.74164E-002   1.12084E+004
   1.77683E-002   1.11872E+004
   1.81272E-002   1.11610E+004
   1.84934E-002   1.11297E+004
   1.88670E-002   1.10932E+004
   1.92481E-002   1.10514E+004
   1.96370E-002   1.10045E+004
   2.00337E-002   1.09523E+004
   2.04384E-002   1.08947E+004
   2.08513E-002   1.08319E+004
   2.12725E-002   1.07638E+004
   2.17022E-002   1.06905E+004
   2.21406E-002   1.06119E+004
   2.25879E-002   1.05281E+004
   2.30442E-002   1.04392E+004
   2.35097E-002   1.03454E+004
   2.39847E-002   1.02466E+004
   2.44692E-002   1.01430E+004
   2.49635E-002   1.00347E+004
   2.54678E-002   9.92201E+003
   2.59823E-002   9.80497E+003
   2.65072E-002   9.68383E+003
   2.70426E-002   9.55880E+003
   2.75889E-002   9.43012E+003
   2.81463E-002   9.29806E+003
   2.87149E-002   9.16288E+003
   2.92949E-002   9.02491E+003
   2.98867E-002   8.88444E+003
   3.04905E-002   8.74181E+003
   3.11064E-002   8.59737E+003
   3.17348E-002   8.45149E+003
   3.23759E-002   8.30454E+003
   3.30299E-002   8.15690E+003
   3.36972E-002   8.00898E+003
   3.43779E-002   7.86117E+003
   3.50724E-002   7.71388E+003
   3.57809E-002   7.56750E+003
   3.65038E-002   7.42243E+003
   3.72412E-002   7.27907E+003
   3.79935E-002   7.13779E+003
   3.87610E-002   6.99897E+003
   3.95440E-002   6.86294E+003
   4.03429E-002   6.73003E+003
   4.11579E-002   6.60055E+003
   4.19893E-002   6.47475E+003
   4.28375E-002   6.35288E+003
   4.37029E-002   6.23513E+003
   4.45858E-002   6.12165E+003
   4.54865E-002   6.01255E+003
   4.64053E-002   5.90788E+003
   4.73428E-002   5.80767E+003
   4.82992E-002   5.71187E+003
   4.92749E-002   5.62037E+003
   5.02703E-002   5.53301E+003
   5.12858E-002   5.44958E+003
   5.23219E-002   5.36979E+003
   5.33789E-002   5.29330E+003
   5.44572E-002   5.21972E+003
   5.55573E-002   5.14857E+003
   5.66796E-002   5.07933E+003
   5.78246E-002   5.01144E+003
   5.89927E-002   4.94427E+003
   6.01845E-002   4.87716E+003
   6.14003E-002   4.80943E+003
   6.26407E-002   4.74040E+003
   6.39061E-002   4.66938E+003
   6.51971E-002   4.59572E+003
   6.65142E-002   4.51881E+003
   6.78578E-002   4.43813E+003
   6.92287E-002   4.35323E+003
   7.06272E-002   4.26381E+003
   7.20539E-002   4.16967E+003
   7.35095E-002   4.07079E+003
   7.49945E-002   3.96729E+003
   7.65095E-002   3.85948E+003
   7.80551E-002   3.74783E+003
   7.96319E-002   3.63299E+003
   8.12406E-002   3.51578E+003
   8.28817E-002   3.39713E+003
   8.45561E-002   3.27811E+003
   8.62642E-002   3.15987E+003
   8.80068E-002   3.04359E+003
   8.97847E-002   2.93045E+003
   9.15985E-002   2.82156E+003
   9.34489E-002   2.71795E+003
   9.53367E-002   2.62051E+003
   9.72626E-002   2.52993E+003
   9.92274E-002   2.44671E+003
   1.01232E-001   2.37112E+003
   1.03277E-001   2.30317E+003
   1.05363E-001   2.24260E+003
   1.07492E-001   2.18888E+003
   1.09663E-001   2.14123E+003
   1.11879E-001   2.09862E+003
   1.14139E-001   2.05980E+003
   1.16445E-001   2.02337E+003
   1.18797E-001   1.98783E+003
   1.21197E-001   1.95167E+003
   1.23645E-001   1.91348E+003
   1.26143E-001   1.87202E+003
   1.28691E-001   1.82636E+003
   1.31291E-001   1.77595E+003
   1.33943E-001   1.72071E+003
   1.36649E-001   1.66102E+003
   1.39409E-001   1.59775E+003
   1.42226E-001   1.53216E+003
   1.45099E-001   1.46578E+003
   1.48030E-001   1.40031E+003
   1.51020E-001   1.33741E+003
   1.54071E-001   1.27859E+003
   1.57184E-001   1.22501E+003
   1.60359E-001   1.17744E+003
   1.63598E-001   1.13614E+003
   1.66903E-001   1.10087E+003
   1.70275E-001   1.07087E+003
   1.73715E-001   1.04496E+003
   1.77224E-001   1.02163E+003
   1.80804E-001   9.99238E+002
   1.84457E-001   9.76147E+002
   1.88183E-001   9.50992E+002
   1.91985E-001   9.22861E+002
   1.95863E-001   8.91442E+002
   1.99820E-001   8.57069E+002
   2.03856E-001   8.20670E+002
   2.07974E-001   7.83589E+002
   2.12176E-001   7.47346E+002
   2.16462E-001   7.13360E+002
   2.20835E-001   6.82707E+002
   2.25296E-001   6.55947E+002
   2.29847E-001   6.33042E+002
   2.34490E-001   6.13387E+002
   2.39227E-001   5.95933E+002
   2.44060E-001   5.79407E+002
   2.48990E-001   5.62575E+002
   2.54020E-001   5.44518E+002
   2.59152E-001   5.24836E+002
   2.64387E-001   5.03719E+002
   2.69728E-001   4.81869E+002
   2.75177E-001   4.60273E+002
   2.80736E-001   4.39910E+002
   2.86407E-001   4.21481E+002
   2.92193E-001   4.05225E+002
   2.98096E-001   3.90893E+002
   3.04118E-001   3.77850E+002
   3.10261E-001   3.65296E+002
   3.16529E-001   3.52538E+002
   3.22923E-001   3.39208E+002
   3.29447E-001   3.25362E+002
   3.36102E-001   3.11414E+002
   3.42892E-001   2.97930E+002
   3.49819E-001   2.85388E+002
   3.56885E-001   2.73989E+002
   3.64095E-001   2.63602E+002
   3.71450E-001   2.53859E+002
   3.78954E-001   2.44341E+002
   3.86609E-001   2.34771E+002
   3.94419E-001   2.25121E+002
   4.02387E-001   2.15586E+002
   4.10516E-001   2.06445E+002
   4.18809E-001   1.97890E+002
   4.27269E-001   1.89934E+002
   4.35901E-001   1.82426E+002
   4.44706E-001   1.75163E+002
   4.53690E-001   1.68013E+002
   4.62855E-001   1.60979E+002
   4.72206E-001   1.54164E+002
   4.81745E-001   1.47678E+002
   4.91477E-001   1.41553E+002
   5.01405E-001   1.35731E+002
   5.11534E-001   1.30121E+002
   5.21868E-001   1.24667E+002
   5.32411E-001   1.19379E+002
   5.43166E-001   1.14301E+002
   5.54139E-001   1.09460E+002
   5.65333E-001   1.04842E+002
   5.76753E-001   1.00409E+002
   5.88404E-001   9.61316E+001
   6.00291E-001   9.20098E+001
   6.12418E-001   8.80574E+001
   6.24789E-001   8.42783E+001
   6.37411E-001   8.06595E+001
   6.50288E-001   7.71836E+001
   6.63424E-001   7.38429E+001
   6.76826E-001   7.06387E+001
   6.90499E-001   6.75706E+001
   7.04448E-001   6.46315E+001
   7.18679E-001   6.18127E+001
   7.33197E-001   5.91091E+001
   7.48009E-001   5.65183E+001
   7.63119E-001   5.40369E+001
   7.78536E-001   5.16594E+001
   7.94263E-001   4.93809E+001
   8.10308E-001   4.71982E+001
   8.26677E-001   4.51080E+001
   8.43378E-001   4.31064E+001
   8.60415E-001   4.11895E+001
   8.77797E-001   3.93541E+001
   8.95529E-001   3.75974E+001
   9.13620E-001   3.59159E+001
   9.32076E-001   3.43066E+001
   9.50906E-001   3.27665E+001
   9.70115E-001   3.12928E+001
   9.89713E-001   2.98829E+001
   1.00971E+000   2.85339E+001
   1.03010E+000   2.72434E+001
   1.05091E+000   2.60091E+001
   1.07214E+000   2.48285E+001
   1.09380E+000   2.36995E+001
   1.11590E+000   2.26201E+001
   1.13844E+000   2.15881E+001
   1.16144E+000   2.06015E+001
   1.18490E+000   1.96585E+001
   1.20884E+000   1.87572E+001
   1.23326E+000   1.78958E+001
   1.25817E+000   1.70726E+001
   1.28359E+000   1.62860E+001
   1.30952E+000   1.55344E+001
   1.33597E+000   1.48163E+001
   1.36296E+000   1.41304E+001
   1.39049E+000   1.34753E+001
   1.41858E+000   1.28497E+001
   1.44724E+000   1.22522E+001
   1.47648E+000   1.16816E+001
   1.50630E+000   1.11368E+001
   1.53673E+000   1.06166E+001
   1.56778E+000   1.01200E+001
   1.59945E+000   9.64592E+000
   1.63176E+000   9.19348E+000
   1.66472E+000   8.76166E+000
   1.69835E+000   8.34956E+000
   1.73266E+000   7.95629E+000
   1.76766E+000   7.58102E+000
   1.80337E+000   7.22298E+000
   1.83980E+000   6.88140E+000
   1.87697E+000   6.55556E+000
   1.91489E+000   6.24475E+000
   1.95357E+000   5.94829E+000
   1.99304E+000   5.66554E+000
   2.03330E+000   5.39589E+000
   2.07437E+000   5.13876E+000
   2.11628E+000   4.89358E+000
   2.15903E+000   4.65982E+000
   2.20265E+000   4.43695E+000
   2.24714E+000   4.22448E+000
   2.29254E+000   4.02195E+000
   2.33885E+000   3.82891E+000
   2.38610E+000   3.64492E+000
   2.43430E+000   3.46956E+000
   2.48348E+000   3.30245E+000
   2.53365E+000   3.14322E+000
   2.58483E+000   2.99149E+000
   2.63705E+000   2.84692E+000
   2.69032E+000   2.70920E+000
   2.74466E+000   2.57799E+000
   2.80011E+000   2.45300E+000
   2.85668E+000   2.33395E+000
   2.91439E+000   2.22055E+000
   2.97326E+000   2.11255E+000
   3.03332E+000   2.00970E+000
   3.09460E+000   1.91176E+000
   3.15712E+000   1.81849E+000
   3.22090E+000   1.72969E+000
   3.28596E+000   1.64513E+000
   3.35234E+000   1.56463E+000
   3.42006E+000   1.48800E+000
   3.48916E+000   1.41505E+000
   3.55964E+000   1.34560E+000
   3.63155E+000   1.27951E+000
   3.70491E+000   1.21660E+000
   3.77976E+000   1.15672E+000
   3.85611E+000   1.09975E+000
   3.93401E+000   1.04552E+000
   4.01348E+000   9.93929E-001
   4.09456E+000   9.44835E-001
   4.17727E+000   8.98125E-001
   4.26166E+000   8.53685E-001
   4.34775E+000   8.11407E-001
   4.43558E+000   7.71187E-001
   4.52519E+000   7.32929E-001
   4.61660E+000   6.96537E-001
   4.70987E+000   6.61923E-001
   4.80501E+000   6.29001E-001
   4.90208E+000   5.97690E-001
   5.00111E+000   5.67914E-001
   5.10214E+000   5.39598E-001
   5.20521E+000   5.12672E-001
   5.31036E+000   4.87068E-001
   5.41763E+000   4.62724E-001
   5.52708E+000   4.39579E-001
   5.63873E+000   4.17574E-001
   5.75264E+000   3.96654E-001
   5.86885E+000   3.76767E-001
   5.98741E+000   3.57863E-001
   6.10836E+000   3.39893E-001
   6.23176E+000   3.22813E-001
   6.35765E+000   3.06579E-001
   6.48609E+000   2.91150E-001
   6.61711E+000   2.76487E-001
   6.75079E+000   2.62552E-001
   6.88716E+000   2.49310E-001
   7.02629E+000   2.36727E-001
   7.16823E+000   2.24770E-001
   7.31304E+000   2.13409E-001
   7.46077E+000   2.02615E-001
   7.61149E+000   1.92360E-001
   7.76525E+000   1.82617E-001
   7.92212E+000   1.73361E-001
   8.08217E+000   1.64569E-001
   8.24543E+000   1.56217E-001
   8.41200E+000   1.48283E-001
   8.58193E+000   1.40747E-001
   8.75530E+000   1.33590E-001
   8.93217E+000   1.26792E-001
   9.11261E+000   1.20336E-001
   9.29670E+000   1.14204E-001
   9.48451E+000   1.08382E-001
   9.67610E+000   1.02852E-001
   9.87158E+000   9.76017E-002
   1.00710E+001   9.26162E-002
   1.02744E+001   8.78823E-002
   1.04820E+001   8.33877E-002
   1.06938E+001   7.91203E-002
   1.09098E+001   7.50689E-002
   1.11302E+001   7.12226E-002
   1.13550E+001   6.75711E-002
   1.15844E+001   6.41049E-002
   1.18184E+001   6.08145E-002
   1.20572E+001   5.76912E-002
   1.23007E+001   5.47265E-002
   1.25492E+001   5.19126E-002
   1.28027E+001   4.92419E-002
   1.30614E+001   4.67072E-002
   1.33252E+001   4.43015E-002
   1.35944E+001   4.20185E-002
   1.38691E+001   3.98520E-002
   1.41492E+001   3.77960E-002
   1.44351E+001   3.58450E-002
   1.47267E+001   3.39935E-002
   1.50242E+001   3.22370E-002
