#           k/h    P           
   1.00000E-004   3.24736E+002
   1.02020E-004   3.31027E+002
   1.04081E-004   3.37440E+002
   1.06184E-004   3.43978E+002
   1.08329E-004   3.50641E+002
   1.10517E-004   3.57434E+002
   1.12750E-004   3.64358E+002
   1.15027E-004   3.71416E+002
   1.17351E-004   3.78611E+002
   1.19722E-004   3.85944E+002
   1.22140E-004   3.93420E+002
   1.24608E-004   4.01040E+002
   1.27125E-004   4.08807E+002
   1.29693E-004   4.16725E+002
   1.32313E-004   4.24795E+002
   1.34986E-004   4.33022E+002
   1.37713E-004   4.41407E+002
   1.40495E-004   4.49955E+002
   1.43333E-004   4.58667E+002
   1.46228E-004   4.67548E+002
   1.49182E-004   4.76601E+002
   1.52196E-004   4.85828E+002
   1.55271E-004   4.95233E+002
   1.58407E-004   5.04820E+002
   1.61607E-004   5.14592E+002
   1.64872E-004   5.24553E+002
   1.68203E-004   5.34706E+002
   1.71601E-004   5.45054E+002
   1.75067E-004   5.55603E+002
   1.78604E-004   5.66354E+002
   1.82212E-004   5.77313E+002
   1.85893E-004   5.88483E+002
   1.89648E-004   5.99869E+002
   1.93479E-004   6.11473E+002
   1.97388E-004   6.23302E+002
   2.01375E-004   6.35358E+002
   2.05443E-004   6.47646E+002
   2.09594E-004   6.60170E+002
   2.13828E-004   6.72936E+002
   2.18147E-004   6.85947E+002
   2.22554E-004   6.99209E+002
   2.27050E-004   7.12725E+002
   2.31637E-004   7.26501E+002
   2.36316E-004   7.40542E+002
   2.41090E-004   7.54852E+002
   2.45960E-004   7.69437E+002
   2.50929E-004   7.84302E+002
   2.55998E-004   7.99452E+002
   2.61170E-004   8.14892E+002
   2.66446E-004   8.30629E+002
   2.71828E-004   8.46667E+002
   2.77319E-004   8.63012E+002
   2.82922E-004   8.79670E+002
   2.88637E-004   8.96646E+002
   2.94468E-004   9.13948E+002
   3.00417E-004   9.31579E+002
   3.06485E-004   9.49548E+002
   3.12677E-004   9.67860E+002
   3.18993E-004   9.86521E+002
   3.25437E-004   1.00554E+003
   3.32012E-004   1.02492E+003
   3.38719E-004   1.04466E+003
   3.45561E-004   1.06479E+003
   3.52542E-004   1.08530E+003
   3.59664E-004   1.10619E+003
   3.66930E-004   1.12749E+003
   3.74342E-004   1.14918E+003
   3.81904E-004   1.17129E+003
   3.89619E-004   1.19382E+003
   3.97490E-004   1.21677E+003
   4.05520E-004   1.24016E+003
   4.13712E-004   1.26399E+003
   4.22070E-004   1.28827E+003
   4.30596E-004   1.31301E+003
   4.39295E-004   1.33822E+003
   4.48169E-004   1.36390E+003
   4.57222E-004   1.39006E+003
   4.66459E-004   1.41671E+003
   4.75882E-004   1.44387E+003
   4.85496E-004   1.47153E+003
   4.95303E-004   1.49971E+003
   5.05309E-004   1.52842E+003
   5.15517E-004   1.55766E+003
   5.25931E-004   1.58745E+003
   5.36556E-004   1.61780E+003
   5.47395E-004   1.64871E+003
   5.58453E-004   1.68019E+003
   5.69734E-004   1.71226E+003
   5.81244E-004   1.74492E+003
   5.92986E-004   1.77819E+003
   6.04965E-004   1.81207E+003
   6.17186E-004   1.84658E+003
   6.29654E-004   1.88172E+003
   6.42374E-004   1.91751E+003
   6.55350E-004   1.95395E+003
   6.68589E-004   1.99106E+003
   6.82096E-004   2.02886E+003
   6.95875E-004   2.06734E+003
   7.09933E-004   2.10652E+003
   7.24274E-004   2.14642E+003
   7.38906E-004   2.18704E+003
   7.53832E-004   2.22839E+003
   7.69061E-004   2.27049E+003
   7.84597E-004   2.31336E+003
   8.00447E-004   2.35699E+003
   8.16617E-004   2.40141E+003
   8.33114E-004   2.44663E+003
   8.49944E-004   2.49265E+003
   8.67114E-004   2.53949E+003
   8.84631E-004   2.58717E+003
   9.02501E-004   2.63570E+003
   9.20733E-004   2.68508E+003
   9.39333E-004   2.73533E+003
   9.58309E-004   2.78647E+003
   9.77668E-004   2.83851E+003
   9.97418E-004   2.89146E+003
   1.01757E-003   2.94534E+003
   1.03812E-003   3.00015E+003
   1.05910E-003   3.05591E+003
   1.08049E-003   3.11264E+003
   1.10232E-003   3.17034E+003
   1.12459E-003   3.22904E+003
   1.14730E-003   3.28874E+003
   1.17048E-003   3.34946E+003
   1.19413E-003   3.41122E+003
   1.21825E-003   3.47402E+003
   1.24286E-003   3.53787E+003
   1.26797E-003   3.60280E+003
   1.29358E-003   3.66882E+003
   1.31971E-003   3.73594E+003
   1.34637E-003   3.80417E+003
   1.37357E-003   3.87352E+003
   1.40132E-003   3.94402E+003
   1.42963E-003   4.01567E+003
   1.45851E-003   4.08849E+003
   1.48797E-003   4.16248E+003
   1.51803E-003   4.23767E+003
   1.54870E-003   4.31406E+003
   1.57998E-003   4.39167E+003
   1.61190E-003   4.47051E+003
   1.64446E-003   4.55059E+003
   1.67768E-003   4.63193E+003
   1.71158E-003   4.71453E+003
   1.74615E-003   4.79841E+003
   1.78143E-003   4.88357E+003
   1.81741E-003   4.97004E+003
   1.85413E-003   5.05782E+003
   1.89158E-003   5.14691E+003
   1.92980E-003   5.23734E+003
   1.96878E-003   5.32911E+003
   2.00855E-003   5.42223E+003
   2.04913E-003   5.51671E+003
   2.09052E-003   5.61255E+003
   2.13276E-003   5.70977E+003
   2.17584E-003   5.80837E+003
   2.21979E-003   5.90836E+003
   2.26464E-003   6.00974E+003
   2.31039E-003   6.11252E+003
   2.35706E-003   6.21671E+003
   2.40467E-003   6.32231E+003
   2.45325E-003   6.42932E+003
   2.50281E-003   6.53775E+003
   2.55337E-003   6.64760E+003
   2.60495E-003   6.75887E+003
   2.65758E-003   6.87156E+003
   2.71126E-003   6.98567E+003
   2.76603E-003   7.10120E+003
   2.82191E-003   7.21815E+003
   2.87892E-003   7.33651E+003
   2.93708E-003   7.45629E+003
   2.99641E-003   7.57747E+003
   3.05694E-003   7.70005E+003
   3.11870E-003   7.82402E+003
   3.18170E-003   7.94938E+003
   3.24597E-003   8.07611E+003
   3.31155E-003   8.20421E+003
   3.37844E-003   8.33366E+003
   3.44669E-003   8.46445E+003
   3.51632E-003   8.59656E+003
   3.58735E-003   8.72998E+003
   3.65982E-003   8.86469E+003
   3.73376E-003   9.00068E+003
   3.80918E-003   9.13791E+003
   3.88613E-003   9.27637E+003
   3.96464E-003   9.41603E+003
   4.04473E-003   9.55686E+003
   4.12644E-003   9.69885E+003
   4.20980E-003   9.84195E+003
   4.29484E-003   9.98614E+003
   4.38160E-003   1.01314E+004
   4.47012E-003   1.02776E+004
   4.56042E-003   1.04249E+004
   4.65255E-003   1.05730E+004
   4.74653E-003   1.07221E+004
   4.84242E-003   1.08720E+004
   4.94024E-003   1.10227E+004
   5.04004E-003   1.11742E+004
   5.14186E-003   1.13264E+004
   5.24573E-003   1.14792E+004
   5.35170E-003   1.16326E+004
   5.45981E-003   1.17866E+004
   5.57011E-003   1.19410E+004
   5.68263E-003   1.20958E+004
   5.79743E-003   1.22509E+004
   5.91455E-003   1.24063E+004
   6.03403E-003   1.25619E+004
   6.15592E-003   1.27176E+004
   6.28028E-003   1.28734E+004
   6.40715E-003   1.30290E+004
   6.53658E-003   1.31846E+004
   6.66863E-003   1.33399E+004
   6.80335E-003   1.34949E+004
   6.94078E-003   1.36495E+004
   7.08100E-003   1.38035E+004
   7.22404E-003   1.39569E+004
   7.36998E-003   1.41096E+004
   7.51886E-003   1.42614E+004
   7.67075E-003   1.44123E+004
   7.82571E-003   1.45621E+004
   7.98380E-003   1.47107E+004
   8.14509E-003   1.48580E+004
   8.30963E-003   1.50038E+004
   8.47750E-003   1.51480E+004
   8.64875E-003   1.52905E+004
   8.82347E-003   1.54312E+004
   9.00171E-003   1.55698E+004
   9.18356E-003   1.57062E+004
   9.36908E-003   1.58404E+004
   9.55835E-003   1.59720E+004
   9.75144E-003   1.61011E+004
   9.94843E-003   1.62273E+004
   1.01494E-002   1.63506E+004
   1.03544E-002   1.64707E+004
   1.05636E-002   1.65876E+004
   1.07770E-002   1.67010E+004
   1.09947E-002   1.68107E+004
   1.12168E-002   1.69166E+004
   1.14434E-002   1.70184E+004
   1.16746E-002   1.71160E+004
   1.19104E-002   1.72093E+004
   1.21510E-002   1.72980E+004
   1.23965E-002   1.73818E+004
   1.26469E-002   1.74607E+004
   1.29024E-002   1.75345E+004
   1.31631E-002   1.76029E+004
   1.34290E-002   1.76657E+004
   1.37003E-002   1.77228E+004
   1.39770E-002   1.77740E+004
   1.42594E-002   1.78190E+004
   1.45474E-002   1.78577E+004
   1.48413E-002   1.78899E+004
   1.51411E-002   1.79155E+004
   1.54470E-002   1.79342E+004
   1.57590E-002   1.79458E+004
   1.60774E-002   1.79502E+004
   1.64022E-002   1.79473E+004
   1.67335E-002   1.79369E+004
   1.70716E-002   1.79188E+004
   1.74164E-002   1.78929E+004
   1.77683E-002   1.78590E+004
   1.81272E-002   1.78172E+004
   1.84934E-002   1.77671E+004
   1.88670E-002   1.77089E+004
   1.92481E-002   1.76423E+004
   1.96370E-002   1.75673E+004
   2.00337E-002   1.74840E+004
   2.04384E-002   1.73921E+004
   2.08513E-002   1.72919E+004
   2.12725E-002   1.71831E+004
   2.17022E-002   1.70660E+004
   2.21406E-002   1.69406E+004
   2.25879E-002   1.68068E+004
   2.30442E-002   1.66650E+004
   2.35097E-002   1.65151E+004
   2.39847E-002   1.63574E+004
   2.44692E-002   1.61920E+004
   2.49635E-002   1.60192E+004
   2.54678E-002   1.58393E+004
   2.59823E-002   1.56524E+004
   2.65072E-002   1.54591E+004
   2.70426E-002   1.52595E+004
   2.75889E-002   1.50540E+004
   2.81463E-002   1.48432E+004
   2.87149E-002   1.46274E+004
   2.92949E-002   1.44072E+004
   2.98867E-002   1.41829E+004
   3.04905E-002   1.39552E+004
   3.11064E-002   1.37247E+004
   3.17348E-002   1.34918E+004
   3.23759E-002   1.32572E+004
   3.30299E-002   1.30215E+004
   3.36972E-002   1.27854E+004
   3.43779E-002   1.25494E+004
   3.50724E-002   1.23143E+004
   3.57809E-002   1.20806E+004
   3.65038E-002   1.18490E+004
   3.72412E-002   1.16201E+004
   3.79935E-002   1.13946E+004
   3.87610E-002   1.11730E+004
   3.95440E-002   1.09558E+004
   4.03429E-002   1.07437E+004
   4.11579E-002   1.05370E+004
   4.19893E-002   1.03362E+004
   4.28375E-002   1.01416E+004
   4.37029E-002   9.95362E+003
   4.45858E-002   9.77246E+003
   4.54865E-002   9.59830E+003
   4.64053E-002   9.43122E+003
   4.73428E-002   9.27124E+003
   4.82992E-002   9.11830E+003
   4.92749E-002   8.97223E+003
   5.02703E-002   8.83277E+003
   5.12858E-002   8.69958E+003
   5.23219E-002   8.57221E+003
   5.33789E-002   8.45011E+003
   5.44572E-002   8.33264E+003
   5.55573E-002   8.21906E+003
   5.66796E-002   8.10854E+003
   5.78246E-002   8.00015E+003
   5.89927E-002   7.89292E+003
   6.01845E-002   7.78579E+003
   6.14003E-002   7.67767E+003
   6.26407E-002   7.56748E+003
   6.39061E-002   7.45410E+003
   6.51971E-002   7.33651E+003
   6.65142E-002   7.21373E+003
   6.78578E-002   7.08493E+003
   6.92287E-002   6.94941E+003
   7.06272E-002   6.80665E+003
   7.20539E-002   6.65637E+003
   7.35095E-002   6.49852E+003
   7.49945E-002   6.33329E+003
   7.65095E-002   6.16118E+003
   7.80551E-002   5.98295E+003
   7.96319E-002   5.79963E+003
   8.12406E-002   5.61251E+003
   8.28817E-002   5.42310E+003
   8.45561E-002   5.23311E+003
   8.62642E-002   5.04435E+003
   8.80068E-002   4.85872E+003
   8.97847E-002   4.67810E+003
   9.15985E-002   4.50427E+003
   9.34489E-002   4.33888E+003
   9.53367E-002   4.18332E+003
   9.72626E-002   4.03873E+003
   9.92274E-002   3.90588E+003
   1.01232E-001   3.78521E+003
   1.03277E-001   3.67673E+003
   1.05363E-001   3.58003E+003
   1.07492E-001   3.49428E+003
   1.09663E-001   3.41822E+003
   1.11879E-001   3.35020E+003
   1.14139E-001   3.28823E+003
   1.16445E-001   3.23007E+003
   1.18797E-001   3.17333E+003
   1.21197E-001   3.11561E+003
   1.23645E-001   3.05464E+003
   1.26143E-001   2.98845E+003
   1.28691E-001   2.91556E+003
   1.31291E-001   2.83509E+003
   1.33943E-001   2.74690E+003
   1.36649E-001   2.65162E+003
   1.39409E-001   2.55062E+003
   1.42226E-001   2.44590E+003
   1.45099E-001   2.33994E+003
   1.48030E-001   2.23543E+003
   1.51020E-001   2.13502E+003
   1.54071E-001   2.04111E+003
   1.57184E-001   1.95557E+003
   1.60359E-001   1.87964E+003
   1.63598E-001   1.81371E+003
   1.66903E-001   1.75740E+003
   1.70275E-001   1.70951E+003
   1.73715E-001   1.66815E+003
   1.77224E-001   1.63091E+003
   1.80804E-001   1.59516E+003
   1.84457E-001   1.55830E+003
   1.88183E-001   1.51814E+003
   1.91985E-001   1.47324E+003
   1.95863E-001   1.42308E+003
   1.99820E-001   1.36821E+003
   2.03856E-001   1.31010E+003
   2.07974E-001   1.25090E+003
   2.12176E-001   1.19305E+003
   2.16462E-001   1.13879E+003
   2.20835E-001   1.08986E+003
   2.25296E-001   1.04714E+003
   2.29847E-001   1.01057E+003
   2.34490E-001   9.79197E+002
   2.39227E-001   9.51334E+002
   2.44060E-001   9.24952E+002
   2.48990E-001   8.98082E+002
   2.54020E-001   8.69257E+002
   2.59152E-001   8.37836E+002
   2.64387E-001   8.04125E+002
   2.69728E-001   7.69245E+002
   2.75177E-001   7.34769E+002
   2.80736E-001   7.02263E+002
   2.86407E-001   6.72843E+002
   2.92193E-001   6.46893E+002
   2.98096E-001   6.24013E+002
   3.04118E-001   6.03191E+002
   3.10261E-001   5.83151E+002
   3.16529E-001   5.62784E+002
   3.22923E-001   5.41504E+002
   3.29447E-001   5.19401E+002
   3.36102E-001   4.97134E+002
   3.42892E-001   4.75609E+002
   3.49819E-001   4.55588E+002
   3.56885E-001   4.37390E+002
   3.64095E-001   4.20808E+002
   3.71450E-001   4.05256E+002
   3.78954E-001   3.90061E+002
   3.86609E-001   3.74783E+002
   3.94419E-001   3.59378E+002
   4.02387E-001   3.44157E+002
   4.10516E-001   3.29564E+002
   4.18809E-001   3.15907E+002
   4.27269E-001   3.03207E+002
   4.35901E-001   2.91222E+002
   4.44706E-001   2.79627E+002
   4.53690E-001   2.68212E+002
   4.62855E-001   2.56983E+002
   4.72206E-001   2.46105E+002
   4.81745E-001   2.35751E+002
   4.91477E-001   2.25972E+002
   5.01405E-001   2.16677E+002
   5.11534E-001   2.07722E+002
   5.21868E-001   1.99016E+002
   5.32411E-001   1.90574E+002
   5.43166E-001   1.82467E+002
   5.54139E-001   1.74739E+002
   5.65333E-001   1.67368E+002
   5.76753E-001   1.60291E+002
   5.88404E-001   1.53462E+002
   6.00291E-001   1.46882E+002
   6.12418E-001   1.40573E+002
   6.24789E-001   1.34540E+002
   6.37411E-001   1.28763E+002
   6.50288E-001   1.23214E+002
   6.63424E-001   1.17881E+002
   6.76826E-001   1.12766E+002
   6.90499E-001   1.07868E+002
   7.04448E-001   1.03176E+002
   7.18679E-001   9.86764E+001
   7.33197E-001   9.43604E+001
   7.48009E-001   9.02246E+001
   7.63119E-001   8.62633E+001
   7.78536E-001   8.24679E+001
   7.94263E-001   7.88306E+001
   8.10308E-001   7.53462E+001
   8.26677E-001   7.20094E+001
   8.43378E-001   6.88141E+001
   8.60415E-001   6.57540E+001
   8.77797E-001   6.28241E+001
   8.95529E-001   6.00196E+001
   9.13620E-001   5.73353E+001
   9.32076E-001   5.47662E+001
   9.50906E-001   5.23077E+001
   9.70115E-001   4.99552E+001
   9.89713E-001   4.77043E+001
   1.00971E+000   4.55509E+001
   1.03010E+000   4.34908E+001
   1.05091E+000   4.15203E+001
   1.07214E+000   3.96357E+001
   1.09380E+000   3.78334E+001
   1.11590E+000   3.61102E+001
   1.13844E+000   3.44627E+001
   1.16144E+000   3.28878E+001
   1.18490E+000   3.13824E+001
   1.20884E+000   2.99436E+001
   1.23326E+000   2.85685E+001
   1.25817E+000   2.72543E+001
   1.28359E+000   2.59986E+001
   1.30952E+000   2.47987E+001
   1.33597E+000   2.36524E+001
   1.36296E+000   2.25575E+001
   1.39049E+000   2.15117E+001
   1.41858E+000   2.05129E+001
   1.44724E+000   1.95591E+001
   1.47648E+000   1.86482E+001
   1.50630E+000   1.77785E+001
   1.53673E+000   1.69481E+001
   1.56778E+000   1.61553E+001
   1.59945E+000   1.53985E+001
   1.63176E+000   1.46763E+001
   1.66472E+000   1.39869E+001
   1.69835E+000   1.33290E+001
   1.73266E+000   1.27012E+001
   1.76766E+000   1.21022E+001
   1.80337E+000   1.15306E+001
   1.83980E+000   1.09853E+001
   1.87697E+000   1.04651E+001
   1.91489E+000   9.96898E+000
   1.95357E+000   9.49572E+000
   1.99304E+000   9.04434E+000
   2.03330E+000   8.61387E+000
   2.07437E+000   8.20339E+000
   2.11628E+000   7.81200E+000
   2.15903E+000   7.43882E+000
   2.20265E+000   7.08304E+000
   2.24714E+000   6.74386E+000
   2.29254E+000   6.42055E+000
   2.33885E+000   6.11238E+000
   2.38610E+000   5.81866E+000
   2.43430E+000   5.53873E+000
   2.48348E+000   5.27196E+000
   2.53365E+000   5.01775E+000
   2.58483E+000   4.77554E+000
   2.63705E+000   4.54476E+000
   2.69032E+000   4.32489E+000
   2.74466E+000   4.11544E+000
   2.80011E+000   3.91591E+000
   2.85668E+000   3.72586E+000
   2.91439E+000   3.54483E+000
   2.97326E+000   3.37243E+000
   3.03332E+000   3.20824E+000
   3.09460E+000   3.05188E+000
   3.15712E+000   2.90299E+000
   3.22090E+000   2.76122E+000
   3.28596E+000   2.62625E+000
   3.35234E+000   2.49774E+000
   3.42006E+000   2.37540E+000
   3.48916E+000   2.25894E+000
   3.55964E+000   2.14809E+000
   3.63155E+000   2.04257E+000
   3.70491E+000   1.94214E+000
   3.77976E+000   1.84656E+000
   3.85611E+000   1.75560E+000
   3.93401E+000   1.66905E+000
   4.01348E+000   1.58668E+000
   4.09456E+000   1.50831E+000
   4.17727E+000   1.43374E+000
   4.26166E+000   1.36280E+000
   4.34775E+000   1.29531E+000
   4.43558E+000   1.23110E+000
   4.52519E+000   1.17003E+000
   4.61660E+000   1.11193E+000
   4.70987E+000   1.05667E+000
   4.80501E+000   1.00412E+000
   4.90208E+000   9.54135E-001
   5.00111E+000   9.06601E-001
   5.10214E+000   8.61397E-001
   5.20521E+000   8.18413E-001
   5.31036E+000   7.77541E-001
   5.41763E+000   7.38679E-001
   5.52708E+000   7.01729E-001
   5.63873E+000   6.66601E-001
   5.75264E+000   6.33205E-001
   5.86885E+000   6.01458E-001
   5.98741E+000   5.71280E-001
   6.10836E+000   5.42594E-001
   6.23176E+000   5.15328E-001
   6.35765E+000   4.89412E-001
   6.48609E+000   4.64782E-001
   6.61711E+000   4.41374E-001
   6.75079E+000   4.19129E-001
   6.88716E+000   3.97989E-001
   7.02629E+000   3.77902E-001
   7.16823E+000   3.58814E-001
   7.31304E+000   3.40678E-001
   7.46077E+000   3.23447E-001
   7.61149E+000   3.07076E-001
   7.76525E+000   2.91522E-001
   7.92212E+000   2.76747E-001
   8.08217E+000   2.62710E-001
   8.24543E+000   2.49377E-001
   8.41200E+000   2.36712E-001
   8.58193E+000   2.24682E-001
   8.75530E+000   2.13256E-001
   8.93217E+000   2.02404E-001
   9.11261E+000   1.92098E-001
   9.29670E+000   1.82310E-001
   9.48451E+000   1.73015E-001
   9.67610E+000   1.64188E-001
   9.87158E+000   1.55806E-001
   1.00710E+001   1.47847E-001
   1.02744E+001   1.40290E-001
   1.04820E+001   1.33115E-001
   1.06938E+001   1.26303E-001
   1.09098E+001   1.19835E-001
   1.11302E+001   1.13695E-001
   1.13550E+001   1.07866E-001
   1.15844E+001   1.02333E-001
   1.18184E+001   9.70800E-002
   1.20572E+001   9.20940E-002
   1.23007E+001   8.73614E-002
   1.25492E+001   8.28695E-002
   1.28027E+001   7.86060E-002
   1.30614E+001   7.45596E-002
   1.33252E+001   7.07193E-002
   1.35944E+001   6.70747E-002
   1.38691E+001   6.36162E-002
   1.41492E+001   6.03342E-002
   1.44351E+001   5.72196E-002
   1.47267E+001   5.42640E-002
   1.50242E+001   5.14601E-002
