#           k/h    P           
   1.00000E-004   9.34869E+001
   1.02020E-004   9.52983E+001
   1.04081E-004   9.71448E+001
   1.06184E-004   9.90271E+001
   1.08329E-004   1.00946E+002
   1.10517E-004   1.02902E+002
   1.12750E-004   1.04895E+002
   1.15027E-004   1.06928E+002
   1.17351E-004   1.08999E+002
   1.19722E-004   1.11111E+002
   1.22140E-004   1.13263E+002
   1.24608E-004   1.15457E+002
   1.27125E-004   1.17694E+002
   1.29693E-004   1.19974E+002
   1.32313E-004   1.22298E+002
   1.34986E-004   1.24667E+002
   1.37713E-004   1.27081E+002
   1.40495E-004   1.29543E+002
   1.43333E-004   1.32052E+002
   1.46228E-004   1.34609E+002
   1.49182E-004   1.37216E+002
   1.52196E-004   1.39873E+002
   1.55271E-004   1.42582E+002
   1.58407E-004   1.45343E+002
   1.61607E-004   1.48157E+002
   1.64872E-004   1.51026E+002
   1.68203E-004   1.53950E+002
   1.71601E-004   1.56930E+002
   1.75067E-004   1.59968E+002
   1.78604E-004   1.63065E+002
   1.82212E-004   1.66221E+002
   1.85893E-004   1.69439E+002
   1.89648E-004   1.72718E+002
   1.93479E-004   1.76061E+002
   1.97388E-004   1.79468E+002
   2.01375E-004   1.82941E+002
   2.05443E-004   1.86481E+002
   2.09594E-004   1.90089E+002
   2.13828E-004   1.93766E+002
   2.18147E-004   1.97514E+002
   2.22554E-004   2.01335E+002
   2.27050E-004   2.05229E+002
   2.31637E-004   2.09198E+002
   2.36316E-004   2.13244E+002
   2.41090E-004   2.17367E+002
   2.45960E-004   2.21569E+002
   2.50929E-004   2.25853E+002
   2.55998E-004   2.30218E+002
   2.61170E-004   2.34668E+002
   2.66446E-004   2.39203E+002
   2.71828E-004   2.43825E+002
   2.77319E-004   2.48536E+002
   2.82922E-004   2.53337E+002
   2.88637E-004   2.58230E+002
   2.94468E-004   2.63217E+002
   3.00417E-004   2.68299E+002
   3.06485E-004   2.73479E+002
   3.12677E-004   2.78758E+002
   3.18993E-004   2.84138E+002
   3.25437E-004   2.89621E+002
   3.32012E-004   2.95209E+002
   3.38719E-004   3.00903E+002
   3.45561E-004   3.06706E+002
   3.52542E-004   3.12620E+002
   3.59664E-004   3.18646E+002
   3.66930E-004   3.24787E+002
   3.74342E-004   3.31046E+002
   3.81904E-004   3.37423E+002
   3.89619E-004   3.43921E+002
   3.97490E-004   3.50543E+002
   4.05520E-004   3.57291E+002
   4.13712E-004   3.64167E+002
   4.22070E-004   3.71173E+002
   4.30596E-004   3.78311E+002
   4.39295E-004   3.85585E+002
   4.48169E-004   3.92996E+002
   4.57222E-004   4.00547E+002
   4.66459E-004   4.08241E+002
   4.75882E-004   4.16079E+002
   4.85496E-004   4.24066E+002
   4.95303E-004   4.32202E+002
   5.05309E-004   4.40491E+002
   5.15517E-004   4.48936E+002
   5.25931E-004   4.57539E+002
   5.36556E-004   4.66303E+002
   5.47395E-004   4.75231E+002
   5.58453E-004   4.84325E+002
   5.69734E-004   4.93589E+002
   5.81244E-004   5.03026E+002
   5.92986E-004   5.12637E+002
   6.04965E-004   5.22428E+002
   6.17186E-004   5.32399E+002
   6.29654E-004   5.42555E+002
   6.42374E-004   5.52899E+002
   6.55350E-004   5.63434E+002
   6.68589E-004   5.74162E+002
   6.82096E-004   5.85088E+002
   6.95875E-004   5.96214E+002
   7.09933E-004   6.07543E+002
   7.24274E-004   6.19080E+002
   7.38906E-004   6.30827E+002
   7.53832E-004   6.42787E+002
   7.69061E-004   6.54965E+002
   7.84597E-004   6.67364E+002
   8.00447E-004   6.79986E+002
   8.16617E-004   6.92837E+002
   8.33114E-004   7.05918E+002
   8.49944E-004   7.19234E+002
   8.67114E-004   7.32789E+002
   8.84631E-004   7.46586E+002
   9.02501E-004   7.60628E+002
   9.20733E-004   7.74920E+002
   9.39333E-004   7.89466E+002
   9.58309E-004   8.04268E+002
   9.77668E-004   8.19331E+002
   9.97418E-004   8.34658E+002
   1.01757E-003   8.50254E+002
   1.03812E-003   8.66122E+002
   1.05910E-003   8.82266E+002
   1.08049E-003   8.98690E+002
   1.10232E-003   9.15399E+002
   1.12459E-003   9.32395E+002
   1.14730E-003   9.49683E+002
   1.17048E-003   9.67267E+002
   1.19413E-003   9.85150E+002
   1.21825E-003   1.00334E+003
   1.24286E-003   1.02183E+003
   1.26797E-003   1.04064E+003
   1.29358E-003   1.05976E+003
   1.31971E-003   1.07920E+003
   1.34637E-003   1.09897E+003
   1.37357E-003   1.11906E+003
   1.40132E-003   1.13948E+003
   1.42963E-003   1.16024E+003
   1.45851E-003   1.18134E+003
   1.48797E-003   1.20278E+003
   1.51803E-003   1.22457E+003
   1.54870E-003   1.24671E+003
   1.57998E-003   1.26921E+003
   1.61190E-003   1.29206E+003
   1.64446E-003   1.31527E+003
   1.67768E-003   1.33885E+003
   1.71158E-003   1.36280E+003
   1.74615E-003   1.38711E+003
   1.78143E-003   1.41181E+003
   1.81741E-003   1.43688E+003
   1.85413E-003   1.46234E+003
   1.89158E-003   1.48818E+003
   1.92980E-003   1.51440E+003
   1.96878E-003   1.54102E+003
   2.00855E-003   1.56803E+003
   2.04913E-003   1.59544E+003
   2.09052E-003   1.62324E+003
   2.13276E-003   1.65145E+003
   2.17584E-003   1.68006E+003
   2.21979E-003   1.70907E+003
   2.26464E-003   1.73849E+003
   2.31039E-003   1.76832E+003
   2.35706E-003   1.79855E+003
   2.40467E-003   1.82920E+003
   2.45325E-003   1.86026E+003
   2.50281E-003   1.89174E+003
   2.55337E-003   1.92362E+003
   2.60495E-003   1.95592E+003
   2.65758E-003   1.98864E+003
   2.71126E-003   2.02177E+003
   2.76603E-003   2.05531E+003
   2.82191E-003   2.08927E+003
   2.87892E-003   2.12364E+003
   2.93708E-003   2.15842E+003
   2.99641E-003   2.19361E+003
   3.05694E-003   2.22921E+003
   3.11870E-003   2.26521E+003
   3.18170E-003   2.30162E+003
   3.24597E-003   2.33843E+003
   3.31155E-003   2.37563E+003
   3.37844E-003   2.41323E+003
   3.44669E-003   2.45122E+003
   3.51632E-003   2.48960E+003
   3.58735E-003   2.52835E+003
   3.65982E-003   2.56748E+003
   3.73376E-003   2.60699E+003
   3.80918E-003   2.64685E+003
   3.88613E-003   2.68707E+003
   3.96464E-003   2.72765E+003
   4.04473E-003   2.76856E+003
   4.12644E-003   2.80981E+003
   4.20980E-003   2.85138E+003
   4.29484E-003   2.89327E+003
   4.38160E-003   2.93546E+003
   4.47012E-003   2.97795E+003
   4.56042E-003   3.02073E+003
   4.65255E-003   3.06377E+003
   4.74653E-003   3.10708E+003
   4.84242E-003   3.15063E+003
   4.94024E-003   3.19441E+003
   5.04004E-003   3.23842E+003
   5.14186E-003   3.28263E+003
   5.24573E-003   3.32702E+003
   5.35170E-003   3.37159E+003
   5.45981E-003   3.41631E+003
   5.57011E-003   3.46116E+003
   5.68263E-003   3.50613E+003
   5.79743E-003   3.55120E+003
   5.91455E-003   3.59635E+003
   6.03403E-003   3.64155E+003
   6.15592E-003   3.68678E+003
   6.28028E-003   3.73203E+003
   6.40715E-003   3.77726E+003
   6.53658E-003   3.82245E+003
   6.66863E-003   3.86757E+003
   6.80335E-003   3.91260E+003
   6.94078E-003   3.95752E+003
   7.08100E-003   4.00228E+003
   7.22404E-003   4.04686E+003
   7.36998E-003   4.09124E+003
   7.51886E-003   4.13537E+003
   7.67075E-003   4.17923E+003
   7.82571E-003   4.22278E+003
   7.98380E-003   4.26599E+003
   8.14509E-003   4.30883E+003
   8.30963E-003   4.35124E+003
   8.47750E-003   4.39321E+003
   8.64875E-003   4.43468E+003
   8.82347E-003   4.47561E+003
   9.00171E-003   4.51598E+003
   9.18356E-003   4.55572E+003
   9.36908E-003   4.59481E+003
   9.55835E-003   4.63319E+003
   9.75144E-003   4.67082E+003
   9.94843E-003   4.70766E+003
   1.01494E-002   4.74365E+003
   1.03544E-002   4.77874E+003
   1.05636E-002   4.81290E+003
   1.07770E-002   4.84606E+003
   1.09947E-002   4.87818E+003
   1.12168E-002   4.90920E+003
   1.14434E-002   4.93908E+003
   1.16746E-002   4.96774E+003
   1.19104E-002   4.99515E+003
   1.21510E-002   5.02125E+003
   1.23965E-002   5.04598E+003
   1.26469E-002   5.06928E+003
   1.29024E-002   5.09110E+003
   1.31631E-002   5.11138E+003
   1.34290E-002   5.13007E+003
   1.37003E-002   5.14710E+003
   1.39770E-002   5.16243E+003
   1.42594E-002   5.17598E+003
   1.45474E-002   5.18772E+003
   1.48413E-002   5.19758E+003
   1.51411E-002   5.20550E+003
   1.54470E-002   5.21144E+003
   1.57590E-002   5.21534E+003
   1.60774E-002   5.21715E+003
   1.64022E-002   5.21683E+003
   1.67335E-002   5.21431E+003
   1.70716E-002   5.20957E+003
   1.74164E-002   5.20256E+003
   1.77683E-002   5.19323E+003
   1.81272E-002   5.18155E+003
   1.84934E-002   5.16750E+003
   1.88670E-002   5.15103E+003
   1.92481E-002   5.13214E+003
   1.96370E-002   5.11079E+003
   2.00337E-002   5.08697E+003
   2.04384E-002   5.06068E+003
   2.08513E-002   5.03192E+003
   2.12725E-002   5.00067E+003
   2.17022E-002   4.96696E+003
   2.21406E-002   4.93081E+003
   2.25879E-002   4.89223E+003
   2.30442E-002   4.85126E+003
   2.35097E-002   4.80795E+003
   2.39847E-002   4.76233E+003
   2.44692E-002   4.71447E+003
   2.49635E-002   4.66443E+003
   2.54678E-002   4.61229E+003
   2.59823E-002   4.55813E+003
   2.65072E-002   4.50206E+003
   2.70426E-002   4.44416E+003
   2.75889E-002   4.38456E+003
   2.81463E-002   4.32337E+003
   2.87149E-002   4.26074E+003
   2.92949E-002   4.19679E+003
   2.98867E-002   4.13168E+003
   3.04905E-002   4.06555E+003
   3.11064E-002   3.99859E+003
   3.17348E-002   3.93094E+003
   3.23759E-002   3.86279E+003
   3.30299E-002   3.79432E+003
   3.36972E-002   3.72571E+003
   3.43779E-002   3.65714E+003
   3.50724E-002   3.58880E+003
   3.57809E-002   3.52087E+003
   3.65038E-002   3.45354E+003
   3.72412E-002   3.38700E+003
   3.79935E-002   3.32141E+003
   3.87610E-002   3.25695E+003
   3.95440E-002   3.19378E+003
   4.03429E-002   3.13204E+003
   4.11579E-002   3.07188E+003
   4.19893E-002   3.01343E+003
   4.28375E-002   2.95679E+003
   4.37029E-002   2.90206E+003
   4.45858E-002   2.84931E+003
   4.54865E-002   2.79860E+003
   4.64053E-002   2.74995E+003
   4.73428E-002   2.70338E+003
   4.82992E-002   2.65886E+003
   4.92749E-002   2.61635E+003
   5.02703E-002   2.57578E+003
   5.12858E-002   2.53704E+003
   5.23219E-002   2.50000E+003
   5.33789E-002   2.46450E+003
   5.44572E-002   2.43035E+003
   5.55573E-002   2.39734E+003
   5.66796E-002   2.36521E+003
   5.78246E-002   2.33370E+003
   5.89927E-002   2.30253E+003
   6.01845E-002   2.27138E+003
   6.14003E-002   2.23994E+003
   6.26407E-002   2.20790E+003
   6.39061E-002   2.17494E+003
   6.51971E-002   2.14076E+003
   6.65142E-002   2.10507E+003
   6.78578E-002   2.06764E+003
   6.92287E-002   2.02824E+003
   7.06272E-002   1.98674E+003
   7.20539E-002   1.94303E+003
   7.35095E-002   1.89711E+003
   7.49945E-002   1.84902E+003
   7.65095E-002   1.79891E+003
   7.80551E-002   1.74700E+003
   7.96319E-002   1.69359E+003
   8.12406E-002   1.63905E+003
   8.28817E-002   1.58383E+003
   8.45561E-002   1.52843E+003
   8.62642E-002   1.47337E+003
   8.80068E-002   1.41921E+003
   8.97847E-002   1.36650E+003
   9.15985E-002   1.31575E+003
   9.34489E-002   1.26745E+003
   9.53367E-002   1.22201E+003
   9.72626E-002   1.17977E+003
   9.92274E-002   1.14096E+003
   1.01232E-001   1.10571E+003
   1.03277E-001   1.07401E+003
   1.05363E-001   1.04576E+003
   1.07492E-001   1.02071E+003
   1.09663E-001   9.98487E+002
   1.11879E-001   9.78621E+002
   1.14139E-001   9.60529E+002
   1.16445E-001   9.43561E+002
   1.18797E-001   9.27019E+002
   1.21197E-001   9.10199E+002
   1.23645E-001   8.92438E+002
   1.26143E-001   8.73160E+002
   1.28691E-001   8.51927E+002
   1.31291E-001   8.28482E+002
   1.33943E-001   8.02779E+002
   1.36649E-001   7.74998E+002
   1.39409E-001   7.45536E+002
   1.42226E-001   7.14977E+002
   1.45099E-001   6.84039E+002
   1.48030E-001   6.53511E+002
   1.51020E-001   6.24173E+002
   1.54071E-001   5.96723E+002
   1.57184E-001   5.71716E+002
   1.60359E-001   5.49507E+002
   1.63598E-001   5.30223E+002
   1.66903E-001   5.13750E+002
   1.70275E-001   4.99740E+002
   1.73715E-001   4.87644E+002
   1.77224E-001   4.76764E+002
   1.80804E-001   4.66324E+002
   1.84457E-001   4.55568E+002
   1.88183E-001   4.43854E+002
   1.91985E-001   4.30755E+002
   1.95863E-001   4.16121E+002
   1.99820E-001   4.00105E+002
   2.03856E-001   3.83137E+002
   2.07974E-001   3.65844E+002
   2.12176E-001   3.48933E+002
   2.16462E-001   3.33070E+002
   2.20835E-001   3.18757E+002
   2.25296E-001   3.06259E+002
   2.29847E-001   2.95559E+002
   2.34490E-001   2.86379E+002
   2.39227E-001   2.78231E+002
   2.44060E-001   2.70521E+002
   2.48990E-001   2.62672E+002
   2.54020E-001   2.54254E+002
   2.59152E-001   2.45077E+002
   2.64387E-001   2.35229E+002
   2.69728E-001   2.25036E+002
   2.75177E-001   2.14958E+002
   2.80736E-001   2.05451E+002
   2.86407E-001   1.96844E+002
   2.92193E-001   1.89252E+002
   2.98096E-001   1.82558E+002
   3.04118E-001   1.76468E+002
   3.10261E-001   1.70608E+002
   3.16529E-001   1.64656E+002
   3.22923E-001   1.58436E+002
   3.29447E-001   1.51975E+002
   3.36102E-001   1.45465E+002
   3.42892E-001   1.39169E+002
   3.49819E-001   1.33312E+002
   3.56885E-001   1.27988E+002
   3.64095E-001   1.23137E+002
   3.71450E-001   1.18588E+002
   3.78954E-001   1.14144E+002
   3.86609E-001   1.09676E+002
   3.94419E-001   1.05171E+002
   4.02387E-001   1.00720E+002
   4.10516E-001   9.64506E+001
   4.18809E-001   9.24549E+001
   4.27269E-001   8.87388E+001
   4.35901E-001   8.52325E+001
   4.44706E-001   8.18407E+001
   4.53690E-001   7.85018E+001
   4.62855E-001   7.52168E+001
   4.72206E-001   7.20342E+001
   4.81745E-001   6.90046E+001
   4.91477E-001   6.61433E+001
   5.01405E-001   6.34238E+001
   5.11534E-001   6.08034E+001
   5.21868E-001   5.82562E+001
   5.32411E-001   5.57861E+001
   5.43166E-001   5.34139E+001
   5.54139E-001   5.11526E+001
   5.65333E-001   4.89955E+001
   5.76753E-001   4.69245E+001
   5.88404E-001   4.49263E+001
   6.00291E-001   4.30007E+001
   6.12418E-001   4.11542E+001
   6.24789E-001   3.93886E+001
   6.37411E-001   3.76979E+001
   6.50288E-001   3.60739E+001
   6.63424E-001   3.45131E+001
   6.76826E-001   3.30160E+001
   6.90499E-001   3.15825E+001
   7.04448E-001   3.02092E+001
   7.18679E-001   2.88921E+001
   7.33197E-001   2.76288E+001
   7.48009E-001   2.64182E+001
   7.63119E-001   2.52587E+001
   7.78536E-001   2.41477E+001
   7.94263E-001   2.30830E+001
   8.10308E-001   2.20630E+001
   8.26677E-001   2.10862E+001
   8.43378E-001   2.01508E+001
   8.60415E-001   1.92550E+001
   8.77797E-001   1.83973E+001
   8.95529E-001   1.75762E+001
   9.13620E-001   1.67904E+001
   9.32076E-001   1.60383E+001
   9.50906E-001   1.53185E+001
   9.70115E-001   1.46297E+001
   9.89713E-001   1.39707E+001
   1.00971E+000   1.33402E+001
   1.03010E+000   1.27371E+001
   1.05091E+000   1.21601E+001
   1.07214E+000   1.16083E+001
   1.09380E+000   1.10806E+001
   1.11590E+000   1.05760E+001
   1.13844E+000   1.00936E+001
   1.16144E+000   9.63250E+000
   1.18490E+000   9.19170E+000
   1.20884E+000   8.77038E+000
   1.23326E+000   8.36771E+000
   1.25817E+000   7.98289E+000
   1.28359E+000   7.61516E+000
   1.30952E+000   7.26379E+000
   1.33597E+000   6.92812E+000
   1.36296E+000   6.60747E+000
   1.39049E+000   6.30121E+000
   1.41858E+000   6.00871E+000
   1.44724E+000   5.72937E+000
   1.47648E+000   5.46262E+000
   1.50630E+000   5.20789E+000
   1.53673E+000   4.96469E+000
   1.56778E+000   4.73251E+000
   1.59945E+000   4.51087E+000
   1.63176E+000   4.29933E+000
   1.66472E+000   4.09744E+000
   1.69835E+000   3.90475E+000
   1.73266E+000   3.72087E+000
   1.76766E+000   3.54541E+000
   1.80337E+000   3.37800E+000
   1.83980E+000   3.21828E+000
   1.87697E+000   3.06593E+000
   1.91489E+000   2.92059E+000
   1.95357E+000   2.78197E+000
   1.99304E+000   2.64975E+000
   2.03330E+000   2.52366E+000
   2.07437E+000   2.40342E+000
   2.11628E+000   2.28877E+000
   2.15903E+000   2.17946E+000
   2.20265E+000   2.07524E+000
   2.24714E+000   1.97588E+000
   2.29254E+000   1.88117E+000
   2.33885E+000   1.79090E+000
   2.38610E+000   1.70485E+000
   2.43430E+000   1.62285E+000
   2.48348E+000   1.54470E+000
   2.53365E+000   1.47023E+000
   2.58483E+000   1.39927E+000
   2.63705E+000   1.33166E+000
   2.69032E+000   1.26725E+000
   2.74466E+000   1.20589E+000
   2.80011E+000   1.14743E+000
   2.85668E+000   1.09175E+000
   2.91439E+000   1.03872E+000
   2.97326E+000   9.88206E-001
   3.03332E+000   9.40102E-001
   3.09460E+000   8.94292E-001
   3.15712E+000   8.50670E-001
   3.22090E+000   8.09135E-001
   3.28596E+000   7.69587E-001
   3.35234E+000   7.31936E-001
   3.42006E+000   6.96091E-001
   3.48916E+000   6.61969E-001
   3.55964E+000   6.29488E-001
   3.63155E+000   5.98572E-001
   3.70491E+000   5.69146E-001
   3.77976E+000   5.41141E-001
   3.85611E+000   5.14489E-001
   3.93401E+000   4.89126E-001
   4.01348E+000   4.64992E-001
   4.09456E+000   4.42027E-001
   4.17727E+000   4.20178E-001
   4.26166E+000   3.99390E-001
   4.34775E+000   3.79613E-001
   4.43558E+000   3.60799E-001
   4.52519E+000   3.42902E-001
   4.61660E+000   3.25878E-001
   4.70987E+000   3.09686E-001
   4.80501E+000   2.94285E-001
   4.90208E+000   2.79638E-001
   5.00111E+000   2.65709E-001
   5.10214E+000   2.52462E-001
   5.20521E+000   2.39866E-001
   5.31036E+000   2.27888E-001
   5.41763E+000   2.16500E-001
   5.52708E+000   2.05672E-001
   5.63873E+000   1.95377E-001
   5.75264E+000   1.85590E-001
   5.86885E+000   1.76287E-001
   5.98741E+000   1.67443E-001
   6.10836E+000   1.59036E-001
   6.23176E+000   1.51045E-001
   6.35765E+000   1.43450E-001
   6.48609E+000   1.36232E-001
   6.61711E+000   1.29371E-001
   6.75079E+000   1.22852E-001
   6.88716E+000   1.16657E-001
   7.02629E+000   1.10769E-001
   7.16823E+000   1.05175E-001
   7.31304E+000   9.98599E-002
   7.46077E+000   9.48096E-002
   7.61149E+000   9.00115E-002
   7.76525E+000   8.54530E-002
   7.92212E+000   8.11224E-002
   8.08217E+000   7.70085E-002
   8.24543E+000   7.31007E-002
   8.41200E+000   6.93886E-002
   8.58193E+000   6.58626E-002
   8.75530E+000   6.25137E-002
   8.93217E+000   5.93329E-002
   9.11261E+000   5.63121E-002
   9.29670E+000   5.34431E-002
   9.48451E+000   5.07187E-002
   9.67610E+000   4.81314E-002
   9.87158E+000   4.56746E-002
   1.00710E+001   4.33418E-002
   1.02744E+001   4.11267E-002
   1.04820E+001   3.90236E-002
   1.06938E+001   3.70268E-002
   1.09098E+001   3.51310E-002
   1.11302E+001   3.33312E-002
   1.13550E+001   3.16225E-002
   1.15844E+001   3.00005E-002
   1.18184E+001   2.84608E-002
   1.20572E+001   2.69993E-002
   1.23007E+001   2.56120E-002
   1.25492E+001   2.42952E-002
   1.28027E+001   2.30454E-002
   1.30614E+001   2.18592E-002
   1.33252E+001   2.07335E-002
   1.35944E+001   1.96651E-002
   1.38691E+001   1.86512E-002
   1.41492E+001   1.76891E-002
   1.44351E+001   1.67760E-002
   1.47267E+001   1.59095E-002
   1.50242E+001   1.50875E-002
