#           k/h    P           
   1.00000E-004   9.16457E+001
   1.02020E-004   9.34215E+001
   1.04081E-004   9.52316E+001
   1.06184E-004   9.70768E+001
   1.08329E-004   9.89577E+001
   1.10517E-004   1.00875E+002
   1.12750E-004   1.02829E+002
   1.15027E-004   1.04822E+002
   1.17351E-004   1.06853E+002
   1.19722E-004   1.08923E+002
   1.22140E-004   1.11033E+002
   1.24608E-004   1.13184E+002
   1.27125E-004   1.15376E+002
   1.29693E-004   1.17611E+002
   1.32313E-004   1.19889E+002
   1.34986E-004   1.22212E+002
   1.37713E-004   1.24579E+002
   1.40495E-004   1.26992E+002
   1.43333E-004   1.29451E+002
   1.46228E-004   1.31959E+002
   1.49182E-004   1.34514E+002
   1.52196E-004   1.37119E+002
   1.55271E-004   1.39774E+002
   1.58407E-004   1.42481E+002
   1.61607E-004   1.45240E+002
   1.64872E-004   1.48052E+002
   1.68203E-004   1.50919E+002
   1.71601E-004   1.53841E+002
   1.75067E-004   1.56819E+002
   1.78604E-004   1.59855E+002
   1.82212E-004   1.62949E+002
   1.85893E-004   1.66103E+002
   1.89648E-004   1.69318E+002
   1.93479E-004   1.72595E+002
   1.97388E-004   1.75935E+002
   2.01375E-004   1.79340E+002
   2.05443E-004   1.82810E+002
   2.09594E-004   1.86347E+002
   2.13828E-004   1.89952E+002
   2.18147E-004   1.93627E+002
   2.22554E-004   1.97372E+002
   2.27050E-004   2.01190E+002
   2.31637E-004   2.05081E+002
   2.36316E-004   2.09047E+002
   2.41090E-004   2.13089E+002
   2.45960E-004   2.17209E+002
   2.50929E-004   2.21409E+002
   2.55998E-004   2.25689E+002
   2.61170E-004   2.30051E+002
   2.66446E-004   2.34497E+002
   2.71828E-004   2.39028E+002
   2.77319E-004   2.43646E+002
   2.82922E-004   2.48353E+002
   2.88637E-004   2.53150E+002
   2.94468E-004   2.58040E+002
   3.00417E-004   2.63022E+002
   3.06485E-004   2.68101E+002
   3.12677E-004   2.73276E+002
   3.18993E-004   2.78551E+002
   3.25437E-004   2.83926E+002
   3.32012E-004   2.89404E+002
   3.38719E-004   2.94987E+002
   3.45561E-004   3.00676E+002
   3.52542E-004   3.06474E+002
   3.59664E-004   3.12383E+002
   3.66930E-004   3.18404E+002
   3.74342E-004   3.24540E+002
   3.81904E-004   3.30792E+002
   3.89619E-004   3.37164E+002
   3.97490E-004   3.43656E+002
   4.05520E-004   3.50272E+002
   4.13712E-004   3.57013E+002
   4.22070E-004   3.63882E+002
   4.30596E-004   3.70882E+002
   4.39295E-004   3.78013E+002
   4.48169E-004   3.85280E+002
   4.57222E-004   3.92684E+002
   4.66459E-004   4.00228E+002
   4.75882E-004   4.07913E+002
   4.85496E-004   4.15744E+002
   4.95303E-004   4.23722E+002
   5.05309E-004   4.31850E+002
   5.15517E-004   4.40130E+002
   5.25931E-004   4.48566E+002
   5.36556E-004   4.57159E+002
   5.47395E-004   4.65914E+002
   5.58453E-004   4.74831E+002
   5.69734E-004   4.83916E+002
   5.81244E-004   4.93169E+002
   5.92986E-004   5.02594E+002
   6.04965E-004   5.12195E+002
   6.17186E-004   5.21973E+002
   6.29654E-004   5.31933E+002
   6.42374E-004   5.42077E+002
   6.55350E-004   5.52408E+002
   6.68589E-004   5.62929E+002
   6.82096E-004   5.73643E+002
   6.95875E-004   5.84555E+002
   7.09933E-004   5.95666E+002
   7.24274E-004   6.06980E+002
   7.38906E-004   6.18501E+002
   7.53832E-004   6.30231E+002
   7.69061E-004   6.42175E+002
   7.84597E-004   6.54335E+002
   8.00447E-004   6.66715E+002
   8.16617E-004   6.79319E+002
   8.33114E-004   6.92150E+002
   8.49944E-004   7.05211E+002
   8.67114E-004   7.18506E+002
   8.84631E-004   7.32039E+002
   9.02501E-004   7.45814E+002
   9.20733E-004   7.59833E+002
   9.39333E-004   7.74101E+002
   9.58309E-004   7.88621E+002
   9.77668E-004   8.03397E+002
   9.97418E-004   8.18433E+002
   1.01757E-003   8.33733E+002
   1.03812E-003   8.49300E+002
   1.05910E-003   8.65138E+002
   1.08049E-003   8.81252E+002
   1.10232E-003   8.97644E+002
   1.12459E-003   9.14319E+002
   1.14730E-003   9.31281E+002
   1.17048E-003   9.48533E+002
   1.19413E-003   9.66080E+002
   1.21825E-003   9.83925E+002
   1.24286E-003   1.00207E+003
   1.26797E-003   1.02053E+003
   1.29358E-003   1.03929E+003
   1.31971E-003   1.05837E+003
   1.34637E-003   1.07776E+003
   1.37357E-003   1.09748E+003
   1.40132E-003   1.11753E+003
   1.42963E-003   1.13790E+003
   1.45851E-003   1.15861E+003
   1.48797E-003   1.17965E+003
   1.51803E-003   1.20103E+003
   1.54870E-003   1.22276E+003
   1.57998E-003   1.24484E+003
   1.61190E-003   1.26727E+003
   1.64446E-003   1.29006E+003
   1.67768E-003   1.31320E+003
   1.71158E-003   1.33671E+003
   1.74615E-003   1.36058E+003
   1.78143E-003   1.38483E+003
   1.81741E-003   1.40944E+003
   1.85413E-003   1.43443E+003
   1.89158E-003   1.45980E+003
   1.92980E-003   1.48556E+003
   1.96878E-003   1.51169E+003
   2.00855E-003   1.53821E+003
   2.04913E-003   1.56513E+003
   2.09052E-003   1.59243E+003
   2.13276E-003   1.62013E+003
   2.17584E-003   1.64823E+003
   2.21979E-003   1.67673E+003
   2.26464E-003   1.70562E+003
   2.31039E-003   1.73492E+003
   2.35706E-003   1.76462E+003
   2.40467E-003   1.79473E+003
   2.45325E-003   1.82524E+003
   2.50281E-003   1.85616E+003
   2.55337E-003   1.88749E+003
   2.60495E-003   1.91923E+003
   2.65758E-003   1.95138E+003
   2.71126E-003   1.98393E+003
   2.76603E-003   2.01690E+003
   2.82191E-003   2.05027E+003
   2.87892E-003   2.08405E+003
   2.93708E-003   2.11823E+003
   2.99641E-003   2.15282E+003
   3.05694E-003   2.18782E+003
   3.11870E-003   2.22321E+003
   3.18170E-003   2.25901E+003
   3.24597E-003   2.29520E+003
   3.31155E-003   2.33178E+003
   3.37844E-003   2.36876E+003
   3.44669E-003   2.40612E+003
   3.51632E-003   2.44386E+003
   3.58735E-003   2.48198E+003
   3.65982E-003   2.52048E+003
   3.73376E-003   2.55934E+003
   3.80918E-003   2.59856E+003
   3.88613E-003   2.63814E+003
   3.96464E-003   2.67806E+003
   4.04473E-003   2.71833E+003
   4.12644E-003   2.75893E+003
   4.20980E-003   2.79985E+003
   4.29484E-003   2.84109E+003
   4.38160E-003   2.88263E+003
   4.47012E-003   2.92447E+003
   4.56042E-003   2.96659E+003
   4.65255E-003   3.00899E+003
   4.74653E-003   3.05164E+003
   4.84242E-003   3.09455E+003
   4.94024E-003   3.13769E+003
   5.04004E-003   3.18106E+003
   5.14186E-003   3.22463E+003
   5.24573E-003   3.26839E+003
   5.35170E-003   3.31233E+003
   5.45981E-003   3.35642E+003
   5.57011E-003   3.40066E+003
   5.68263E-003   3.44502E+003
   5.79743E-003   3.48949E+003
   5.91455E-003   3.53404E+003
   6.03403E-003   3.57865E+003
   6.15592E-003   3.62331E+003
   6.28028E-003   3.66799E+003
   6.40715E-003   3.71266E+003
   6.53658E-003   3.75730E+003
   6.66863E-003   3.80190E+003
   6.80335E-003   3.84641E+003
   6.94078E-003   3.89082E+003
   7.08100E-003   3.93509E+003
   7.22404E-003   3.97920E+003
   7.36998E-003   4.02312E+003
   7.51886E-003   4.06682E+003
   7.67075E-003   4.11027E+003
   7.82571E-003   4.15342E+003
   7.98380E-003   4.19626E+003
   8.14509E-003   4.23874E+003
   8.30963E-003   4.28083E+003
   8.47750E-003   4.32249E+003
   8.64875E-003   4.36369E+003
   8.82347E-003   4.40438E+003
   9.00171E-003   4.44453E+003
   9.18356E-003   4.48409E+003
   9.36908E-003   4.52302E+003
   9.55835E-003   4.56129E+003
   9.75144E-003   4.59884E+003
   9.94843E-003   4.63563E+003
   1.01494E-002   4.67161E+003
   1.03544E-002   4.70675E+003
   1.05636E-002   4.74098E+003
   1.07770E-002   4.77426E+003
   1.09947E-002   4.80655E+003
   1.12168E-002   4.83778E+003
   1.14434E-002   4.86791E+003
   1.16746E-002   4.89689E+003
   1.19104E-002   4.92467E+003
   1.21510E-002   4.95118E+003
   1.23965E-002   4.97638E+003
   1.26469E-002   5.00021E+003
   1.29024E-002   5.02262E+003
   1.31631E-002   5.04355E+003
   1.34290E-002   5.06294E+003
   1.37003E-002   5.08075E+003
   1.39770E-002   5.09691E+003
   1.42594E-002   5.11137E+003
   1.45474E-002   5.12407E+003
   1.48413E-002   5.13497E+003
   1.51411E-002   5.14400E+003
   1.54470E-002   5.15112E+003
   1.57590E-002   5.15626E+003
   1.60774E-002   5.15940E+003
   1.64022E-002   5.16046E+003
   1.67335E-002   5.15942E+003
   1.70716E-002   5.15621E+003
   1.74164E-002   5.15081E+003
   1.77683E-002   5.14316E+003
   1.81272E-002   5.13325E+003
   1.84934E-002   5.12102E+003
   1.88670E-002   5.10645E+003
   1.92481E-002   5.08953E+003
   1.96370E-002   5.07022E+003
   2.00337E-002   5.04851E+003
   2.04384E-002   5.02439E+003
   2.08513E-002   4.99785E+003
   2.12725E-002   4.96890E+003
   2.17022E-002   4.93755E+003
   2.21406E-002   4.90380E+003
   2.25879E-002   4.86768E+003
   2.30442E-002   4.82922E+003
   2.35097E-002   4.78845E+003
   2.39847E-002   4.74542E+003
   2.44692E-002   4.70019E+003
   2.49635E-002   4.65281E+003
   2.54678E-002   4.60335E+003
   2.59823E-002   4.55191E+003
   2.65072E-002   4.49855E+003
   2.70426E-002   4.44340E+003
   2.75889E-002   4.38655E+003
   2.81463E-002   4.32811E+003
   2.87149E-002   4.26823E+003
   2.92949E-002   4.20702E+003
   2.98867E-002   4.14464E+003
   3.04905E-002   4.08123E+003
   3.11064E-002   4.01696E+003
   3.17348E-002   3.95199E+003
   3.23759E-002   3.88649E+003
   3.30299E-002   3.82063E+003
   3.36972E-002   3.75460E+003
   3.43779E-002   3.68858E+003
   3.50724E-002   3.62275E+003
   3.57809E-002   3.55731E+003
   3.65038E-002   3.49242E+003
   3.72412E-002   3.42828E+003
   3.79935E-002   3.36505E+003
   3.87610E-002   3.30292E+003
   3.95440E-002   3.24205E+003
   4.03429E-002   3.18258E+003
   4.11579E-002   3.12467E+003
   4.19893E-002   3.06844E+003
   4.28375E-002   3.01401E+003
   4.37029E-002   2.96147E+003
   4.45858E-002   2.91091E+003
   4.54865E-002   2.86238E+003
   4.64053E-002   2.81591E+003
   4.73428E-002   2.77154E+003
   4.82992E-002   2.72922E+003
   4.92749E-002   2.68894E+003
   5.02703E-002   2.65061E+003
   5.12858E-002   2.61414E+003
   5.23219E-002   2.57939E+003
   5.33789E-002   2.54621E+003
   5.44572E-002   2.51440E+003
   5.55573E-002   2.48374E+003
   5.66796E-002   2.45398E+003
   5.78246E-002   2.42484E+003
   5.89927E-002   2.39603E+003
   6.01845E-002   2.36723E+003
   6.14003E-002   2.33809E+003
   6.26407E-002   2.30830E+003
   6.39061E-002   2.27751E+003
   6.51971E-002   2.24539E+003
   6.65142E-002   2.21164E+003
   6.78578E-002   2.17599E+003
   6.92287E-002   2.13821E+003
   7.06272E-002   2.09812E+003
   7.20539E-002   2.05561E+003
   7.35095E-002   2.01065E+003
   7.49945E-002   1.96327E+003
   7.65095E-002   1.91360E+003
   7.80551E-002   1.86187E+003
   7.96319E-002   1.80839E+003
   8.12406E-002   1.75353E+003
   8.28817E-002   1.69777E+003
   8.45561E-002   1.64162E+003
   8.62642E-002   1.58566E+003
   8.80068E-002   1.53046E+003
   8.97847E-002   1.47663E+003
   9.15985E-002   1.42472E+003
   9.34489E-002   1.37528E+003
   9.53367E-002   1.32876E+003
   9.72626E-002   1.28554E+003
   9.92274E-002   1.24590E+003
   1.01232E-001   1.21000E+003
   1.03277E-001   1.17786E+003
   1.05363E-001   1.14938E+003
   1.07492E-001   1.12432E+003
   1.09663E-001   1.10230E+003
   1.11879E-001   1.08281E+003
   1.14139E-001   1.06522E+003
   1.16445E-001   1.04882E+003
   1.18797E-001   1.03284E+003
   1.21197E-001   1.01650E+003
   1.23645E-001   9.99054E+002
   1.26143E-001   9.79838E+002
   1.28691E-001   9.58349E+002
   1.31291E-001   9.34276E+002
   1.33943E-001   9.07548E+002
   1.36649E-001   8.78344E+002
   1.39409E-001   8.47094E+002
   1.42226E-001   8.14445E+002
   1.45099E-001   7.81203E+002
   1.48030E-001   7.48262E+002
   1.51020E-001   7.16517E+002
   1.54071E-001   6.86781E+002
   1.57184E-001   6.59707E+002
   1.60359E-001   6.35730E+002
   1.63598E-001   6.15021E+002
   1.66903E-001   5.97476E+002
   1.70275E-001   5.82717E+002
   1.73715E-001   5.70125E+002
   1.77224E-001   5.58899E+002
   1.80804E-001   5.48140E+002
   1.84457E-001   5.36959E+002
   1.88183E-001   5.24596E+002
   1.91985E-001   5.10530E+002
   1.95863E-001   4.94567E+002
   1.99820E-001   4.76874E+002
   2.03856E-001   4.57944E+002
   2.07974E-001   4.38517E+002
   2.12176E-001   4.19438E+002
   2.16462E-001   4.01508E+002
   2.20835E-001   3.85347E+002
   2.25296E-001   3.71292E+002
   2.29847E-001   3.59343E+002
   2.34490E-001   3.49180E+002
   2.39227E-001   3.40222E+002
   2.44060E-001   3.31754E+002
   2.48990E-001   3.23071E+002
   2.54020E-001   3.13639E+002
   2.59152E-001   3.03216E+002
   2.64387E-001   2.91900E+002
   2.69728E-001   2.80086E+002
   2.75177E-001   2.68342E+002
   2.80736E-001   2.57242E+002
   2.86407E-001   2.47202E+002
   2.92193E-001   2.38379E+002
   2.98096E-001   2.30638E+002
   3.04118E-001   2.23615E+002
   3.10261E-001   2.16846E+002
   3.16529E-001   2.09918E+002
   3.22923E-001   2.02608E+002
   3.29447E-001   1.94944E+002
   3.36102E-001   1.87168E+002
   3.42892E-001   1.79620E+002
   3.49819E-001   1.72592E+002
   3.56885E-001   1.66210E+002
   3.64095E-001   1.60405E+002
   3.71450E-001   1.54959E+002
   3.78954E-001   1.49618E+002
   3.86609E-001   1.44212E+002
   3.94419E-001   1.38723E+002
   4.02387E-001   1.33269E+002
   4.10516E-001   1.28023E+002
   4.18809E-001   1.23106E+002
   4.27269E-001   1.18531E+002
   4.35901E-001   1.14208E+002
   4.44706E-001   1.10011E+002
   4.53690E-001   1.05859E+002
   4.62855E-001   1.01753E+002
   4.72206E-001   9.77595E+001
   4.81745E-001   9.39478E+001
   4.91477E-001   9.03409E+001
   5.01405E-001   8.69048E+001
   5.11534E-001   8.35826E+001
   5.21868E-001   8.03395E+001
   5.32411E-001   7.71819E+001
   5.43166E-001   7.41391E+001
   5.54139E-001   7.12306E+001
   5.65333E-001   6.84486E+001
   5.76753E-001   6.57686E+001
   5.88404E-001   6.31732E+001
   6.00291E-001   6.06631E+001
   6.12418E-001   5.82480E+001
   6.24789E-001   5.59318E+001
   6.37411E-001   5.37066E+001
   6.50288E-001   5.15620E+001
   6.63424E-001   4.94936E+001
   6.76826E-001   4.75028E+001
   6.90499E-001   4.55903E+001
   7.04448E-001   4.37523E+001
   7.18679E-001   4.19834E+001
   7.33197E-001   4.02809E+001
   7.48009E-001   3.86440E+001
   7.63119E-001   3.70709E+001
   7.78536E-001   3.55586E+001
   7.94263E-001   3.41043E+001
   8.10308E-001   3.27063E+001
   8.26677E-001   3.13631E+001
   8.43378E-001   3.00724E+001
   8.60415E-001   2.88321E+001
   8.77797E-001   2.76405E+001
   8.95529E-001   2.64961E+001
   9.13620E-001   2.53969E+001
   9.32076E-001   2.43414E+001
   9.50906E-001   2.33277E+001
   9.70115E-001   2.23545E+001
   9.89713E-001   2.14202E+001
   1.00971E+000   2.05232E+001
   1.03010E+000   1.96621E+001
   1.05091E+000   1.88357E+001
   1.07214E+000   1.80425E+001
   1.09380E+000   1.72814E+001
   1.11590E+000   1.65512E+001
   1.13844E+000   1.58507E+001
   1.16144E+000   1.51787E+001
   1.18490E+000   1.45342E+001
   1.20884E+000   1.39161E+001
   1.23326E+000   1.33232E+001
   1.25817E+000   1.27547E+001
   1.28359E+000   1.22096E+001
   1.30952E+000   1.16869E+001
   1.33597E+000   1.11859E+001
   1.36296E+000   1.07056E+001
   1.39049E+000   1.02453E+001
   1.41858E+000   9.80421E+000
   1.44724E+000   9.38147E+000
   1.47648E+000   8.97638E+000
   1.50630E+000   8.58822E+000
   1.53673E+000   8.21632E+000
   1.56778E+000   7.86005E+000
   1.59945E+000   7.51878E+000
   1.63176E+000   7.19193E+000
   1.66472E+000   6.87889E+000
   1.69835E+000   6.57909E+000
   1.73266E+000   6.29199E+000
   1.76766E+000   6.01708E+000
   1.80337E+000   5.75387E+000
   1.83980E+000   5.50188E+000
   1.87697E+000   5.26066E+000
   1.91489E+000   5.02975E+000
   1.95357E+000   4.80873E+000
   1.99304E+000   4.59719E+000
   2.03330E+000   4.39474E+000
   2.07437E+000   4.20100E+000
   2.11628E+000   4.01562E+000
   2.15903E+000   3.83825E+000
   2.20265E+000   3.66854E+000
   2.24714E+000   3.50617E+000
   2.29254E+000   3.35085E+000
   2.33885E+000   3.20228E+000
   2.38610E+000   3.06017E+000
   2.43430E+000   2.92425E+000
   2.48348E+000   2.79425E+000
   2.53365E+000   2.66993E+000
   2.58483E+000   2.55105E+000
   2.63705E+000   2.43737E+000
   2.69032E+000   2.32867E+000
   2.74466E+000   2.22475E+000
   2.80011E+000   2.12540E+000
   2.85668E+000   2.03041E+000
   2.91439E+000   1.93961E+000
   2.97326E+000   1.85282E+000
   3.03332E+000   1.76985E+000
   3.09460E+000   1.69056E+000
   3.15712E+000   1.61477E+000
   3.22090E+000   1.54234E+000
   3.28596E+000   1.47312E+000
   3.35234E+000   1.40697E+000
   3.42006E+000   1.34377E+000
   3.48916E+000   1.28337E+000
   3.55964E+000   1.22566E+000
   3.63155E+000   1.17052E+000
   3.70491E+000   1.11784E+000
   3.77976E+000   1.06751E+000
   3.85611E+000   1.01943E+000
   3.93401E+000   9.73492E-001
   4.01348E+000   9.29611E-001
   4.09456E+000   8.87695E-001
   4.17727E+000   8.47656E-001
   4.26166E+000   8.09411E-001
   4.34775E+000   7.72881E-001
   4.43558E+000   7.37989E-001
   4.52519E+000   7.04663E-001
   4.61660E+000   6.72834E-001
   4.70987E+000   6.42434E-001
   4.80501E+000   6.13401E-001
   4.90208E+000   5.85673E-001
   5.00111E+000   5.59192E-001
   5.10214E+000   5.33902E-001
   5.20521E+000   5.09750E-001
   5.31036E+000   4.86685E-001
   5.41763E+000   4.64659E-001
   5.52708E+000   4.43624E-001
   5.63873E+000   4.23536E-001
   5.75264E+000   4.04353E-001
   5.86885E+000   3.86034E-001
   5.98741E+000   3.68540E-001
   6.10836E+000   3.51834E-001
   6.23176E+000   3.35881E-001
   6.35765E+000   3.20645E-001
   6.48609E+000   3.06096E-001
   6.61711E+000   2.92202E-001
   6.75079E+000   2.78933E-001
   6.88716E+000   2.66262E-001
   7.02629E+000   2.54160E-001
   7.16823E+000   2.42603E-001
   7.31304E+000   2.31566E-001
   7.46077E+000   2.21026E-001
   7.61149E+000   2.10959E-001
   7.76525E+000   2.01345E-001
   7.92212E+000   1.92163E-001
   8.08217E+000   1.83393E-001
   8.24543E+000   1.75018E-001
   8.41200E+000   1.67019E-001
   8.58193E+000   1.59379E-001
   8.75530E+000   1.52082E-001
   8.93217E+000   1.45112E-001
   9.11261E+000   1.38456E-001
   9.29670E+000   1.32098E-001
   9.48451E+000   1.26026E-001
   9.67610E+000   1.20226E-001
   9.87158E+000   1.14687E-001
   1.00710E+001   1.09396E-001
   1.02744E+001   1.04343E-001
   1.04820E+001   9.95168E-002
   1.06938E+001   9.49076E-002
   1.09098E+001   9.05055E-002
   1.11302E+001   8.63015E-002
   1.13550E+001   8.22865E-002
   1.15844E+001   7.84524E-002
   1.18184E+001   7.47909E-002
   1.20572E+001   7.12946E-002
   1.23007E+001   6.79560E-002
   1.25492E+001   6.47683E-002
   1.28027E+001   6.17247E-002
   1.30614E+001   5.88188E-002
   1.33252E+001   5.60446E-002
   1.35944E+001   5.33962E-002
   1.38691E+001   5.08684E-002
   1.41492E+001   4.84557E-002
   1.44351E+001   4.61523E-002
   1.47267E+001   4.39535E-002
   1.50242E+001   4.18568E-002
