#           k/h    P           
   1.00000E-004   1.53042E+002
   1.02020E-004   1.56010E+002
   1.04081E-004   1.59035E+002
   1.06184E-004   1.62118E+002
   1.08329E-004   1.65262E+002
   1.10517E-004   1.68467E+002
   1.12750E-004   1.71733E+002
   1.15027E-004   1.75063E+002
   1.17351E-004   1.78458E+002
   1.19722E-004   1.81919E+002
   1.22140E-004   1.85447E+002
   1.24608E-004   1.89043E+002
   1.27125E-004   1.92709E+002
   1.29693E-004   1.96446E+002
   1.32313E-004   2.00256E+002
   1.34986E-004   2.04140E+002
   1.37713E-004   2.08099E+002
   1.40495E-004   2.12135E+002
   1.43333E-004   2.16249E+002
   1.46228E-004   2.20443E+002
   1.49182E-004   2.24719E+002
   1.52196E-004   2.29077E+002
   1.55271E-004   2.33521E+002
   1.58407E-004   2.38050E+002
   1.61607E-004   2.42668E+002
   1.64872E-004   2.47375E+002
   1.68203E-004   2.52173E+002
   1.71601E-004   2.57065E+002
   1.75067E-004   2.62052E+002
   1.78604E-004   2.67136E+002
   1.82212E-004   2.72318E+002
   1.85893E-004   2.77602E+002
   1.89648E-004   2.82988E+002
   1.93479E-004   2.88478E+002
   1.97388E-004   2.94076E+002
   2.01375E-004   2.99782E+002
   2.05443E-004   3.05599E+002
   2.09594E-004   3.11529E+002
   2.13828E-004   3.17575E+002
   2.18147E-004   3.23738E+002
   2.22554E-004   3.30021E+002
   2.27050E-004   3.36427E+002
   2.31637E-004   3.42957E+002
   2.36316E-004   3.49614E+002
   2.41090E-004   3.56401E+002
   2.45960E-004   3.63319E+002
   2.50929E-004   3.70373E+002
   2.55998E-004   3.77564E+002
   2.61170E-004   3.84895E+002
   2.66446E-004   3.92369E+002
   2.71828E-004   3.99989E+002
   2.77319E-004   4.07757E+002
   2.82922E-004   4.15677E+002
   2.88637E-004   4.23751E+002
   2.94468E-004   4.31983E+002
   3.00417E-004   4.40375E+002
   3.06485E-004   4.48931E+002
   3.12677E-004   4.57654E+002
   3.18993E-004   4.66548E+002
   3.25437E-004   4.75615E+002
   3.32012E-004   4.84860E+002
   3.38719E-004   4.94286E+002
   3.45561E-004   5.03896E+002
   3.52542E-004   5.13693E+002
   3.59664E-004   5.23683E+002
   3.66930E-004   5.33869E+002
   3.74342E-004   5.44254E+002
   3.81904E-004   5.54842E+002
   3.89619E-004   5.65639E+002
   3.97490E-004   5.76647E+002
   4.05520E-004   5.87871E+002
   4.13712E-004   5.99316E+002
   4.22070E-004   6.10986E+002
   4.30596E-004   6.22886E+002
   4.39295E-004   6.35020E+002
   4.48169E-004   6.47392E+002
   4.57222E-004   6.60009E+002
   4.66459E-004   6.72875E+002
   4.75882E-004   6.85995E+002
   4.85496E-004   6.99373E+002
   4.95303E-004   7.13017E+002
   5.05309E-004   7.26931E+002
   5.15517E-004   7.41120E+002
   5.25931E-004   7.55591E+002
   5.36556E-004   7.70349E+002
   5.47395E-004   7.85401E+002
   5.58453E-004   8.00752E+002
   5.69734E-004   8.16409E+002
   5.81244E-004   8.32378E+002
   5.92986E-004   8.48667E+002
   6.04965E-004   8.65281E+002
   6.17186E-004   8.82228E+002
   6.29654E-004   8.99515E+002
   6.42374E-004   9.17149E+002
   6.55350E-004   9.35138E+002
   6.68589E-004   9.53490E+002
   6.82096E-004   9.72213E+002
   6.95875E-004   9.91314E+002
   7.09933E-004   1.01080E+003
   7.24274E-004   1.03069E+003
   7.38906E-004   1.05098E+003
   7.53832E-004   1.07168E+003
   7.69061E-004   1.09281E+003
   7.84597E-004   1.11437E+003
   8.00447E-004   1.13637E+003
   8.16617E-004   1.15882E+003
   8.33114E-004   1.18174E+003
   8.49944E-004   1.20514E+003
   8.67114E-004   1.22901E+003
   8.84631E-004   1.25339E+003
   9.02501E-004   1.27827E+003
   9.20733E-004   1.30368E+003
   9.39333E-004   1.32962E+003
   9.58309E-004   1.35610E+003
   9.77668E-004   1.38315E+003
   9.97418E-004   1.41077E+003
   1.01757E-003   1.43897E+003
   1.03812E-003   1.46778E+003
   1.05910E-003   1.49721E+003
   1.08049E-003   1.52726E+003
   1.10232E-003   1.55797E+003
   1.12459E-003   1.58934E+003
   1.14730E-003   1.62139E+003
   1.17048E-003   1.65414E+003
   1.19413E-003   1.68760E+003
   1.21825E-003   1.72180E+003
   1.24286E-003   1.75675E+003
   1.26797E-003   1.79247E+003
   1.29358E-003   1.82899E+003
   1.31971E-003   1.86632E+003
   1.34637E-003   1.90447E+003
   1.37357E-003   1.94349E+003
   1.40132E-003   1.98337E+003
   1.42963E-003   2.02416E+003
   1.45851E-003   2.06586E+003
   1.48797E-003   2.10850E+003
   1.51803E-003   2.15211E+003
   1.54870E-003   2.19671E+003
   1.57998E-003   2.24232E+003
   1.61190E-003   2.28897E+003
   1.64446E-003   2.33668E+003
   1.67768E-003   2.38548E+003
   1.71158E-003   2.43539E+003
   1.74615E-003   2.48644E+003
   1.78143E-003   2.53865E+003
   1.81741E-003   2.59205E+003
   1.85413E-003   2.64666E+003
   1.89158E-003   2.70251E+003
   1.92980E-003   2.75964E+003
   1.96878E-003   2.81805E+003
   2.00855E-003   2.87778E+003
   2.04913E-003   2.93886E+003
   2.09052E-003   3.00131E+003
   2.13276E-003   3.06515E+003
   2.17584E-003   3.13042E+003
   2.21979E-003   3.19713E+003
   2.26464E-003   3.26532E+003
   2.31039E-003   3.33500E+003
   2.35706E-003   3.40621E+003
   2.40467E-003   3.47896E+003
   2.45325E-003   3.55329E+003
   2.50281E-003   3.62920E+003
   2.55337E-003   3.70674E+003
   2.60495E-003   3.78592E+003
   2.65758E-003   3.86677E+003
   2.71126E-003   3.94931E+003
   2.76603E-003   4.03356E+003
   2.82191E-003   4.11954E+003
   2.87892E-003   4.20728E+003
   2.93708E-003   4.29680E+003
   2.99641E-003   4.38812E+003
   3.05694E-003   4.48126E+003
   3.11870E-003   4.57625E+003
   3.18170E-003   4.67310E+003
   3.24597E-003   4.77183E+003
   3.31155E-003   4.87246E+003
   3.37844E-003   4.97501E+003
   3.44669E-003   5.07950E+003
   3.51632E-003   5.18594E+003
   3.58735E-003   5.29435E+003
   3.65982E-003   5.40475E+003
   3.73376E-003   5.51714E+003
   3.80918E-003   5.63154E+003
   3.88613E-003   5.74797E+003
   3.96464E-003   5.86642E+003
   4.04473E-003   5.98692E+003
   4.12644E-003   6.10946E+003
   4.20980E-003   6.23406E+003
   4.29484E-003   6.36072E+003
   4.38160E-003   6.48945E+003
   4.47012E-003   6.62023E+003
   4.56042E-003   6.75308E+003
   4.65255E-003   6.88799E+003
   4.74653E-003   7.02496E+003
   4.84242E-003   7.16399E+003
   4.94024E-003   7.30506E+003
   5.04004E-003   7.44816E+003
   5.14186E-003   7.59329E+003
   5.24573E-003   7.74042E+003
   5.35170E-003   7.88955E+003
   5.45981E-003   8.04065E+003
   5.57011E-003   8.19370E+003
   5.68263E-003   8.34868E+003
   5.79743E-003   8.50556E+003
   5.91455E-003   8.66431E+003
   6.03403E-003   8.82488E+003
   6.15592E-003   8.98727E+003
   6.28028E-003   9.15140E+003
   6.40715E-003   9.31726E+003
   6.53658E-003   9.48478E+003
   6.66863E-003   9.65391E+003
   6.80335E-003   9.82461E+003
   6.94078E-003   9.99681E+003
   7.08100E-003   1.01705E+004
   7.22404E-003   1.03455E+004
   7.36998E-003   1.05218E+004
   7.51886E-003   1.06993E+004
   7.67075E-003   1.08780E+004
   7.82571E-003   1.10578E+004
   7.98380E-003   1.12385E+004
   8.14509E-003   1.14201E+004
   8.30963E-003   1.16025E+004
   8.47750E-003   1.17855E+004
   8.64875E-003   1.19691E+004
   8.82347E-003   1.21531E+004
   9.00171E-003   1.23375E+004
   9.18356E-003   1.25221E+004
   9.36908E-003   1.27067E+004
   9.55835E-003   1.28912E+004
   9.75144E-003   1.30755E+004
   9.94843E-003   1.32595E+004
   1.01494E-002   1.34429E+004
   1.03544E-002   1.36255E+004
   1.05636E-002   1.38074E+004
   1.07770E-002   1.39881E+004
   1.09947E-002   1.41677E+004
   1.12168E-002   1.43457E+004
   1.14434E-002   1.45222E+004
   1.16746E-002   1.46971E+004
   1.19104E-002   1.48697E+004
   1.21510E-002   1.50400E+004
   1.23965E-002   1.52079E+004
   1.26469E-002   1.53730E+004
   1.29024E-002   1.55352E+004
   1.31631E-002   1.56943E+004
   1.34290E-002   1.58498E+004
   1.37003E-002   1.60017E+004
   1.39770E-002   1.61496E+004
   1.42594E-002   1.62934E+004
   1.45474E-002   1.64326E+004
   1.48413E-002   1.65671E+004
   1.51411E-002   1.66966E+004
   1.54470E-002   1.68208E+004
   1.57590E-002   1.69393E+004
   1.60774E-002   1.70521E+004
   1.64022E-002   1.71587E+004
   1.67335E-002   1.72589E+004
   1.70716E-002   1.73524E+004
   1.74164E-002   1.74390E+004
   1.77683E-002   1.75184E+004
   1.81272E-002   1.75902E+004
   1.84934E-002   1.76543E+004
   1.88670E-002   1.77105E+004
   1.92481E-002   1.77584E+004
   1.96370E-002   1.77979E+004
   2.00337E-002   1.78287E+004
   2.04384E-002   1.78506E+004
   2.08513E-002   1.78636E+004
   2.12725E-002   1.78673E+004
   2.17022E-002   1.78617E+004
   2.21406E-002   1.78467E+004
   2.25879E-002   1.78221E+004
   2.30442E-002   1.77880E+004
   2.35097E-002   1.77442E+004
   2.39847E-002   1.76908E+004
   2.44692E-002   1.76278E+004
   2.49635E-002   1.75554E+004
   2.54678E-002   1.74735E+004
   2.59823E-002   1.73823E+004
   2.65072E-002   1.72821E+004
   2.70426E-002   1.71730E+004
   2.75889E-002   1.70554E+004
   2.81463E-002   1.69295E+004
   2.87149E-002   1.67957E+004
   2.92949E-002   1.66545E+004
   2.98867E-002   1.65062E+004
   3.04905E-002   1.63515E+004
   3.11064E-002   1.61907E+004
   3.17348E-002   1.60245E+004
   3.23759E-002   1.58536E+004
   3.30299E-002   1.56785E+004
   3.36972E-002   1.55000E+004
   3.43779E-002   1.53187E+004
   3.50724E-002   1.51355E+004
   3.57809E-002   1.49510E+004
   3.65038E-002   1.47661E+004
   3.72412E-002   1.45816E+004
   3.79935E-002   1.43982E+004
   3.87610E-002   1.42166E+004
   3.95440E-002   1.40378E+004
   4.03429E-002   1.38623E+004
   4.11579E-002   1.36909E+004
   4.19893E-002   1.35243E+004
   4.28375E-002   1.33631E+004
   4.37029E-002   1.32078E+004
   4.45858E-002   1.30590E+004
   4.54865E-002   1.29169E+004
   4.64053E-002   1.27819E+004
   4.73428E-002   1.26542E+004
   4.82992E-002   1.25339E+004
   4.92749E-002   1.24208E+004
   5.02703E-002   1.23149E+004
   5.12858E-002   1.22158E+004
   5.23219E-002   1.21229E+004
   5.33789E-002   1.20358E+004
   5.44572E-002   1.19534E+004
   5.55573E-002   1.18749E+004
   5.66796E-002   1.17991E+004
   5.78246E-002   1.17248E+004
   5.89927E-002   1.16504E+004
   6.01845E-002   1.15745E+004
   6.14003E-002   1.14954E+004
   6.26407E-002   1.14113E+004
   6.39061E-002   1.13205E+004
   6.51971E-002   1.12214E+004
   6.65142E-002   1.11121E+004
   6.78578E-002   1.09912E+004
   6.92287E-002   1.08574E+004
   7.06272E-002   1.07095E+004
   7.20539E-002   1.05468E+004
   7.35095E-002   1.03688E+004
   7.49945E-002   1.01756E+004
   7.65095E-002   9.96774E+003
   7.80551E-002   9.74607E+003
   7.96319E-002   9.51210E+003
   8.12406E-002   9.26773E+003
   8.28817E-002   9.01534E+003
   8.45561E-002   8.75764E+003
   8.62642E-002   8.49766E+003
   8.80068E-002   8.23860E+003
   8.97847E-002   7.98373E+003
   9.15985E-002   7.73628E+003
   9.34489E-002   7.49929E+003
   9.53367E-002   7.27551E+003
   9.72626E-002   7.06723E+003
   9.92274E-002   6.87624E+003
   1.01232E-001   6.70367E+003
   1.03277E-001   6.54996E+003
   1.05363E-001   6.41480E+003
   1.07492E-001   6.29705E+003
   1.09663E-001   6.19480E+003
   1.11879E-001   6.10538E+003
   1.14139E-001   6.02542E+003
   1.16445E-001   5.95101E+003
   1.18797E-001   5.87783E+003
   1.21197E-001   5.80145E+003
   1.23645E-001   5.71761E+003
   1.26143E-001   5.62250E+003
   1.28691E-001   5.51316E+003
   1.31291E-001   5.38773E+003
   1.33943E-001   5.24571E+003
   1.36649E-001   5.08810E+003
   1.39409E-001   4.91734E+003
   1.42226E-001   4.73716E+003
   1.45099E-001   4.55227E+003
   1.48030E-001   4.36793E+003
   1.51020E-001   4.18945E+003
   1.54071E-001   4.02167E+003
   1.57184E-001   3.86854E+003
   1.60359E-001   3.73272E+003
   1.63598E-001   3.61535E+003
   1.66903E-001   3.51592E+003
   1.70275E-001   3.43230E+003
   1.73715E-001   3.36093E+003
   1.77224E-001   3.29714E+003
   1.80804E-001   3.23568E+003
   1.84457E-001   3.17134E+003
   1.88183E-001   3.09970E+003
   1.91985E-001   3.01749E+003
   1.95863E-001   2.92381E+003
   1.99820E-001   2.81959E+003
   2.03856E-001   2.70777E+003
   2.07974E-001   2.59276E+003
   2.12176E-001   2.47958E+003
   2.16462E-001   2.37301E+003
   2.20835E-001   2.27673E+003
   2.25296E-001   2.19274E+003
   2.29847E-001   2.12107E+003
   2.34490E-001   2.05983E+003
   2.39227E-001   2.00560E+003
   2.44060E-001   1.95418E+003
   2.48990E-001   1.90142E+003
   2.54020E-001   1.84422E+003
   2.59152E-001   1.78117E+003
   2.64387E-001   1.71287E+003
   2.69728E-001   1.64169E+003
   2.75177E-001   1.57097E+003
   2.80736E-001   1.50407E+003
   2.86407E-001   1.44343E+003
   2.92193E-001   1.38995E+003
   2.98096E-001   1.34283E+003
   3.04118E-001   1.29994E+003
   3.10261E-001   1.25858E+003
   3.16529E-001   1.21636E+003
   3.22923E-001   1.17200E+003
   3.29447E-001   1.12569E+003
   3.36102E-001   1.07883E+003
   3.42892E-001   1.03340E+003
   3.49819E-001   9.91065E+002
   3.56885E-001   9.52546E+002
   3.64095E-001   9.17428E+002
   3.71450E-001   8.84453E+002
   3.78954E-001   8.52173E+002
   3.86609E-001   8.19622E+002
   3.94419E-001   7.86703E+002
   4.02387E-001   7.54094E+002
   4.10516E-001   7.22766E+002
   4.18809E-001   6.93406E+002
   4.27269E-001   6.66074E+002
   4.35901E-001   6.40254E+002
   4.44706E-001   6.15239E+002
   4.53690E-001   5.90571E+002
   4.62855E-001   5.66258E+002
   4.72206E-001   5.42667E+002
   4.81745E-001   5.20182E+002
   4.91477E-001   4.98924E+002
   5.01405E-001   4.78699E+002
   5.11534E-001   4.59189E+002
   5.21868E-001   4.40200E+002
   5.32411E-001   4.21765E+002
   5.43166E-001   4.04040E+002
   5.54139E-001   3.87129E+002
   5.65333E-001   3.70983E+002
   5.76753E-001   3.55467E+002
   5.88404E-001   3.40483E+002
   6.00291E-001   3.26030E+002
   6.12418E-001   3.12160E+002
   6.24789E-001   2.98887E+002
   6.37411E-001   2.86168E+002
   6.50288E-001   2.73942E+002
   6.63424E-001   2.62183E+002
   6.76826E-001   2.50896E+002
   6.90499E-001   2.40082E+002
   7.04448E-001   2.29716E+002
   7.18679E-001   2.19768E+002
   7.33197E-001   2.10221E+002
   7.48009E-001   2.01067E+002
   7.63119E-001   1.92295E+002
   7.78536E-001   1.83885E+002
   7.94263E-001   1.75822E+002
   8.10308E-001   1.68094E+002
   8.26677E-001   1.60690E+002
   8.43378E-001   1.53596E+002
   8.60415E-001   1.46800E+002
   8.77797E-001   1.40290E+002
   8.95529E-001   1.34057E+002
   9.13620E-001   1.28088E+002
   9.32076E-001   1.22373E+002
   9.50906E-001   1.16902E+002
   9.70115E-001   1.11665E+002
   9.89713E-001   1.06653E+002
   1.00971E+000   1.01857E+002
   1.03010E+000   9.72664E+001
   1.05091E+000   9.28744E+001
   1.07214E+000   8.86727E+001
   1.09380E+000   8.46535E+001
   1.11590E+000   8.08095E+001
   1.13844E+000   7.71335E+001
   1.16144E+000   7.36186E+001
   1.18490E+000   7.02581E+001
   1.20884E+000   6.70455E+001
   1.23326E+000   6.39743E+001
   1.25817E+000   6.10387E+001
   1.28359E+000   5.82330E+001
   1.30952E+000   5.55516E+001
   1.33597E+000   5.29895E+001
   1.36296E+000   5.05417E+001
   1.39049E+000   4.82033E+001
   1.41858E+000   4.59697E+001
   1.44724E+000   4.38362E+001
   1.47648E+000   4.17986E+001
   1.50630E+000   3.98526E+001
   1.53673E+000   3.79943E+001
   1.56778E+000   3.62200E+001
   1.59945E+000   3.45261E+001
   1.63176E+000   3.29092E+001
   1.66472E+000   3.13658E+001
   1.69835E+000   2.98926E+001
   1.73266E+000   2.84866E+001
   1.76766E+000   2.71449E+001
   1.80337E+000   2.58645E+001
   1.83980E+000   2.46429E+001
   1.87697E+000   2.34775E+001
   1.91489E+000   2.23657E+001
   1.95357E+000   2.13052E+001
   1.99304E+000   2.02936E+001
   2.03330E+000   1.93288E+001
   2.07437E+000   1.84086E+001
   2.11628E+000   1.75312E+001
   2.15903E+000   1.66946E+001
   2.20265E+000   1.58969E+001
   2.24714E+000   1.51364E+001
   2.29254E+000   1.44114E+001
   2.33885E+000   1.37203E+001
   2.38610E+000   1.30615E+001
   2.43430E+000   1.24337E+001
   2.48348E+000   1.18353E+001
   2.53365E+000   1.12650E+001
   2.58483E+000   1.07217E+001
   2.63705E+000   1.02039E+001
   2.69032E+000   9.71064E+000
   2.74466E+000   9.24067E+000
   2.80011E+000   8.79296E+000
   2.85668E+000   8.36649E+000
   2.91439E+000   7.96026E+000
   2.97326E+000   7.57335E+000
   3.03332E+000   7.20485E+000
   3.09460E+000   6.85392E+000
   3.15712E+000   6.51974E+000
   3.22090E+000   6.20153E+000
   3.28596E+000   5.89855E+000
   3.35234E+000   5.61007E+000
   3.42006E+000   5.33544E+000
   3.48916E+000   5.07399E+000
   3.55964E+000   4.82511E+000
   3.63155E+000   4.58821E+000
   3.70491E+000   4.36273E+000
   3.77976E+000   4.14812E+000
   3.85611E+000   3.94388E+000
   3.93401E+000   3.74952E+000
   4.01348E+000   3.56457E+000
   4.09456E+000   3.38857E+000
   4.17727E+000   3.22112E+000
   4.26166E+000   3.06180E+000
   4.34775E+000   2.91023E+000
   4.43558E+000   2.76603E+000
   4.52519E+000   2.62886E+000
   4.61660E+000   2.49838E+000
   4.70987E+000   2.37427E+000
   4.80501E+000   2.25622E+000
   4.90208E+000   2.14395E+000
   5.00111E+000   2.03718E+000
   5.10214E+000   1.93564E+000
   5.20521E+000   1.83908E+000
   5.31036E+000   1.74726E+000
   5.41763E+000   1.65996E+000
   5.52708E+000   1.57696E+000
   5.63873E+000   1.49804E+000
   5.75264E+000   1.42301E+000
   5.86885E+000   1.35169E+000
   5.98741E+000   1.28389E+000
   6.10836E+000   1.21944E+000
   6.23176E+000   1.15818E+000
   6.35765E+000   1.09995E+000
   6.48609E+000   1.04461E+000
   6.61711E+000   9.92013E-001
   6.75079E+000   9.42030E-001
   6.88716E+000   8.94530E-001
   7.02629E+000   8.49392E-001
   7.16823E+000   8.06502E-001
   7.31304E+000   7.65748E-001
   7.46077E+000   7.27027E-001
   7.61149E+000   6.90238E-001
   7.76525E+000   6.55286E-001
   7.92212E+000   6.22082E-001
   8.08217E+000   5.90539E-001
   8.24543E+000   5.60575E-001
   8.41200E+000   5.32112E-001
   8.58193E+000   5.05076E-001
   8.75530E+000   4.79397E-001
   8.93217E+000   4.55007E-001
   9.11261E+000   4.31843E-001
   9.29670E+000   4.09845E-001
   9.48451E+000   3.88954E-001
   9.67610E+000   3.69114E-001
   9.87158E+000   3.50275E-001
   1.00710E+001   3.32387E-001
   1.02744E+001   3.15401E-001
   1.04820E+001   2.99273E-001
   1.06938E+001   2.83961E-001
   1.09098E+001   2.69423E-001
   1.11302E+001   2.55622E-001
   1.13550E+001   2.42519E-001
   1.15844E+001   2.30081E-001
   1.18184E+001   2.18273E-001
   1.20572E+001   2.07065E-001
   1.23007E+001   1.96426E-001
   1.25492E+001   1.86328E-001
   1.28027E+001   1.76744E-001
   1.30614E+001   1.67647E-001
   1.33252E+001   1.59014E-001
   1.35944E+001   1.50821E-001
   1.38691E+001   1.43045E-001
   1.41492E+001   1.35667E-001
   1.44351E+001   1.28664E-001
   1.47267E+001   1.22019E-001
   1.50242E+001   1.15715E-001
