#           k/h    P           
   1.00000E-004   5.16332E+002
   1.02020E-004   5.26336E+002
   1.04081E-004   5.36534E+002
   1.06184E-004   5.46928E+002
   1.08329E-004   5.57524E+002
   1.10517E-004   5.68325E+002
   1.12750E-004   5.79335E+002
   1.15027E-004   5.90557E+002
   1.17351E-004   6.01997E+002
   1.19722E-004   6.13659E+002
   1.22140E-004   6.25545E+002
   1.24608E-004   6.37662E+002
   1.27125E-004   6.50013E+002
   1.29693E-004   6.62602E+002
   1.32313E-004   6.75435E+002
   1.34986E-004   6.88516E+002
   1.37713E-004   7.01850E+002
   1.40495E-004   7.15441E+002
   1.43333E-004   7.29295E+002
   1.46228E-004   7.43417E+002
   1.49182E-004   7.57812E+002
   1.52196E-004   7.72484E+002
   1.55271E-004   7.87440E+002
   1.58407E-004   8.02685E+002
   1.61607E-004   8.18224E+002
   1.64872E-004   8.34063E+002
   1.68203E-004   8.50207E+002
   1.71601E-004   8.66663E+002
   1.75067E-004   8.83437E+002
   1.78604E-004   9.00534E+002
   1.82212E-004   9.17961E+002
   1.85893E-004   9.35724E+002
   1.89648E-004   9.53829E+002
   1.93479E-004   9.72283E+002
   1.97388E-004   9.91092E+002
   2.01375E-004   1.01026E+003
   2.05443E-004   1.02981E+003
   2.09594E-004   1.04972E+003
   2.13828E-004   1.07002E+003
   2.18147E-004   1.09072E+003
   2.22554E-004   1.11180E+003
   2.27050E-004   1.13330E+003
   2.31637E-004   1.15521E+003
   2.36316E-004   1.17754E+003
   2.41090E-004   1.20030E+003
   2.45960E-004   1.22349E+003
   2.50929E-004   1.24713E+003
   2.55998E-004   1.27123E+003
   2.61170E-004   1.29578E+003
   2.66446E-004   1.32081E+003
   2.71828E-004   1.34632E+003
   2.77319E-004   1.37231E+003
   2.82922E-004   1.39881E+003
   2.88637E-004   1.42581E+003
   2.94468E-004   1.45333E+003
   3.00417E-004   1.48137E+003
   3.06485E-004   1.50995E+003
   3.12677E-004   1.53908E+003
   3.18993E-004   1.56876E+003
   3.25437E-004   1.59901E+003
   3.32012E-004   1.62983E+003
   3.38719E-004   1.66124E+003
   3.45561E-004   1.69326E+003
   3.52542E-004   1.72588E+003
   3.59664E-004   1.75912E+003
   3.66930E-004   1.79299E+003
   3.74342E-004   1.82751E+003
   3.81904E-004   1.86268E+003
   3.89619E-004   1.89852E+003
   3.97490E-004   1.93503E+003
   4.05520E-004   1.97224E+003
   4.13712E-004   2.01016E+003
   4.22070E-004   2.04879E+003
   4.30596E-004   2.08815E+003
   4.39295E-004   2.12825E+003
   4.48169E-004   2.16911E+003
   4.57222E-004   2.21074E+003
   4.66459E-004   2.25315E+003
   4.75882E-004   2.29636E+003
   4.85496E-004   2.34038E+003
   4.95303E-004   2.38522E+003
   5.05309E-004   2.43091E+003
   5.15517E-004   2.47745E+003
   5.25931E-004   2.52486E+003
   5.36556E-004   2.57315E+003
   5.47395E-004   2.62235E+003
   5.58453E-004   2.67246E+003
   5.69734E-004   2.72350E+003
   5.81244E-004   2.77549E+003
   5.92986E-004   2.82845E+003
   6.04965E-004   2.88239E+003
   6.17186E-004   2.93732E+003
   6.29654E-004   2.99327E+003
   6.42374E-004   3.05025E+003
   6.55350E-004   3.10827E+003
   6.68589E-004   3.16737E+003
   6.82096E-004   3.22754E+003
   6.95875E-004   3.28882E+003
   7.09933E-004   3.35122E+003
   7.24274E-004   3.41476E+003
   7.38906E-004   3.47946E+003
   7.53832E-004   3.54533E+003
   7.69061E-004   3.61240E+003
   7.84597E-004   3.68068E+003
   8.00447E-004   3.75019E+003
   8.16617E-004   3.82096E+003
   8.33114E-004   3.89300E+003
   8.49944E-004   3.96633E+003
   8.67114E-004   4.04098E+003
   8.84631E-004   4.11696E+003
   9.02501E-004   4.19430E+003
   9.20733E-004   4.27301E+003
   9.39333E-004   4.35312E+003
   9.58309E-004   4.43464E+003
   9.77668E-004   4.51760E+003
   9.97418E-004   4.60202E+003
   1.01757E-003   4.68792E+003
   1.03812E-003   4.77533E+003
   1.05910E-003   4.86426E+003
   1.08049E-003   4.95473E+003
   1.10232E-003   5.04677E+003
   1.12459E-003   5.14040E+003
   1.14730E-003   5.23564E+003
   1.17048E-003   5.33252E+003
   1.19413E-003   5.43105E+003
   1.21825E-003   5.53126E+003
   1.24286E-003   5.63316E+003
   1.26797E-003   5.73679E+003
   1.29358E-003   5.84216E+003
   1.31971E-003   5.94930E+003
   1.34637E-003   6.05822E+003
   1.37357E-003   6.16895E+003
   1.40132E-003   6.28151E+003
   1.42963E-003   6.39593E+003
   1.45851E-003   6.51222E+003
   1.48797E-003   6.63040E+003
   1.51803E-003   6.75049E+003
   1.54870E-003   6.87253E+003
   1.57998E-003   6.99652E+003
   1.61190E-003   7.12248E+003
   1.64446E-003   7.25045E+003
   1.67768E-003   7.38043E+003
   1.71158E-003   7.51245E+003
   1.74615E-003   7.64652E+003
   1.78143E-003   7.78267E+003
   1.81741E-003   7.92091E+003
   1.85413E-003   8.06125E+003
   1.89158E-003   8.20373E+003
   1.92980E-003   8.34834E+003
   1.96878E-003   8.49512E+003
   2.00855E-003   8.64406E+003
   2.04913E-003   8.79520E+003
   2.09052E-003   8.94853E+003
   2.13276E-003   9.10408E+003
   2.17584E-003   9.26186E+003
   2.21979E-003   9.42187E+003
   2.26464E-003   9.58413E+003
   2.31039E-003   9.74865E+003
   2.35706E-003   9.91544E+003
   2.40467E-003   1.00845E+004
   2.45325E-003   1.02558E+004
   2.50281E-003   1.04294E+004
   2.55337E-003   1.06054E+004
   2.60495E-003   1.07836E+004
   2.65758E-003   1.09640E+004
   2.71126E-003   1.11468E+004
   2.76603E-003   1.13319E+004
   2.82191E-003   1.15192E+004
   2.87892E-003   1.17089E+004
   2.93708E-003   1.19008E+004
   2.99641E-003   1.20950E+004
   3.05694E-003   1.22914E+004
   3.11870E-003   1.24901E+004
   3.18170E-003   1.26910E+004
   3.24597E-003   1.28942E+004
   3.31155E-003   1.30995E+004
   3.37844E-003   1.33070E+004
   3.44669E-003   1.35167E+004
   3.51632E-003   1.37285E+004
   3.58735E-003   1.39425E+004
   3.65982E-003   1.41585E+004
   3.73376E-003   1.43765E+004
   3.80918E-003   1.45966E+004
   3.88613E-003   1.48186E+004
   3.96464E-003   1.50426E+004
   4.04473E-003   1.52685E+004
   4.12644E-003   1.54962E+004
   4.20980E-003   1.57257E+004
   4.29484E-003   1.59570E+004
   4.38160E-003   1.61900E+004
   4.47012E-003   1.64246E+004
   4.56042E-003   1.66608E+004
   4.65255E-003   1.68985E+004
   4.74653E-003   1.71376E+004
   4.84242E-003   1.73781E+004
   4.94024E-003   1.76199E+004
   5.04004E-003   1.78630E+004
   5.14186E-003   1.81071E+004
   5.24573E-003   1.83523E+004
   5.35170E-003   1.85984E+004
   5.45981E-003   1.88454E+004
   5.57011E-003   1.90932E+004
   5.68263E-003   1.93416E+004
   5.79743E-003   1.95905E+004
   5.91455E-003   1.98399E+004
   6.03403E-003   2.00896E+004
   6.15592E-003   2.03395E+004
   6.28028E-003   2.05894E+004
   6.40715E-003   2.08393E+004
   6.53658E-003   2.10889E+004
   6.66863E-003   2.13382E+004
   6.80335E-003   2.15870E+004
   6.94078E-003   2.18352E+004
   7.08100E-003   2.20825E+004
   7.22404E-003   2.23288E+004
   7.36998E-003   2.25740E+004
   7.51886E-003   2.28178E+004
   7.67075E-003   2.30602E+004
   7.82571E-003   2.33009E+004
   7.98380E-003   2.35396E+004
   8.14509E-003   2.37763E+004
   8.30963E-003   2.40107E+004
   8.47750E-003   2.42426E+004
   8.64875E-003   2.44718E+004
   8.82347E-003   2.46981E+004
   9.00171E-003   2.49212E+004
   9.18356E-003   2.51408E+004
   9.36908E-003   2.53569E+004
   9.55835E-003   2.55690E+004
   9.75144E-003   2.57771E+004
   9.94843E-003   2.59807E+004
   1.01494E-002   2.61797E+004
   1.03544E-002   2.63737E+004
   1.05636E-002   2.65626E+004
   1.07770E-002   2.67460E+004
   1.09947E-002   2.69236E+004
   1.12168E-002   2.70952E+004
   1.14434E-002   2.72604E+004
   1.16746E-002   2.74190E+004
   1.19104E-002   2.75707E+004
   1.21510E-002   2.77151E+004
   1.23965E-002   2.78520E+004
   1.26469E-002   2.79810E+004
   1.29024E-002   2.81018E+004
   1.31631E-002   2.82142E+004
   1.34290E-002   2.83178E+004
   1.37003E-002   2.84122E+004
   1.39770E-002   2.84972E+004
   1.42594E-002   2.85725E+004
   1.45474E-002   2.86378E+004
   1.48413E-002   2.86927E+004
   1.51411E-002   2.87369E+004
   1.54470E-002   2.87702E+004
   1.57590E-002   2.87923E+004
   1.60774E-002   2.88028E+004
   1.64022E-002   2.88015E+004
   1.67335E-002   2.87882E+004
   1.70716E-002   2.87626E+004
   1.74164E-002   2.87245E+004
   1.77683E-002   2.86736E+004
   1.81272E-002   2.86098E+004
   1.84934E-002   2.85328E+004
   1.88670E-002   2.84426E+004
   1.92481E-002   2.83389E+004
   1.96370E-002   2.82218E+004
   2.00337E-002   2.80910E+004
   2.04384E-002   2.79466E+004
   2.08513E-002   2.77884E+004
   2.12725E-002   2.76167E+004
   2.17022E-002   2.74313E+004
   2.21406E-002   2.72324E+004
   2.25879E-002   2.70202E+004
   2.30442E-002   2.67947E+004
   2.35097E-002   2.65563E+004
   2.39847E-002   2.63052E+004
   2.44692E-002   2.60416E+004
   2.49635E-002   2.57661E+004
   2.54678E-002   2.54789E+004
   2.59823E-002   2.51806E+004
   2.65072E-002   2.48716E+004
   2.70426E-002   2.45526E+004
   2.75889E-002   2.42242E+004
   2.81463E-002   2.38870E+004
   2.87149E-002   2.35417E+004
   2.92949E-002   2.31892E+004
   2.98867E-002   2.28302E+004
   3.04905E-002   2.24655E+004
   3.11064E-002   2.20962E+004
   3.17348E-002   2.17231E+004
   3.23759E-002   2.13472E+004
   3.30299E-002   2.09694E+004
   3.36972E-002   2.05909E+004
   3.43779E-002   2.02125E+004
   3.50724E-002   1.98354E+004
   3.57809E-002   1.94605E+004
   3.65038E-002   1.90888E+004
   3.72412E-002   1.87215E+004
   3.79935E-002   1.83594E+004
   3.87610E-002   1.80034E+004
   3.95440E-002   1.76546E+004
   4.03429E-002   1.73137E+004
   4.11579E-002   1.69814E+004
   4.19893E-002   1.66585E+004
   4.28375E-002   1.63457E+004
   4.37029E-002   1.60433E+004
   4.45858E-002   1.57519E+004
   4.54865E-002   1.54717E+004
   4.64053E-002   1.52029E+004
   4.73428E-002   1.49456E+004
   4.82992E-002   1.46996E+004
   4.92749E-002   1.44647E+004
   5.02703E-002   1.42405E+004
   5.12858E-002   1.40265E+004
   5.23219E-002   1.38218E+004
   5.33789E-002   1.36257E+004
   5.44572E-002   1.34371E+004
   5.55573E-002   1.32548E+004
   5.66796E-002   1.30774E+004
   5.78246E-002   1.29035E+004
   5.89927E-002   1.27314E+004
   6.01845E-002   1.25595E+004
   6.14003E-002   1.23860E+004
   6.26407E-002   1.22092E+004
   6.39061E-002   1.20273E+004
   6.51971E-002   1.18387E+004
   6.65142E-002   1.16418E+004
   6.78578E-002   1.14352E+004
   6.92287E-002   1.12177E+004
   7.06272E-002   1.09886E+004
   7.20539E-002   1.07473E+004
   7.35095E-002   1.04937E+004
   7.49945E-002   1.02282E+004
   7.65095E-002   9.95137E+003
   7.80551E-002   9.66460E+003
   7.96319E-002   9.36949E+003
   8.12406E-002   9.06815E+003
   8.28817E-002   8.76301E+003
   8.45561E-002   8.45682E+003
   8.62642E-002   8.15250E+003
   8.80068E-002   7.85310E+003
   8.97847E-002   7.56165E+003
   9.15985E-002   7.28103E+003
   9.34489E-002   7.01391E+003
   9.53367E-002   6.76257E+003
   9.72626E-002   6.52886E+003
   9.92274E-002   6.31408E+003
   1.01232E-001   6.11895E+003
   1.03277E-001   5.94351E+003
   1.05363E-001   5.78710E+003
   1.07492E-001   5.64840E+003
   1.09663E-001   5.52538E+003
   1.11879E-001   5.41541E+003
   1.14139E-001   5.31530E+003
   1.16445E-001   5.22144E+003
   1.18797E-001   5.12996E+003
   1.21197E-001   5.03699E+003
   1.23645E-001   4.93883E+003
   1.26143E-001   4.83230E+003
   1.28691E-001   4.71497E+003
   1.31291E-001   4.58541E+003
   1.33943E-001   4.44336E+003
   1.36649E-001   4.28981E+003
   1.39409E-001   4.12694E+003
   1.42226E-001   3.95797E+003
   1.45099E-001   3.78689E+003
   1.48030E-001   3.61802E+003
   1.51020E-001   3.45570E+003
   1.54071E-001   3.30379E+003
   1.57184E-001   3.16535E+003
   1.60359E-001   3.04238E+003
   1.63598E-001   2.93558E+003
   1.66903E-001   2.84433E+003
   1.70275E-001   2.76672E+003
   1.73715E-001   2.69973E+003
   1.77224E-001   2.63948E+003
   1.80804E-001   2.58169E+003
   1.84457E-001   2.52218E+003
   1.88183E-001   2.45740E+003
   1.91985E-001   2.38496E+003
   1.95863E-001   2.30404E+003
   1.99820E-001   2.21546E+003
   2.03856E-001   2.12161E+003
   2.07974E-001   2.02593E+003
   2.12176E-001   1.93235E+003
   2.16462E-001   1.84453E+003
   2.20835E-001   1.76528E+003
   2.25296E-001   1.69606E+003
   2.29847E-001   1.63679E+003
   2.34490E-001   1.58593E+003
   2.39227E-001   1.54080E+003
   2.44060E-001   1.49811E+003
   2.48990E-001   1.45466E+003
   2.54020E-001   1.40808E+003
   2.59152E-001   1.35731E+003
   2.64387E-001   1.30282E+003
   2.69728E-001   1.24641E+003
   2.75177E-001   1.19062E+003
   2.80736E-001   1.13798E+003
   2.86407E-001   1.09032E+003
   2.92193E-001   1.04826E+003
   2.98096E-001   1.01118E+003
   3.04118E-001   9.77448E+002
   3.10261E-001   9.45002E+002
   3.16529E-001   9.12046E+002
   3.22923E-001   8.77618E+002
   3.29447E-001   8.41852E+002
   3.36102E-001   8.05808E+002
   3.42892E-001   7.70948E+002
   3.49819E-001   7.38510E+002
   3.56885E-001   7.09019E+002
   3.64095E-001   6.82148E+002
   3.71450E-001   6.56951E+002
   3.78954E-001   6.32343E+002
   3.86609E-001   6.07603E+002
   3.94419E-001   5.82657E+002
   4.02387E-001   5.58005E+002
   4.10516E-001   5.34362E+002
   4.18809E-001   5.12230E+002
   4.27269E-001   4.91645E+002
   4.35901E-001   4.72224E+002
   4.44706E-001   4.53437E+002
   4.53690E-001   4.34944E+002
   4.62855E-001   4.16750E+002
   4.72206E-001   3.99122E+002
   4.81745E-001   3.82341E+002
   4.91477E-001   3.66490E+002
   5.01405E-001   3.51425E+002
   5.11534E-001   3.36910E+002
   5.21868E-001   3.22800E+002
   5.32411E-001   3.09118E+002
   5.43166E-001   2.95976E+002
   5.54139E-001   2.83449E+002
   5.65333E-001   2.71499E+002
   5.76753E-001   2.60026E+002
   5.88404E-001   2.48956E+002
   6.00291E-001   2.38288E+002
   6.12418E-001   2.28058E+002
   6.24789E-001   2.18277E+002
   6.37411E-001   2.08909E+002
   6.50288E-001   1.99912E+002
   6.63424E-001   1.91265E+002
   6.76826E-001   1.82970E+002
   6.90499E-001   1.75027E+002
   7.04448E-001   1.67419E+002
   7.18679E-001   1.60121E+002
   7.33197E-001   1.53121E+002
   7.48009E-001   1.46413E+002
   7.63119E-001   1.39989E+002
   7.78536E-001   1.33833E+002
   7.94263E-001   1.27933E+002
   8.10308E-001   1.22281E+002
   8.26677E-001   1.16869E+002
   8.43378E-001   1.11685E+002
   8.60415E-001   1.06721E+002
   8.77797E-001   1.01968E+002
   8.95529E-001   9.74187E+001
   9.13620E-001   9.30639E+001
   9.32076E-001   8.88959E+001
   9.50906E-001   8.49071E+001
   9.70115E-001   8.10903E+001
   9.89713E-001   7.74383E+001
   1.00971E+000   7.39442E+001
   1.03010E+000   7.06015E+001
   1.05091E+000   6.74041E+001
   1.07214E+000   6.43460E+001
   1.09380E+000   6.14214E+001
   1.11590E+000   5.86250E+001
   1.13844E+000   5.59515E+001
   1.16144E+000   5.33957E+001
   1.18490E+000   5.09527E+001
   1.20884E+000   4.86176E+001
   1.23326E+000   4.63858E+001
   1.25817E+000   4.42529E+001
   1.28359E+000   4.22147E+001
   1.30952E+000   4.02673E+001
   1.33597E+000   3.84067E+001
   1.36296E+000   3.66295E+001
   1.39049E+000   3.49319E+001
   1.41858E+000   3.33107E+001
   1.44724E+000   3.17624E+001
   1.47648E+000   3.02838E+001
   1.50630E+000   2.88719E+001
   1.53673E+000   2.75238E+001
   1.56778E+000   2.62368E+001
   1.59945E+000   2.50082E+001
   1.63176E+000   2.38356E+001
   1.66472E+000   2.27165E+001
   1.69835E+000   2.16484E+001
   1.73266E+000   2.06291E+001
   1.76766E+000   1.96564E+001
   1.80337E+000   1.87284E+001
   1.83980E+000   1.78430E+001
   1.87697E+000   1.69984E+001
   1.91489E+000   1.61928E+001
   1.95357E+000   1.54243E+001
   1.99304E+000   1.46914E+001
   2.03330E+000   1.39923E+001
   2.07437E+000   1.33258E+001
   2.11628E+000   1.26902E+001
   2.15903E+000   1.20842E+001
   2.20265E+000   1.15064E+001
   2.24714E+000   1.09556E+001
   2.29254E+000   1.04305E+001
   2.33885E+000   9.93001E+000
   2.38610E+000   9.45298E+000
   2.43430E+000   8.99834E+000
   2.48348E+000   8.56507E+000
   2.53365E+000   8.15220E+000
   2.58483E+000   7.75880E+000
   2.63705E+000   7.38396E+000
   2.69032E+000   7.02684E+000
   2.74466E+000   6.68661E+000
   2.80011E+000   6.36252E+000
   2.85668E+000   6.05381E+000
   2.91439E+000   5.75976E+000
   2.97326E+000   5.47971E+000
   3.03332E+000   5.21299E+000
   3.09460E+000   4.95900E+000
   3.15712E+000   4.71713E+000
   3.22090E+000   4.48683E+000
   3.28596E+000   4.26756E+000
   3.35234E+000   4.05879E+000
   3.42006E+000   3.86004E+000
   3.48916E+000   3.67085E+000
   3.55964E+000   3.49075E+000
   3.63155E+000   3.31932E+000
   3.70491E+000   3.15616E+000
   3.77976E+000   3.00087E+000
   3.85611E+000   2.85309E+000
   3.93401E+000   2.71245E+000
   4.01348E+000   2.57863E+000
   4.09456E+000   2.45129E+000
   4.17727E+000   2.33013E+000
   4.26166E+000   2.21486E+000
   4.34775E+000   2.10519E+000
   4.43558E+000   2.00087E+000
   4.52519E+000   1.90163E+000
   4.61660E+000   1.80723E+000
   4.70987E+000   1.71743E+000
   4.80501E+000   1.63203E+000
   4.90208E+000   1.55081E+000
   5.00111E+000   1.47357E+000
   5.10214E+000   1.40011E+000
   5.20521E+000   1.33026E+000
   5.31036E+000   1.26384E+000
   5.41763E+000   1.20068E+000
   5.52708E+000   1.14064E+000
   5.63873E+000   1.08355E+000
   5.75264E+000   1.02927E+000
   5.86885E+000   9.77679E-001
   5.98741E+000   9.28633E-001
   6.10836E+000   8.82012E-001
   6.23176E+000   8.37698E-001
   6.35765E+000   7.95579E-001
   6.48609E+000   7.55548E-001
   6.61711E+000   7.17503E-001
   6.75079E+000   6.81347E-001
   6.88716E+000   6.46989E-001
   7.02629E+000   6.14339E-001
   7.16823E+000   5.83315E-001
   7.31304E+000   5.53837E-001
   7.46077E+000   5.25829E-001
   7.61149E+000   4.99219E-001
   7.76525E+000   4.73938E-001
   7.92212E+000   4.49920E-001
   8.08217E+000   4.27105E-001
   8.24543E+000   4.05431E-001
   8.41200E+000   3.84844E-001
   8.58193E+000   3.65290E-001
   8.75530E+000   3.46716E-001
   8.93217E+000   3.29075E-001
   9.11261E+000   3.12321E-001
   9.29670E+000   2.96410E-001
   9.48451E+000   2.81299E-001
   9.67610E+000   2.66950E-001
   9.87158E+000   2.53324E-001
   1.00710E+001   2.40386E-001
   1.02744E+001   2.28100E-001
   1.04820E+001   2.16436E-001
   1.06938E+001   2.05361E-001
   1.09098E+001   1.94846E-001
   1.11302E+001   1.84864E-001
   1.13550E+001   1.75387E-001
   1.15844E+001   1.66391E-001
   1.18184E+001   1.57851E-001
   1.20572E+001   1.49745E-001
   1.23007E+001   1.42050E-001
   1.25492E+001   1.34747E-001
   1.28027E+001   1.27815E-001
   1.30614E+001   1.21236E-001
   1.33252E+001   1.14992E-001
   1.35944E+001   1.09066E-001
   1.38691E+001   1.03442E-001
   1.41492E+001   9.81060E-002
   1.44351E+001   9.30416E-002
   1.47267E+001   8.82357E-002
   1.50242E+001   8.36764E-002
