#           k/h    P           
   1.00000E-004   3.21767E+002
   1.02020E-004   3.28002E+002
   1.04081E-004   3.34358E+002
   1.06184E-004   3.40837E+002
   1.08329E-004   3.47441E+002
   1.10517E-004   3.54173E+002
   1.12750E-004   3.61036E+002
   1.15027E-004   3.68031E+002
   1.17351E-004   3.75162E+002
   1.19722E-004   3.82430E+002
   1.22140E-004   3.89840E+002
   1.24608E-004   3.97393E+002
   1.27125E-004   4.05092E+002
   1.29693E-004   4.12940E+002
   1.32313E-004   4.20939E+002
   1.34986E-004   4.29094E+002
   1.37713E-004   4.37406E+002
   1.40495E-004   4.45879E+002
   1.43333E-004   4.54516E+002
   1.46228E-004   4.63320E+002
   1.49182E-004   4.72294E+002
   1.52196E-004   4.81441E+002
   1.55271E-004   4.90766E+002
   1.58407E-004   5.00271E+002
   1.61607E-004   5.09959E+002
   1.64872E-004   5.19835E+002
   1.68203E-004   5.29901E+002
   1.71601E-004   5.40162E+002
   1.75067E-004   5.50622E+002
   1.78604E-004   5.61283E+002
   1.82212E-004   5.72150E+002
   1.85893E-004   5.83227E+002
   1.89648E-004   5.94518E+002
   1.93479E-004   6.06027E+002
   1.97388E-004   6.17758E+002
   2.01375E-004   6.29716E+002
   2.05443E-004   6.41904E+002
   2.09594E-004   6.54327E+002
   2.13828E-004   6.66990E+002
   2.18147E-004   6.79897E+002
   2.22554E-004   6.93054E+002
   2.27050E-004   7.06463E+002
   2.31637E-004   7.20131E+002
   2.36316E-004   7.34063E+002
   2.41090E-004   7.48263E+002
   2.45960E-004   7.62736E+002
   2.50929E-004   7.77488E+002
   2.55998E-004   7.92524E+002
   2.61170E-004   8.07850E+002
   2.66446E-004   8.23470E+002
   2.71828E-004   8.39391E+002
   2.77319E-004   8.55618E+002
   2.82922E-004   8.72157E+002
   2.88637E-004   8.89014E+002
   2.94468E-004   9.06195E+002
   3.00417E-004   9.23705E+002
   3.06485E-004   9.41552E+002
   3.12677E-004   9.59742E+002
   3.18993E-004   9.78280E+002
   3.25437E-004   9.97175E+002
   3.32012E-004   1.01643E+003
   3.38719E-004   1.03606E+003
   3.45561E-004   1.05606E+003
   3.52542E-004   1.07644E+003
   3.59664E-004   1.09722E+003
   3.66930E-004   1.11839E+003
   3.74342E-004   1.13997E+003
   3.81904E-004   1.16196E+003
   3.89619E-004   1.18437E+003
   3.97490E-004   1.20721E+003
   4.05520E-004   1.23048E+003
   4.13712E-004   1.25420E+003
   4.22070E-004   1.27837E+003
   4.30596E-004   1.30300E+003
   4.39295E-004   1.32811E+003
   4.48169E-004   1.35369E+003
   4.57222E-004   1.37975E+003
   4.66459E-004   1.40632E+003
   4.75882E-004   1.43339E+003
   4.85496E-004   1.46097E+003
   4.95303E-004   1.48908E+003
   5.05309E-004   1.51772E+003
   5.15517E-004   1.54691E+003
   5.25931E-004   1.57664E+003
   5.36556E-004   1.60695E+003
   5.47395E-004   1.63783E+003
   5.58453E-004   1.66929E+003
   5.69734E-004   1.70135E+003
   5.81244E-004   1.73402E+003
   5.92986E-004   1.76730E+003
   6.04965E-004   1.80122E+003
   6.17186E-004   1.83577E+003
   6.29654E-004   1.87098E+003
   6.42374E-004   1.90686E+003
   6.55350E-004   1.94341E+003
   6.68589E-004   1.98065E+003
   6.82096E-004   2.01860E+003
   6.95875E-004   2.05726E+003
   7.09933E-004   2.09665E+003
   7.24274E-004   2.13679E+003
   7.38906E-004   2.17768E+003
   7.53832E-004   2.21935E+003
   7.69061E-004   2.26180E+003
   7.84597E-004   2.30506E+003
   8.00447E-004   2.34913E+003
   8.16617E-004   2.39403E+003
   8.33114E-004   2.43978E+003
   8.49944E-004   2.48640E+003
   8.67114E-004   2.53389E+003
   8.84631E-004   2.58229E+003
   9.02501E-004   2.63160E+003
   9.20733E-004   2.68185E+003
   9.39333E-004   2.73305E+003
   9.58309E-004   2.78522E+003
   9.77668E-004   2.83838E+003
   9.97418E-004   2.89255E+003
   1.01757E-003   2.94775E+003
   1.03812E-003   3.00401E+003
   1.05910E-003   3.06134E+003
   1.08049E-003   3.11976E+003
   1.10232E-003   3.17931E+003
   1.12459E-003   3.23999E+003
   1.14730E-003   3.30184E+003
   1.17048E-003   3.36488E+003
   1.19413E-003   3.42913E+003
   1.21825E-003   3.49463E+003
   1.24286E-003   3.56139E+003
   1.26797E-003   3.62945E+003
   1.29358E-003   3.69883E+003
   1.31971E-003   3.76956E+003
   1.34637E-003   3.84167E+003
   1.37357E-003   3.91519E+003
   1.40132E-003   3.99015E+003
   1.42963E-003   4.06658E+003
   1.45851E-003   4.14451E+003
   1.48797E-003   4.22398E+003
   1.51803E-003   4.30501E+003
   1.54870E-003   4.38765E+003
   1.57998E-003   4.47192E+003
   1.61190E-003   4.55787E+003
   1.64446E-003   4.64552E+003
   1.67768E-003   4.73491E+003
   1.71158E-003   4.82607E+003
   1.74615E-003   4.91905E+003
   1.78143E-003   5.01388E+003
   1.81741E-003   5.11059E+003
   1.85413E-003   5.20922E+003
   1.89158E-003   5.30981E+003
   1.92980E-003   5.41240E+003
   1.96878E-003   5.51701E+003
   2.00855E-003   5.62368E+003
   2.04913E-003   5.73245E+003
   2.09052E-003   5.84336E+003
   2.13276E-003   5.95642E+003
   2.17584E-003   6.07169E+003
   2.21979E-003   6.18918E+003
   2.26464E-003   6.30894E+003
   2.31039E-003   6.43099E+003
   2.35706E-003   6.55535E+003
   2.40467E-003   6.68206E+003
   2.45325E-003   6.81114E+003
   2.50281E-003   6.94262E+003
   2.55337E-003   7.07652E+003
   2.60495E-003   7.21287E+003
   2.65758E-003   7.35168E+003
   2.71126E-003   7.49298E+003
   2.76603E-003   7.63679E+003
   2.82191E-003   7.78313E+003
   2.87892E-003   7.93202E+003
   2.93708E-003   8.08347E+003
   2.99641E-003   8.23750E+003
   3.05694E-003   8.39413E+003
   3.11870E-003   8.55336E+003
   3.18170E-003   8.71523E+003
   3.24597E-003   8.87973E+003
   3.31155E-003   9.04688E+003
   3.37844E-003   9.21670E+003
   3.44669E-003   9.38918E+003
   3.51632E-003   9.56435E+003
   3.58735E-003   9.74221E+003
   3.65982E-003   9.92275E+003
   3.73376E-003   1.01060E+004
   3.80918E-003   1.02919E+004
   3.88613E-003   1.04806E+004
   3.96464E-003   1.06719E+004
   4.04473E-003   1.08659E+004
   4.12644E-003   1.10626E+004
   4.20980E-003   1.12620E+004
   4.29484E-003   1.14640E+004
   4.38160E-003   1.16687E+004
   4.47012E-003   1.18760E+004
   4.56042E-003   1.20859E+004
   4.65255E-003   1.22984E+004
   4.74653E-003   1.25134E+004
   4.84242E-003   1.27309E+004
   4.94024E-003   1.29510E+004
   5.04004E-003   1.31735E+004
   5.14186E-003   1.33983E+004
   5.24573E-003   1.36256E+004
   5.35170E-003   1.38552E+004
   5.45981E-003   1.40870E+004
   5.57011E-003   1.43210E+004
   5.68263E-003   1.45572E+004
   5.79743E-003   1.47955E+004
   5.91455E-003   1.50358E+004
   6.03403E-003   1.52780E+004
   6.15592E-003   1.55220E+004
   6.28028E-003   1.57679E+004
   6.40715E-003   1.60154E+004
   6.53658E-003   1.62645E+004
   6.66863E-003   1.65151E+004
   6.80335E-003   1.67671E+004
   6.94078E-003   1.70204E+004
   7.08100E-003   1.72748E+004
   7.22404E-003   1.75302E+004
   7.36998E-003   1.77866E+004
   7.51886E-003   1.80437E+004
   7.67075E-003   1.83014E+004
   7.82571E-003   1.85595E+004
   7.98380E-003   1.88180E+004
   8.14509E-003   1.90767E+004
   8.30963E-003   1.93353E+004
   8.47750E-003   1.95937E+004
   8.64875E-003   1.98517E+004
   8.82347E-003   2.01091E+004
   9.00171E-003   2.03657E+004
   9.18356E-003   2.06213E+004
   9.36908E-003   2.08757E+004
   9.55835E-003   2.11287E+004
   9.75144E-003   2.13800E+004
   9.94843E-003   2.16293E+004
   1.01494E-002   2.18765E+004
   1.03544E-002   2.21213E+004
   1.05636E-002   2.23633E+004
   1.07770E-002   2.26024E+004
   1.09947E-002   2.28383E+004
   1.12168E-002   2.30705E+004
   1.14434E-002   2.32990E+004
   1.16746E-002   2.35233E+004
   1.19104E-002   2.37431E+004
   1.21510E-002   2.39581E+004
   1.23965E-002   2.41679E+004
   1.26469E-002   2.43723E+004
   1.29024E-002   2.45709E+004
   1.31631E-002   2.47634E+004
   1.34290E-002   2.49493E+004
   1.37003E-002   2.51283E+004
   1.39770E-002   2.53001E+004
   1.42594E-002   2.54643E+004
   1.45474E-002   2.56205E+004
   1.48413E-002   2.57683E+004
   1.51411E-002   2.59074E+004
   1.54470E-002   2.60374E+004
   1.57590E-002   2.61579E+004
   1.60774E-002   2.62685E+004
   1.64022E-002   2.63689E+004
   1.67335E-002   2.64587E+004
   1.70716E-002   2.65376E+004
   1.74164E-002   2.66051E+004
   1.77683E-002   2.66611E+004
   1.81272E-002   2.67050E+004
   1.84934E-002   2.67367E+004
   1.88670E-002   2.67558E+004
   1.92481E-002   2.67620E+004
   1.96370E-002   2.67552E+004
   2.00337E-002   2.67350E+004
   2.04384E-002   2.67013E+004
   2.08513E-002   2.66539E+004
   2.12725E-002   2.65927E+004
   2.17022E-002   2.65174E+004
   2.21406E-002   2.64282E+004
   2.25879E-002   2.63248E+004
   2.30442E-002   2.62074E+004
   2.35097E-002   2.60760E+004
   2.39847E-002   2.59307E+004
   2.44692E-002   2.57717E+004
   2.49635E-002   2.55991E+004
   2.54678E-002   2.54132E+004
   2.59823E-002   2.52144E+004
   2.65072E-002   2.50029E+004
   2.70426E-002   2.47793E+004
   2.75889E-002   2.45441E+004
   2.81463E-002   2.42977E+004
   2.87149E-002   2.40409E+004
   2.92949E-002   2.37742E+004
   2.98867E-002   2.34984E+004
   3.04905E-002   2.32144E+004
   3.11064E-002   2.29229E+004
   3.17348E-002   2.26248E+004
   3.23759E-002   2.23211E+004
   3.30299E-002   2.20127E+004
   3.36972E-002   2.17008E+004
   3.43779E-002   2.13863E+004
   3.50724E-002   2.10702E+004
   3.57809E-002   2.07538E+004
   3.65038E-002   2.04381E+004
   3.72412E-002   2.01242E+004
   3.79935E-002   1.98131E+004
   3.87610E-002   1.95060E+004
   3.95440E-002   1.92039E+004
   4.03429E-002   1.89077E+004
   4.11579E-002   1.86184E+004
   4.19893E-002   1.83369E+004
   4.28375E-002   1.80639E+004
   4.37029E-002   1.78002E+004
   4.45858E-002   1.75463E+004
   4.54865E-002   1.73027E+004
   4.64053E-002   1.70696E+004
   4.73428E-002   1.68474E+004
   4.82992E-002   1.66360E+004
   4.92749E-002   1.64353E+004
   5.02703E-002   1.62449E+004
   5.12858E-002   1.60644E+004
   5.23219E-002   1.58931E+004
   5.33789E-002   1.57300E+004
   5.44572E-002   1.55741E+004
   5.55573E-002   1.54239E+004
   5.66796E-002   1.52782E+004
   5.78246E-002   1.51350E+004
   5.89927E-002   1.49927E+004
   6.01845E-002   1.48493E+004
   6.14003E-002   1.47026E+004
   6.26407E-002   1.45506E+004
   6.39061E-002   1.43911E+004
   6.51971E-002   1.42219E+004
   6.65142E-002   1.40412E+004
   6.78578E-002   1.38471E+004
   6.92287E-002   1.36381E+004
   7.06272E-002   1.34130E+004
   7.20539E-002   1.31709E+004
   7.35095E-002   1.29115E+004
   7.49945E-002   1.26351E+004
   7.65095E-002   1.23424E+004
   7.80551E-002   1.20347E+004
   7.96319E-002   1.17140E+004
   8.12406E-002   1.13826E+004
   8.28817E-002   1.10437E+004
   8.45561E-002   1.07005E+004
   8.62642E-002   1.03568E+004
   8.80068E-002   1.00165E+004
   8.97847E-002   9.68343E+003
   9.15985E-002   9.36150E+003
   9.34489E-002   9.05425E+003
   9.53367E-002   8.76485E+003
   9.72626E-002   8.49594E+003
   9.92274E-002   8.24949E+003
   1.01232E-001   8.02669E+003
   1.03277E-001   7.82790E+003
   1.05363E-001   7.65258E+003
   1.07492E-001   7.49923E+003
   1.09663E-001   7.36545E+003
   1.11879E-001   7.24795E+003
   1.14139E-001   7.14264E+003
   1.16445E-001   7.04480E+003
   1.18797E-001   6.94931E+003
   1.21197E-001   6.85090E+003
   1.23645E-001   6.74453E+003
   1.26143E-001   6.62572E+003
   1.28691E-001   6.49099E+003
   1.31291E-001   6.33817E+003
   1.33943E-001   6.16669E+003
   1.36649E-001   5.97770E+003
   1.39409E-001   5.77406E+003
   1.42226E-001   5.56012E+003
   1.45099E-001   5.34138E+003
   1.48030E-001   5.12393E+003
   1.51020E-001   4.91393E+003
   1.54071E-001   4.71703E+003
   1.57184E-001   4.53778E+003
   1.60359E-001   4.37925E+003
   1.63598E-001   4.24275E+003
   1.66903E-001   4.12765E+003
   1.70275E-001   4.03143E+003
   1.73715E-001   3.94989E+003
   1.77224E-001   3.87755E+003
   1.80804E-001   3.80820E+003
   1.84457E-001   3.73567E+003
   1.88183E-001   3.65466E+003
   1.91985E-001   3.56151E+003
   1.95863E-001   3.45482E+003
   1.99820E-001   3.33570E+003
   2.03856E-001   3.20756E+003
   2.07974E-001   3.07557E+003
   2.12176E-001   2.94563E+003
   2.16462E-001   2.82341E+003
   2.20835E-001   2.71331E+003
   2.25296E-001   2.61774E+003
   2.29847E-001   2.53677E+003
   2.34490E-001   2.46819E+003
   2.39227E-001   2.40796E+003
   2.44060E-001   2.35102E+003
   2.48990E-001   2.29240E+003
   2.54020E-001   2.22830E+003
   2.59152E-001   2.15698E+003
   2.64387E-001   2.07910E+003
   2.69728E-001   1.99747E+003
   2.75177E-001   1.91614E+003
   2.80736E-001   1.83919E+003
   2.86407E-001   1.76963E+003
   2.92193E-001   1.70861E+003
   2.98096E-001   1.65521E+003
   3.04118E-001   1.60683E+003
   3.10261E-001   1.56015E+003
   3.16529E-001   1.51221E+003
   3.22923E-001   1.46140E+003
   3.29447E-001   1.40790E+003
   3.36102E-001   1.35346E+003
   3.42892E-001   1.30054E+003
   3.49819E-001   1.25125E+003
   3.56885E-001   1.20654E+003
   3.64095E-001   1.16590E+003
   3.71450E-001   1.12778E+003
   3.78954E-001   1.09032E+003
   3.86609E-001   1.05231E+003
   3.94419E-001   1.01359E+003
   4.02387E-001   9.75039E+002
   4.10516E-001   9.37907E+002
   4.18809E-001   9.03103E+002
   4.27269E-001   8.70724E+002
   4.35901E-001   8.40116E+002
   4.44706E-001   8.10364E+002
   4.53690E-001   7.80866E+002
   4.62855E-001   7.51635E+002
   4.72206E-001   7.23159E+002
   4.81745E-001   6.95959E+002
   4.91477E-001   6.70210E+002
   5.01405E-001   6.45663E+002
   5.11534E-001   6.21899E+002
   5.21868E-001   5.98664E+002
   5.32411E-001   5.76005E+002
   5.43166E-001   5.54144E+002
   5.54139E-001   5.33230E+002
   5.65333E-001   5.13207E+002
   5.76753E-001   4.93897E+002
   5.88404E-001   4.75169E+002
   6.00291E-001   4.57031E+002
   6.12418E-001   4.39559E+002
   6.24789E-001   4.22784E+002
   6.37411E-001   4.06650E+002
   6.50288E-001   3.91080E+002
   6.63424E-001   3.76042E+002
   6.76826E-001   3.61550E+002
   6.90499E-001   3.47611E+002
   7.04448E-001   3.34197E+002
   7.18679E-001   3.21271E+002
   7.33197E-001   3.08812E+002
   7.48009E-001   2.96817E+002
   7.63119E-001   2.85273E+002
   7.78536E-001   2.74159E+002
   7.94263E-001   2.63456E+002
   8.10308E-001   2.53152E+002
   8.26677E-001   2.43237E+002
   8.43378E-001   2.33695E+002
   8.60415E-001   2.24510E+002
   8.77797E-001   2.15672E+002
   8.95529E-001   2.07170E+002
   9.13620E-001   1.98990E+002
   9.32076E-001   1.91122E+002
   9.50906E-001   1.83552E+002
   9.70115E-001   1.76271E+002
   9.89713E-001   1.69268E+002
   1.00971E+000   1.62532E+002
   1.03010E+000   1.56054E+002
   1.05091E+000   1.49823E+002
   1.07214E+000   1.43832E+002
   1.09380E+000   1.38070E+002
   1.11590E+000   1.32531E+002
   1.13844E+000   1.27205E+002
   1.16144E+000   1.22085E+002
   1.18490E+000   1.17163E+002
   1.20884E+000   1.12431E+002
   1.23326E+000   1.07882E+002
   1.25817E+000   1.03510E+002
   1.28359E+000   9.93062E+001
   1.30952E+000   9.52660E+001
   1.33597E+000   9.13828E+001
   1.36296E+000   8.76510E+001
   1.39049E+000   8.40647E+001
   1.41858E+000   8.06185E+001
   1.44724E+000   7.73069E+001
   1.47648E+000   7.41246E+001
   1.50630E+000   7.10666E+001
   1.53673E+000   6.81283E+001
   1.56778E+000   6.53054E+001
   1.59945E+000   6.25933E+001
   1.63176E+000   5.99881E+001
   1.66472E+000   5.74855E+001
   1.69835E+000   5.50816E+001
   1.73266E+000   5.27725E+001
   1.76766E+000   5.05547E+001
   1.80337E+000   4.84248E+001
   1.83980E+000   4.63795E+001
   1.87697E+000   4.44156E+001
   1.91489E+000   4.25299E+001
   1.95357E+000   4.07194E+001
   1.99304E+000   3.89813E+001
   2.03330E+000   3.73128E+001
   2.07437E+000   3.57114E+001
   2.11628E+000   3.41745E+001
   2.15903E+000   3.26996E+001
   2.20265E+000   3.12844E+001
   2.24714E+000   2.99265E+001
   2.29254E+000   2.86239E+001
   2.33885E+000   2.73744E+001
   2.38610E+000   2.61760E+001
   2.43430E+000   2.50267E+001
   2.48348E+000   2.39247E+001
   2.53365E+000   2.28682E+001
   2.58483E+000   2.18553E+001
   2.63705E+000   2.08846E+001
   2.69032E+000   1.99542E+001
   2.74466E+000   1.90628E+001
   2.80011E+000   1.82087E+001
   2.85668E+000   1.73905E+001
   2.91439E+000   1.66068E+001
   2.97326E+000   1.58564E+001
   3.03332E+000   1.51378E+001
   3.09460E+000   1.44499E+001
   3.15712E+000   1.37913E+001
   3.22090E+000   1.31611E+001
   3.28596E+000   1.25580E+001
   3.35234E+000   1.19810E+001
   3.42006E+000   1.14291E+001
   3.48916E+000   1.09011E+001
   3.55964E+000   1.03963E+001
   3.63155E+000   9.91355E+000
   3.70491E+000   9.45207E+000
   3.77976E+000   9.01096E+000
   3.85611E+000   8.58939E+000
   3.93401E+000   8.18656E+000
   4.01348E+000   7.80170E+000
   4.09456E+000   7.43407E+000
   4.17727E+000   7.08293E+000
   4.26166E+000   6.74762E+000
   4.34775E+000   6.42746E+000
   4.43558E+000   6.12181E+000
   4.52519E+000   5.83006E+000
   4.61660E+000   5.55162E+000
   4.70987E+000   5.28592E+000
   4.80501E+000   5.03242E+000
   4.90208E+000   4.79058E+000
   5.00111E+000   4.55991E+000
   5.10214E+000   4.33991E+000
   5.20521E+000   4.13013E+000
   5.31036E+000   3.93011E+000
   5.41763E+000   3.73943E+000
   5.52708E+000   3.55767E+000
   5.63873E+000   3.38444E+000
   5.75264E+000   3.21936E+000
   5.86885E+000   3.06207E+000
   5.98741E+000   2.91221E+000
   6.10836E+000   2.76945E+000
   6.23176E+000   2.63348E+000
   6.35765E+000   2.50398E+000
   6.48609E+000   2.38065E+000
   6.61711E+000   2.26323E+000
   6.75079E+000   2.15143E+000
   6.88716E+000   2.04500E+000
   7.02629E+000   1.94369E+000
   7.16823E+000   1.84727E+000
   7.31304E+000   1.75551E+000
   7.46077E+000   1.66818E+000
   7.61149E+000   1.58510E+000
   7.76525E+000   1.50605E+000
   7.92212E+000   1.43085E+000
   8.08217E+000   1.35932E+000
   8.24543E+000   1.29128E+000
   8.41200E+000   1.22657E+000
   8.58193E+000   1.16503E+000
   8.75530E+000   1.10651E+000
   8.93217E+000   1.05087E+000
   9.11261E+000   9.97974E-001
   9.29670E+000   9.47684E-001
   9.48451E+000   8.99877E-001
   9.67610E+000   8.54435E-001
   9.87158E+000   8.11244E-001
   1.00710E+001   7.70197E-001
   1.02744E+001   7.31187E-001
   1.04820E+001   6.94118E-001
   1.06938E+001   6.58895E-001
   1.09098E+001   6.25429E-001
   1.11302E+001   5.93633E-001
   1.13550E+001   5.63427E-001
   1.15844E+001   5.34732E-001
   1.18184E+001   5.07476E-001
   1.20572E+001   4.81587E-001
   1.23007E+001   4.56998E-001
   1.25492E+001   4.33645E-001
   1.28027E+001   4.11467E-001
   1.30614E+001   3.90407E-001
   1.33252E+001   3.70409E-001
   1.35944E+001   3.51421E-001
   1.38691E+001   3.33393E-001
   1.41492E+001   3.16277E-001
   1.44351E+001   3.00027E-001
   1.47267E+001   2.84599E-001
   1.50242E+001   2.69955E-001
