#           k/h    P           
   1.00000E-004   3.32101E+002
   1.02020E-004   3.38536E+002
   1.04081E-004   3.45095E+002
   1.06184E-004   3.51781E+002
   1.08329E-004   3.58597E+002
   1.10517E-004   3.65545E+002
   1.12750E-004   3.72627E+002
   1.15027E-004   3.79846E+002
   1.17351E-004   3.87204E+002
   1.19722E-004   3.94705E+002
   1.22140E-004   4.02351E+002
   1.24608E-004   4.10146E+002
   1.27125E-004   4.18090E+002
   1.29693E-004   4.26189E+002
   1.32313E-004   4.34444E+002
   1.34986E-004   4.42858E+002
   1.37713E-004   4.51436E+002
   1.40495E-004   4.60179E+002
   1.43333E-004   4.69091E+002
   1.46228E-004   4.78175E+002
   1.49182E-004   4.87435E+002
   1.52196E-004   4.96874E+002
   1.55271E-004   5.06495E+002
   1.58407E-004   5.16302E+002
   1.61607E-004   5.26299E+002
   1.64872E-004   5.36488E+002
   1.68203E-004   5.46875E+002
   1.71601E-004   5.57461E+002
   1.75067E-004   5.68253E+002
   1.78604E-004   5.79252E+002
   1.82212E-004   5.90463E+002
   1.85893E-004   6.01891E+002
   1.89648E-004   6.13540E+002
   1.93479E-004   6.25413E+002
   1.97388E-004   6.37515E+002
   2.01375E-004   6.49850E+002
   2.05443E-004   6.62423E+002
   2.09594E-004   6.75238E+002
   2.13828E-004   6.88300E+002
   2.18147E-004   7.01613E+002
   2.22554E-004   7.15183E+002
   2.27050E-004   7.29014E+002
   2.31637E-004   7.43111E+002
   2.36316E-004   7.57480E+002
   2.41090E-004   7.72125E+002
   2.45960E-004   7.87051E+002
   2.50929E-004   8.02264E+002
   2.55998E-004   8.17770E+002
   2.61170E-004   8.33573E+002
   2.66446E-004   8.49680E+002
   2.71828E-004   8.66096E+002
   2.77319E-004   8.82826E+002
   2.82922E-004   8.99878E+002
   2.88637E-004   9.17257E+002
   2.94468E-004   9.34969E+002
   3.00417E-004   9.53019E+002
   3.06485E-004   9.71416E+002
   3.12677E-004   9.90165E+002
   3.18993E-004   1.00927E+003
   3.25437E-004   1.02874E+003
   3.32012E-004   1.04859E+003
   3.38719E-004   1.06881E+003
   3.45561E-004   1.08942E+003
   3.52542E-004   1.11043E+003
   3.59664E-004   1.13183E+003
   3.66930E-004   1.15364E+003
   3.74342E-004   1.17587E+003
   3.81904E-004   1.19852E+003
   3.89619E-004   1.22160E+003
   3.97490E-004   1.24512E+003
   4.05520E-004   1.26908E+003
   4.13712E-004   1.29351E+003
   4.22070E-004   1.31839E+003
   4.30596E-004   1.34375E+003
   4.39295E-004   1.36958E+003
   4.48169E-004   1.39591E+003
   4.57222E-004   1.42273E+003
   4.66459E-004   1.45006E+003
   4.75882E-004   1.47791E+003
   4.85496E-004   1.50628E+003
   4.95303E-004   1.53519E+003
   5.05309E-004   1.56464E+003
   5.15517E-004   1.59464E+003
   5.25931E-004   1.62521E+003
   5.36556E-004   1.65636E+003
   5.47395E-004   1.68808E+003
   5.58453E-004   1.72041E+003
   5.69734E-004   1.75334E+003
   5.81244E-004   1.78688E+003
   5.92986E-004   1.82105E+003
   6.04965E-004   1.85586E+003
   6.17186E-004   1.89132E+003
   6.29654E-004   1.92744E+003
   6.42374E-004   1.96423E+003
   6.55350E-004   2.00171E+003
   6.68589E-004   2.03989E+003
   6.82096E-004   2.07877E+003
   6.95875E-004   2.11837E+003
   7.09933E-004   2.15871E+003
   7.24274E-004   2.19980E+003
   7.38906E-004   2.24164E+003
   7.53832E-004   2.28426E+003
   7.69061E-004   2.32766E+003
   7.84597E-004   2.37187E+003
   8.00447E-004   2.41689E+003
   8.16617E-004   2.46274E+003
   8.33114E-004   2.50943E+003
   8.49944E-004   2.55698E+003
   8.67114E-004   2.60540E+003
   8.84631E-004   2.65471E+003
   9.02501E-004   2.70493E+003
   9.20733E-004   2.75607E+003
   9.39333E-004   2.80814E+003
   9.58309E-004   2.86117E+003
   9.77668E-004   2.91516E+003
   9.97418E-004   2.97015E+003
   1.01757E-003   3.02614E+003
   1.03812E-003   3.08315E+003
   1.05910E-003   3.14120E+003
   1.08049E-003   3.20032E+003
   1.10232E-003   3.26051E+003
   1.12459E-003   3.32180E+003
   1.14730E-003   3.38421E+003
   1.17048E-003   3.44777E+003
   1.19413E-003   3.51248E+003
   1.21825E-003   3.57837E+003
   1.24286E-003   3.64547E+003
   1.26797E-003   3.71379E+003
   1.29358E-003   3.78337E+003
   1.31971E-003   3.85421E+003
   1.34637E-003   3.92636E+003
   1.37357E-003   3.99982E+003
   1.40132E-003   4.07463E+003
   1.42963E-003   4.15081E+003
   1.45851E-003   4.22839E+003
   1.48797E-003   4.30739E+003
   1.51803E-003   4.38784E+003
   1.54870E-003   4.46977E+003
   1.57998E-003   4.55321E+003
   1.61190E-003   4.63819E+003
   1.64446E-003   4.72473E+003
   1.67768E-003   4.81287E+003
   1.71158E-003   4.90263E+003
   1.74615E-003   4.99405E+003
   1.78143E-003   5.08715E+003
   1.81741E-003   5.18197E+003
   1.85413E-003   5.27854E+003
   1.89158E-003   5.37690E+003
   1.92980E-003   5.47706E+003
   1.96878E-003   5.57907E+003
   2.00855E-003   5.68296E+003
   2.04913E-003   5.78875E+003
   2.09052E-003   5.89649E+003
   2.13276E-003   6.00619E+003
   2.17584E-003   6.11789E+003
   2.21979E-003   6.23163E+003
   2.26464E-003   6.34742E+003
   2.31039E-003   6.46530E+003
   2.35706E-003   6.58530E+003
   2.40467E-003   6.70745E+003
   2.45325E-003   6.83176E+003
   2.50281E-003   6.95827E+003
   2.55337E-003   7.08699E+003
   2.60495E-003   7.21795E+003
   2.65758E-003   7.35118E+003
   2.71126E-003   7.48668E+003
   2.76603E-003   7.62448E+003
   2.82191E-003   7.76460E+003
   2.87892E-003   7.90704E+003
   2.93708E-003   8.05183E+003
   2.99641E-003   8.19897E+003
   3.05694E-003   8.34848E+003
   3.11870E-003   8.50037E+003
   3.18170E-003   8.65465E+003
   3.24597E-003   8.81131E+003
   3.31155E-003   8.97037E+003
   3.37844E-003   9.13184E+003
   3.44669E-003   9.29571E+003
   3.51632E-003   9.46199E+003
   3.58735E-003   9.63067E+003
   3.65982E-003   9.80176E+003
   3.73376E-003   9.97526E+003
   3.80918E-003   1.01512E+004
   3.88613E-003   1.03294E+004
   3.96464E-003   1.05101E+004
   4.04473E-003   1.06932E+004
   4.12644E-003   1.08786E+004
   4.20980E-003   1.10664E+004
   4.29484E-003   1.12565E+004
   4.38160E-003   1.14489E+004
   4.47012E-003   1.16436E+004
   4.56042E-003   1.18406E+004
   4.65255E-003   1.20398E+004
   4.74653E-003   1.22412E+004
   4.84242E-003   1.24448E+004
   4.94024E-003   1.26506E+004
   5.04004E-003   1.28584E+004
   5.14186E-003   1.30683E+004
   5.24573E-003   1.32802E+004
   5.35170E-003   1.34940E+004
   5.45981E-003   1.37098E+004
   5.57011E-003   1.39274E+004
   5.68263E-003   1.41468E+004
   5.79743E-003   1.43679E+004
   5.91455E-003   1.45906E+004
   6.03403E-003   1.48149E+004
   6.15592E-003   1.50407E+004
   6.28028E-003   1.52679E+004
   6.40715E-003   1.54964E+004
   6.53658E-003   1.57261E+004
   6.66863E-003   1.59570E+004
   6.80335E-003   1.61889E+004
   6.94078E-003   1.64216E+004
   7.08100E-003   1.66552E+004
   7.22404E-003   1.68895E+004
   7.36998E-003   1.71243E+004
   7.51886E-003   1.73595E+004
   7.67075E-003   1.75950E+004
   7.82571E-003   1.78306E+004
   7.98380E-003   1.80662E+004
   8.14509E-003   1.83016E+004
   8.30963E-003   1.85367E+004
   8.47750E-003   1.87712E+004
   8.64875E-003   1.90051E+004
   8.82347E-003   1.92381E+004
   9.00171E-003   1.94701E+004
   9.18356E-003   1.97008E+004
   9.36908E-003   1.99300E+004
   9.55835E-003   2.01575E+004
   9.75144E-003   2.03832E+004
   9.94843E-003   2.06067E+004
   1.01494E-002   2.08279E+004
   1.03544E-002   2.10464E+004
   1.05636E-002   2.12621E+004
   1.07770E-002   2.14748E+004
   1.09947E-002   2.16840E+004
   1.12168E-002   2.18896E+004
   1.14434E-002   2.20913E+004
   1.16746E-002   2.22888E+004
   1.19104E-002   2.24819E+004
   1.21510E-002   2.26701E+004
   1.23965E-002   2.28533E+004
   1.26469E-002   2.30310E+004
   1.29024E-002   2.32031E+004
   1.31631E-002   2.33691E+004
   1.34290E-002   2.35287E+004
   1.37003E-002   2.36817E+004
   1.39770E-002   2.38277E+004
   1.42594E-002   2.39663E+004
   1.45474E-002   2.40972E+004
   1.48413E-002   2.42202E+004
   1.51411E-002   2.43347E+004
   1.54470E-002   2.44406E+004
   1.57590E-002   2.45374E+004
   1.60774E-002   2.46249E+004
   1.64022E-002   2.47027E+004
   1.67335E-002   2.47705E+004
   1.70716E-002   2.48280E+004
   1.74164E-002   2.48748E+004
   1.77683E-002   2.49108E+004
   1.81272E-002   2.49355E+004
   1.84934E-002   2.49487E+004
   1.88670E-002   2.49502E+004
   1.92481E-002   2.49398E+004
   1.96370E-002   2.49172E+004
   2.00337E-002   2.48822E+004
   2.04384E-002   2.48346E+004
   2.08513E-002   2.47744E+004
   2.12725E-002   2.47015E+004
   2.17022E-002   2.46156E+004
   2.21406E-002   2.45169E+004
   2.25879E-002   2.44052E+004
   2.30442E-002   2.42807E+004
   2.35097E-002   2.41434E+004
   2.39847E-002   2.39934E+004
   2.44692E-002   2.38309E+004
   2.49635E-002   2.36561E+004
   2.54678E-002   2.34692E+004
   2.59823E-002   2.32707E+004
   2.65072E-002   2.30607E+004
   2.70426E-002   2.28399E+004
   2.75889E-002   2.26086E+004
   2.81463E-002   2.23673E+004
   2.87149E-002   2.21168E+004
   2.92949E-002   2.18575E+004
   2.98867E-002   2.15902E+004
   3.04905E-002   2.13156E+004
   3.11064E-002   2.10345E+004
   3.17348E-002   2.07478E+004
   3.23759E-002   2.04563E+004
   3.30299E-002   2.01609E+004
   3.36972E-002   1.98626E+004
   3.43779E-002   1.95623E+004
   3.50724E-002   1.92610E+004
   3.57809E-002   1.89597E+004
   3.65038E-002   1.86594E+004
   3.72412E-002   1.83612E+004
   3.79935E-002   1.80660E+004
   3.87610E-002   1.77747E+004
   3.95440E-002   1.74883E+004
   4.03429E-002   1.72077E+004
   4.11579E-002   1.69338E+004
   4.19893E-002   1.66672E+004
   4.28375E-002   1.64087E+004
   4.37029E-002   1.61590E+004
   4.45858E-002   1.59184E+004
   4.54865E-002   1.56875E+004
   4.64053E-002   1.54665E+004
   4.73428E-002   1.52555E+004
   4.82992E-002   1.50546E+004
   4.92749E-002   1.48636E+004
   5.02703E-002   1.46822E+004
   5.12858E-002   1.45099E+004
   5.23219E-002   1.43461E+004
   5.33789E-002   1.41899E+004
   5.44572E-002   1.40404E+004
   5.55573E-002   1.38963E+004
   5.66796E-002   1.37563E+004
   5.78246E-002   1.36188E+004
   5.89927E-002   1.34823E+004
   6.01845E-002   1.33449E+004
   6.14003E-002   1.32047E+004
   6.26407E-002   1.30599E+004
   6.39061E-002   1.29086E+004
   6.51971E-002   1.27488E+004
   6.65142E-002   1.25789E+004
   6.78578E-002   1.23972E+004
   6.92287E-002   1.22023E+004
   7.06272E-002   1.19933E+004
   7.20539E-002   1.17694E+004
   7.35095E-002   1.15303E+004
   7.49945E-002   1.12763E+004
   7.65095E-002   1.10081E+004
   7.80551E-002   1.07269E+004
   7.96319E-002   1.04343E+004
   8.12406E-002   1.01327E+004
   8.28817E-002   9.82475E+003
   8.45561E-002   9.51340E+003
   8.62642E-002   9.20195E+003
   8.80068E-002   8.89388E+003
   8.97847E-002   8.59266E+003
   9.15985E-002   8.30167E+003
   9.34489E-002   8.02405E+003
   9.53367E-002   7.76259E+003
   9.72626E-002   7.51959E+003
   9.92274E-002   7.29676E+003
   1.01232E-001   7.09511E+003
   1.03277E-001   6.91492E+003
   1.05363E-001   6.75566E+003
   1.07492E-001   6.61599E+003
   1.09663E-001   6.49374E+003
   1.11879E-001   6.38598E+003
   1.14139E-001   6.28908E+003
   1.16445E-001   6.19887E+003
   1.18797E-001   6.11084E+003
   1.21197E-001   6.02034E+003
   1.23645E-001   5.92295E+003
   1.26143E-001   5.81476E+003
   1.28691E-001   5.69274E+003
   1.31291E-001   5.55501E+003
   1.33943E-001   5.40111E+003
   1.36649E-001   5.23207E+003
   1.39409E-001   5.05043E+003
   1.42226E-001   4.86002E+003
   1.45099E-001   4.66565E+003
   1.48030E-001   4.47267E+003
   1.51020E-001   4.28643E+003
   1.54071E-001   4.11185E+003
   1.57184E-001   3.95287E+003
   1.60359E-001   3.81214E+003
   1.63598E-001   3.69075E+003
   1.66903E-001   3.58812E+003
   1.70275E-001   3.50202E+003
   1.73715E-001   3.42877E+003
   1.77224E-001   3.36359E+003
   1.80804E-001   3.30107E+003
   1.84457E-001   3.23588E+003
   1.88183E-001   3.16343E+003
   1.91985E-001   3.08057E+003
   1.95863E-001   2.98610E+003
   1.99820E-001   2.88103E+003
   2.03856E-001   2.76831E+003
   2.07974E-001   2.65240E+003
   2.12176E-001   2.53843E+003
   2.16462E-001   2.43127E+003
   2.20835E-001   2.33468E+003
   2.25296E-001   2.25071E+003
   2.29847E-001   2.17941E+003
   2.34490E-001   2.11884E+003
   2.39227E-001   2.06550E+003
   2.44060E-001   2.01506E+003
   2.48990E-001   1.96325E+003
   2.54020E-001   1.90681E+003
   2.59152E-001   1.84427E+003
   2.64387E-001   1.77622E+003
   2.69728E-001   1.70506E+003
   2.75177E-001   1.63426E+003
   2.80736E-001   1.56729E+003
   2.86407E-001   1.50673E+003
   2.92193E-001   1.45351E+003
   2.98096E-001   1.40684E+003
   3.04118E-001   1.36451E+003
   3.10261E-001   1.32368E+003
   3.16529E-001   1.28184E+003
   3.22923E-001   1.23763E+003
   3.29447E-001   1.19121E+003
   3.36102E-001   1.14407E+003
   3.42892E-001   1.09828E+003
   3.49819E-001   1.05563E+003
   3.56885E-001   1.01691E+003
   3.64095E-001   9.81681E+002
   3.71450E-001   9.48620E+002
   3.78954E-001   9.16178E+002
   3.86609E-001   8.83314E+002
   3.94419E-001   8.49916E+002
   4.02387E-001   8.16712E+002
   4.10516E-001   7.84755E+002
   4.18809E-001   7.54799E+002
   4.27269E-001   7.26920E+002
   4.35901E-001   7.00568E+002
   4.44706E-001   6.74975E+002
   4.53690E-001   6.49640E+002
   4.62855E-001   6.24573E+002
   4.72206E-001   6.00180E+002
   4.81745E-001   5.76892E+002
   4.91477E-001   5.54849E+002
   5.01405E-001   5.33845E+002
   5.11534E-001   5.13528E+002
   5.21868E-001   4.93688E+002
   5.32411E-001   4.74363E+002
   5.43166E-001   4.55736E+002
   5.54139E-001   4.37925E+002
   5.65333E-001   4.20884E+002
   5.76753E-001   4.04464E+002
   5.88404E-001   3.88557E+002
   6.00291E-001   3.73168E+002
   6.12418E-001   3.58358E+002
   6.24789E-001   3.44150E+002
   6.37411E-001   3.30498E+002
   6.50288E-001   3.17337E+002
   6.63424E-001   3.04639E+002
   6.76826E-001   2.92416E+002
   6.90499E-001   2.80671E+002
   7.04448E-001   2.69380E+002
   7.18679E-001   2.58512E+002
   7.33197E-001   2.48050E+002
   7.48009E-001   2.37988E+002
   7.63119E-001   2.28317E+002
   7.78536E-001   2.19018E+002
   7.94263E-001   2.10074E+002
   8.10308E-001   2.01475E+002
   8.26677E-001   1.93210E+002
   8.43378E-001   1.85268E+002
   8.60415E-001   1.77635E+002
   8.77797E-001   1.70300E+002
   8.95529E-001   1.63255E+002
   9.13620E-001   1.56487E+002
   9.32076E-001   1.49987E+002
   9.50906E-001   1.43744E+002
   9.70115E-001   1.37749E+002
   9.89713E-001   1.31993E+002
   1.00971E+000   1.26466E+002
   1.03010E+000   1.21160E+002
   1.05091E+000   1.16066E+002
   1.07214E+000   1.11178E+002
   1.09380E+000   1.06486E+002
   1.11590E+000   1.01984E+002
   1.13844E+000   9.76653E+001
   1.16144E+000   9.35219E+001
   1.18490E+000   8.95474E+001
   1.20884E+000   8.57351E+001
   1.23326E+000   8.20787E+001
   1.25817E+000   7.85720E+001
   1.28359E+000   7.52092E+001
   1.30952E+000   7.19849E+001
   1.33597E+000   6.88936E+001
   1.36296E+000   6.59304E+001
   1.39049E+000   6.30902E+001
   1.41858E+000   6.03681E+001
   1.44724E+000   5.77593E+001
   1.47648E+000   5.52594E+001
   1.50630E+000   5.28638E+001
   1.53673E+000   5.05684E+001
   1.56778E+000   4.83695E+001
   1.59945E+000   4.62631E+001
   1.63176E+000   4.42455E+001
   1.66472E+000   4.23132E+001
   1.69835E+000   4.04627E+001
   1.73266E+000   3.86904E+001
   1.76766E+000   3.69934E+001
   1.80337E+000   3.53686E+001
   1.83980E+000   3.38130E+001
   1.87697E+000   3.23240E+001
   1.91489E+000   3.08986E+001
   1.95357E+000   2.95343E+001
   1.99304E+000   2.82284E+001
   2.03330E+000   2.69787E+001
   2.07437E+000   2.57829E+001
   2.11628E+000   2.46387E+001
   2.15903E+000   2.35439E+001
   2.20265E+000   2.24964E+001
   2.24714E+000   2.14944E+001
   2.29254E+000   2.05359E+001
   2.33885E+000   1.96190E+001
   2.38610E+000   1.87421E+001
   2.43430E+000   1.79035E+001
   2.48348E+000   1.71014E+001
   2.53365E+000   1.63345E+001
   2.58483E+000   1.56012E+001
   2.63705E+000   1.49000E+001
   2.69032E+000   1.42297E+001
   2.74466E+000   1.35888E+001
   2.80011E+000   1.29763E+001
   2.85668E+000   1.23907E+001
   2.91439E+000   1.18310E+001
   2.97326E+000   1.12961E+001
   3.03332E+000   1.07849E+001
   3.09460E+000   1.02963E+001
   3.15712E+000   9.82950E+000
   3.22090E+000   9.38344E+000
   3.28596E+000   8.95724E+000
   3.35234E+000   8.55005E+000
   3.42006E+000   8.16104E+000
   3.48916E+000   7.78942E+000
   3.55964E+000   7.43444E+000
   3.63155E+000   7.09536E+000
   3.70491E+000   6.77150E+000
   3.77976E+000   6.46218E+000
   3.85611E+000   6.16677E+000
   3.93401E+000   5.88467E+000
   4.01348E+000   5.61527E+000
   4.09456E+000   5.35803E+000
   4.17727E+000   5.11242E+000
   4.26166E+000   4.87790E+000
   4.34775E+000   4.65400E+000
   4.43558E+000   4.44025E+000
   4.52519E+000   4.23619E+000
   4.61660E+000   4.04140E+000
   4.70987E+000   3.85545E+000
   4.80501E+000   3.67797E+000
   4.90208E+000   3.50856E+000
   5.00111E+000   3.34688E+000
   5.10214E+000   3.19257E+000
   5.20521E+000   3.04531E+000
   5.31036E+000   2.90477E+000
   5.41763E+000   2.77066E+000
   5.52708E+000   2.64269E+000
   5.63873E+000   2.52058E+000
   5.75264E+000   2.40406E+000
   5.86885E+000   2.29290E+000
   5.98741E+000   2.18683E+000
   6.10836E+000   2.08564E+000
   6.23176E+000   1.98910E+000
   6.35765E+000   1.89701E+000
   6.48609E+000   1.80915E+000
   6.61711E+000   1.72534E+000
   6.75079E+000   1.64539E+000
   6.88716E+000   1.56913E+000
   7.02629E+000   1.49639E+000
   7.16823E+000   1.42700E+000
   7.31304E+000   1.36082E+000
   7.46077E+000   1.29770E+000
   7.61149E+000   1.23750E+000
   7.76525E+000   1.18008E+000
   7.92212E+000   1.12532E+000
   8.08217E+000   1.07310E+000
   8.24543E+000   1.02329E+000
   8.41200E+000   9.75787E-001
   8.58193E+000   9.30487E-001
   8.75530E+000   8.87286E-001
   8.93217E+000   8.46087E-001
   9.11261E+000   8.06799E-001
   9.29670E+000   7.69332E-001
   9.48451E+000   7.33603E-001
   9.67610E+000   6.99530E-001
   9.87158E+000   6.67038E-001
   1.00710E+001   6.36053E-001
   1.02744E+001   6.06505E-001
   1.04820E+001   5.78328E-001
   1.06938E+001   5.51457E-001
   1.09098E+001   5.25832E-001
   1.11302E+001   5.01396E-001
   1.13550E+001   4.78092E-001
   1.15844E+001   4.55868E-001
   1.18184E+001   4.34674E-001
   1.20572E+001   4.14462E-001
   1.23007E+001   3.95186E-001
   1.25492E+001   3.76803E-001
   1.28027E+001   3.59271E-001
   1.30614E+001   3.42551E-001
   1.33252E+001   3.26603E-001
   1.35944E+001   3.11393E-001
   1.38691E+001   2.96887E-001
   1.41492E+001   2.83051E-001
   1.44351E+001   2.69853E-001
   1.47267E+001   2.57264E-001
   1.50242E+001   2.45259E-001
