#           k/h    P           
   1.00000E-004   3.08725E+002
   1.02020E-004   3.14707E+002
   1.04081E-004   3.20805E+002
   1.06184E-004   3.27020E+002
   1.08329E-004   3.33356E+002
   1.10517E-004   3.39814E+002
   1.12750E-004   3.46397E+002
   1.15027E-004   3.53108E+002
   1.17351E-004   3.59948E+002
   1.19722E-004   3.66921E+002
   1.22140E-004   3.74028E+002
   1.24608E-004   3.81273E+002
   1.27125E-004   3.88659E+002
   1.29693E-004   3.96187E+002
   1.32313E-004   4.03860E+002
   1.34986E-004   4.11682E+002
   1.37713E-004   4.19655E+002
   1.40495E-004   4.27782E+002
   1.43333E-004   4.36066E+002
   1.46228E-004   4.44511E+002
   1.49182E-004   4.53118E+002
   1.52196E-004   4.61892E+002
   1.55271E-004   4.70835E+002
   1.58407E-004   4.79951E+002
   1.61607E-004   4.89243E+002
   1.64872E-004   4.98714E+002
   1.68203E-004   5.08368E+002
   1.71601E-004   5.18208E+002
   1.75067E-004   5.28239E+002
   1.78604E-004   5.38463E+002
   1.82212E-004   5.48883E+002
   1.85893E-004   5.59505E+002
   1.89648E-004   5.70332E+002
   1.93479E-004   5.81368E+002
   1.97388E-004   5.92616E+002
   2.01375E-004   6.04081E+002
   2.05443E-004   6.15767E+002
   2.09594E-004   6.27677E+002
   2.13828E-004   6.39818E+002
   2.18147E-004   6.52192E+002
   2.22554E-004   6.64804E+002
   2.27050E-004   6.77658E+002
   2.31637E-004   6.90760E+002
   2.36316E-004   7.04113E+002
   2.41090E-004   7.17724E+002
   2.45960E-004   7.31596E+002
   2.50929E-004   7.45734E+002
   2.55998E-004   7.60144E+002
   2.61170E-004   7.74830E+002
   2.66446E-004   7.89798E+002
   2.71828E-004   8.05053E+002
   2.77319E-004   8.20600E+002
   2.82922E-004   8.36446E+002
   2.88637E-004   8.52595E+002
   2.94468E-004   8.69053E+002
   3.00417E-004   8.85826E+002
   3.06485E-004   9.02919E+002
   3.12677E-004   9.20340E+002
   3.18993E-004   9.38093E+002
   3.25437E-004   9.56185E+002
   3.32012E-004   9.74622E+002
   3.38719E-004   9.93411E+002
   3.45561E-004   1.01256E+003
   3.52542E-004   1.03207E+003
   3.59664E-004   1.05195E+003
   3.66930E-004   1.07221E+003
   3.74342E-004   1.09286E+003
   3.81904E-004   1.11390E+003
   3.89619E-004   1.13534E+003
   3.97490E-004   1.15718E+003
   4.05520E-004   1.17944E+003
   4.13712E-004   1.20212E+003
   4.22070E-004   1.22523E+003
   4.30596E-004   1.24878E+003
   4.39295E-004   1.27277E+003
   4.48169E-004   1.29721E+003
   4.57222E-004   1.32211E+003
   4.66459E-004   1.34748E+003
   4.75882E-004   1.37333E+003
   4.85496E-004   1.39967E+003
   4.95303E-004   1.42650E+003
   5.05309E-004   1.45383E+003
   5.15517E-004   1.48167E+003
   5.25931E-004   1.51004E+003
   5.36556E-004   1.53893E+003
   5.47395E-004   1.56837E+003
   5.58453E-004   1.59835E+003
   5.69734E-004   1.62889E+003
   5.81244E-004   1.66000E+003
   5.92986E-004   1.69168E+003
   6.04965E-004   1.72395E+003
   6.17186E-004   1.75682E+003
   6.29654E-004   1.79029E+003
   6.42374E-004   1.82439E+003
   6.55350E-004   1.85911E+003
   6.68589E-004   1.89446E+003
   6.82096E-004   1.93047E+003
   6.95875E-004   1.96714E+003
   7.09933E-004   2.00447E+003
   7.24274E-004   2.04249E+003
   7.38906E-004   2.08120E+003
   7.53832E-004   2.12062E+003
   7.69061E-004   2.16074E+003
   7.84597E-004   2.20160E+003
   8.00447E-004   2.24319E+003
   8.16617E-004   2.28554E+003
   8.33114E-004   2.32864E+003
   8.49944E-004   2.37252E+003
   8.67114E-004   2.41718E+003
   8.84631E-004   2.46265E+003
   9.02501E-004   2.50892E+003
   9.20733E-004   2.55601E+003
   9.39333E-004   2.60394E+003
   9.58309E-004   2.65272E+003
   9.77668E-004   2.70236E+003
   9.97418E-004   2.75287E+003
   1.01757E-003   2.80426E+003
   1.03812E-003   2.85656E+003
   1.05910E-003   2.90976E+003
   1.08049E-003   2.96390E+003
   1.10232E-003   3.01896E+003
   1.12459E-003   3.07498E+003
   1.14730E-003   3.13196E+003
   1.17048E-003   3.18992E+003
   1.19413E-003   3.24887E+003
   1.21825E-003   3.30883E+003
   1.24286E-003   3.36980E+003
   1.26797E-003   3.43180E+003
   1.29358E-003   3.49484E+003
   1.31971E-003   3.55894E+003
   1.34637E-003   3.62410E+003
   1.37357E-003   3.69035E+003
   1.40132E-003   3.75770E+003
   1.42963E-003   3.82615E+003
   1.45851E-003   3.89572E+003
   1.48797E-003   3.96643E+003
   1.51803E-003   4.03828E+003
   1.54870E-003   4.11129E+003
   1.57998E-003   4.18547E+003
   1.61190E-003   4.26083E+003
   1.64446E-003   4.33739E+003
   1.67768E-003   4.41516E+003
   1.71158E-003   4.49414E+003
   1.74615E-003   4.57435E+003
   1.78143E-003   4.65581E+003
   1.81741E-003   4.73851E+003
   1.85413E-003   4.82248E+003
   1.89158E-003   4.90771E+003
   1.92980E-003   4.99423E+003
   1.96878E-003   5.08204E+003
   2.00855E-003   5.17115E+003
   2.04913E-003   5.26157E+003
   2.09052E-003   5.35331E+003
   2.13276E-003   5.44637E+003
   2.17584E-003   5.54076E+003
   2.21979E-003   5.63649E+003
   2.26464E-003   5.73356E+003
   2.31039E-003   5.83199E+003
   2.35706E-003   5.93177E+003
   2.40467E-003   6.03291E+003
   2.45325E-003   6.13542E+003
   2.50281E-003   6.23928E+003
   2.55337E-003   6.34452E+003
   2.60495E-003   6.45113E+003
   2.65758E-003   6.55911E+003
   2.71126E-003   6.66846E+003
   2.76603E-003   6.77918E+003
   2.82191E-003   6.89127E+003
   2.87892E-003   7.00472E+003
   2.93708E-003   7.11954E+003
   2.99641E-003   7.23571E+003
   3.05694E-003   7.35323E+003
   3.11870E-003   7.47210E+003
   3.18170E-003   7.59230E+003
   3.24597E-003   7.71383E+003
   3.31155E-003   7.83668E+003
   3.37844E-003   7.96083E+003
   3.44669E-003   8.08627E+003
   3.51632E-003   8.21299E+003
   3.58735E-003   8.34097E+003
   3.65982E-003   8.47020E+003
   3.73376E-003   8.60065E+003
   3.80918E-003   8.73230E+003
   3.88613E-003   8.86514E+003
   3.96464E-003   8.99914E+003
   4.04473E-003   9.13427E+003
   4.12644E-003   9.27051E+003
   4.20980E-003   9.40783E+003
   4.29484E-003   9.54620E+003
   4.38160E-003   9.68557E+003
   4.47012E-003   9.82593E+003
   4.56042E-003   9.96723E+003
   4.65255E-003   1.01094E+004
   4.74653E-003   1.02525E+004
   4.84242E-003   1.03964E+004
   4.94024E-003   1.05410E+004
   5.04004E-003   1.06864E+004
   5.14186E-003   1.08325E+004
   5.24573E-003   1.09792E+004
   5.35170E-003   1.11264E+004
   5.45981E-003   1.12742E+004
   5.57011E-003   1.14224E+004
   5.68263E-003   1.15710E+004
   5.79743E-003   1.17200E+004
   5.91455E-003   1.18692E+004
   6.03403E-003   1.20185E+004
   6.15592E-003   1.21680E+004
   6.28028E-003   1.23175E+004
   6.40715E-003   1.24670E+004
   6.53658E-003   1.26164E+004
   6.66863E-003   1.27655E+004
   6.80335E-003   1.29144E+004
   6.94078E-003   1.30628E+004
   7.08100E-003   1.32108E+004
   7.22404E-003   1.33581E+004
   7.36998E-003   1.35048E+004
   7.51886E-003   1.36507E+004
   7.67075E-003   1.37957E+004
   7.82571E-003   1.39397E+004
   7.98380E-003   1.40825E+004
   8.14509E-003   1.42241E+004
   8.30963E-003   1.43643E+004
   8.47750E-003   1.45031E+004
   8.64875E-003   1.46402E+004
   8.82347E-003   1.47755E+004
   9.00171E-003   1.49090E+004
   9.18356E-003   1.50404E+004
   9.36908E-003   1.51697E+004
   9.55835E-003   1.52966E+004
   9.75144E-003   1.54211E+004
   9.94843E-003   1.55429E+004
   1.01494E-002   1.56619E+004
   1.03544E-002   1.57780E+004
   1.05636E-002   1.58910E+004
   1.07770E-002   1.60007E+004
   1.09947E-002   1.61070E+004
   1.12168E-002   1.62096E+004
   1.14434E-002   1.63085E+004
   1.16746E-002   1.64034E+004
   1.19104E-002   1.64941E+004
   1.21510E-002   1.65805E+004
   1.23965E-002   1.66624E+004
   1.26469E-002   1.67396E+004
   1.29024E-002   1.68119E+004
   1.31631E-002   1.68791E+004
   1.34290E-002   1.69410E+004
   1.37003E-002   1.69975E+004
   1.39770E-002   1.70484E+004
   1.42594E-002   1.70935E+004
   1.45474E-002   1.71325E+004
   1.48413E-002   1.71653E+004
   1.51411E-002   1.71918E+004
   1.54470E-002   1.72117E+004
   1.57590E-002   1.72249E+004
   1.60774E-002   1.72312E+004
   1.64022E-002   1.72305E+004
   1.67335E-002   1.72225E+004
   1.70716E-002   1.72072E+004
   1.74164E-002   1.71844E+004
   1.77683E-002   1.71539E+004
   1.81272E-002   1.71157E+004
   1.84934E-002   1.70697E+004
   1.88670E-002   1.70157E+004
   1.92481E-002   1.69537E+004
   1.96370E-002   1.68836E+004
   2.00337E-002   1.68054E+004
   2.04384E-002   1.67190E+004
   2.08513E-002   1.66244E+004
   2.12725E-002   1.65216E+004
   2.17022E-002   1.64107E+004
   2.21406E-002   1.62917E+004
   2.25879E-002   1.61648E+004
   2.30442E-002   1.60299E+004
   2.35097E-002   1.58873E+004
   2.39847E-002   1.57370E+004
   2.44692E-002   1.55794E+004
   2.49635E-002   1.54145E+004
   2.54678E-002   1.52427E+004
   2.59823E-002   1.50642E+004
   2.65072E-002   1.48794E+004
   2.70426E-002   1.46886E+004
   2.75889E-002   1.44921E+004
   2.81463E-002   1.42903E+004
   2.87149E-002   1.40838E+004
   2.92949E-002   1.38729E+004
   2.98867E-002   1.36581E+004
   3.04905E-002   1.34400E+004
   3.11064E-002   1.32190E+004
   3.17348E-002   1.29958E+004
   3.23759E-002   1.27709E+004
   3.30299E-002   1.25449E+004
   3.36972E-002   1.23184E+004
   3.43779E-002   1.20921E+004
   3.50724E-002   1.18665E+004
   3.57809E-002   1.16422E+004
   3.65038E-002   1.14199E+004
   3.72412E-002   1.12001E+004
   3.79935E-002   1.09835E+004
   3.87610E-002   1.07705E+004
   3.95440E-002   1.05618E+004
   4.03429E-002   1.03579E+004
   4.11579E-002   1.01591E+004
   4.19893E-002   9.96594E+003
   4.28375E-002   9.77876E+003
   4.37029E-002   9.59788E+003
   4.45858E-002   9.42354E+003
   4.54865E-002   9.25592E+003
   4.64053E-002   9.09512E+003
   4.73428E-002   8.94116E+003
   4.82992E-002   8.79400E+003
   4.92749E-002   8.65348E+003
   5.02703E-002   8.51936E+003
   5.12858E-002   8.39130E+003
   5.23219E-002   8.26889E+003
   5.33789E-002   8.15157E+003
   5.44572E-002   8.03873E+003
   5.55573E-002   7.92965E+003
   5.66796E-002   7.82352E+003
   5.78246E-002   7.71946E+003
   5.89927E-002   7.61652E+003
   6.01845E-002   7.51368E+003
   6.14003E-002   7.40990E+003
   6.26407E-002   7.30413E+003
   6.39061E-002   7.19533E+003
   6.51971E-002   7.08248E+003
   6.65142E-002   6.96467E+003
   6.78578E-002   6.84107E+003
   6.92287E-002   6.71099E+003
   7.06272E-002   6.57392E+003
   7.20539E-002   6.42956E+003
   7.35095E-002   6.27785E+003
   7.49945E-002   6.11898E+003
   7.65095E-002   5.95339E+003
   7.80551E-002   5.78183E+003
   7.96319E-002   5.60528E+003
   8.12406E-002   5.42500E+003
   8.28817E-002   5.24246E+003
   8.45561E-002   5.05927E+003
   8.62642E-002   4.87722E+003
   8.80068E-002   4.69810E+003
   8.97847E-002   4.52374E+003
   9.15985E-002   4.35586E+003
   9.34489E-002   4.19606E+003
   9.53367E-002   4.04569E+003
   9.72626E-002   3.90588E+003
   9.92274E-002   3.77739E+003
   1.01232E-001   3.66065E+003
   1.03277E-001   3.55569E+003
   1.05363E-001   3.46212E+003
   1.07492E-001   3.37914E+003
   1.09663E-001   3.30555E+003
   1.11879E-001   3.23976E+003
   1.14139E-001   3.17987E+003
   1.16445E-001   3.12371E+003
   1.18797E-001   3.06899E+003
   1.21197E-001   3.01337E+003
   1.23645E-001   2.95464E+003
   1.26143E-001   2.89091E+003
   1.28691E-001   2.82072E+003
   1.31291E-001   2.74321E+003
   1.33943E-001   2.65823E+003
   1.36649E-001   2.56637E+003
   1.39409E-001   2.46893E+003
   1.42226E-001   2.36785E+003
   1.45099E-001   2.26550E+003
   1.48030E-001   2.16448E+003
   1.51020E-001   2.06737E+003
   1.54071E-001   1.97648E+003
   1.57184E-001   1.89367E+003
   1.60359E-001   1.82010E+003
   1.63598E-001   1.75620E+003
   1.66903E-001   1.70161E+003
   1.70275E-001   1.65519E+003
   1.73715E-001   1.61511E+003
   1.77224E-001   1.57906E+003
   1.80804E-001   1.54449E+003
   1.84457E-001   1.50889E+003
   1.88183E-001   1.47013E+003
   1.91985E-001   1.42680E+003
   1.95863E-001   1.37839E+003
   1.99820E-001   1.32540E+003
   2.03856E-001   1.26925E+003
   2.07974E-001   1.21201E+003
   2.12176E-001   1.15602E+003
   2.16462E-001   1.10349E+003
   2.20835E-001   1.05608E+003
   2.25296E-001   1.01466E+003
   2.29847E-001   9.79206E+002
   2.34490E-001   9.48783E+002
   2.39227E-001   9.21782E+002
   2.44060E-001   8.96240E+002
   2.48990E-001   8.70250E+002
   2.54020E-001   8.42383E+002
   2.59152E-001   8.12007E+002
   2.64387E-001   7.79408E+002
   2.69728E-001   7.45661E+002
   2.75177E-001   7.12284E+002
   2.80736E-001   6.80795E+002
   2.86407E-001   6.52279E+002
   2.92193E-001   6.27120E+002
   2.98096E-001   6.04937E+002
   3.04118E-001   5.84756E+002
   3.10261E-001   5.65346E+002
   3.16529E-001   5.45630E+002
   3.22923E-001   5.25033E+002
   3.29447E-001   5.03637E+002
   3.36102E-001   4.82073E+002
   3.42892E-001   4.61218E+002
   3.49819E-001   4.41812E+002
   3.56885E-001   4.24169E+002
   3.64095E-001   4.08094E+002
   3.71450E-001   3.93020E+002
   3.78954E-001   3.78298E+002
   3.86609E-001   3.63497E+002
   3.94419E-001   3.48574E+002
   4.02387E-001   3.33826E+002
   4.10516E-001   3.19681E+002
   4.18809E-001   3.06440E+002
   4.27269E-001   2.94126E+002
   4.35901E-001   2.82507E+002
   4.44706E-001   2.71268E+002
   4.53690E-001   2.60205E+002
   4.62855E-001   2.49320E+002
   4.72206E-001   2.38774E+002
   4.81745E-001   2.28734E+002
   4.91477E-001   2.19252E+002
   5.01405E-001   2.10240E+002
   5.11534E-001   2.01556E+002
   5.21868E-001   1.93115E+002
   5.32411E-001   1.84929E+002
   5.43166E-001   1.77067E+002
   5.54139E-001   1.69573E+002
   5.65333E-001   1.62424E+002
   5.76753E-001   1.55560E+002
   5.88404E-001   1.48937E+002
   6.00291E-001   1.42555E+002
   6.12418E-001   1.36435E+002
   6.24789E-001   1.30584E+002
   6.37411E-001   1.24980E+002
   6.50288E-001   1.19597E+002
   6.63424E-001   1.14424E+002
   6.76826E-001   1.09462E+002
   6.90499E-001   1.04710E+002
   7.04448E-001   1.00158E+002
   7.18679E-001   9.57920E+001
   7.33197E-001   9.16045E+001
   7.48009E-001   8.75916E+001
   7.63119E-001   8.37480E+001
   7.78536E-001   8.00652E+001
   7.94263E-001   7.65358E+001
   8.10308E-001   7.31545E+001
   8.26677E-001   6.99165E+001
   8.43378E-001   6.68156E+001
   8.60415E-001   6.38459E+001
   8.77797E-001   6.10024E+001
   8.95529E-001   5.82805E+001
   9.13620E-001   5.56753E+001
   9.32076E-001   5.31818E+001
   9.50906E-001   5.07955E+001
   9.70115E-001   4.85121E+001
   9.89713E-001   4.63273E+001
   1.00971E+000   4.42370E+001
   1.03010E+000   4.22372E+001
   1.05091E+000   4.03244E+001
   1.07214E+000   3.84949E+001
   1.09380E+000   3.67453E+001
   1.11590E+000   3.50723E+001
   1.13844E+000   3.34729E+001
   1.16144E+000   3.19439E+001
   1.18490E+000   3.04823E+001
   1.20884E+000   2.90854E+001
   1.23326E+000   2.77502E+001
   1.25817E+000   2.64742E+001
   1.28359E+000   2.52549E+001
   1.30952E+000   2.40898E+001
   1.33597E+000   2.29768E+001
   1.36296E+000   2.19135E+001
   1.39049E+000   2.08980E+001
   1.41858E+000   1.99281E+001
   1.44724E+000   1.90018E+001
   1.47648E+000   1.81172E+001
   1.50630E+000   1.72725E+001
   1.53673E+000   1.64661E+001
   1.56778E+000   1.56961E+001
   1.59945E+000   1.49611E+001
   1.63176E+000   1.42596E+001
   1.66472E+000   1.35901E+001
   1.69835E+000   1.29511E+001
   1.73266E+000   1.23413E+001
   1.76766E+000   1.17594E+001
   1.80337E+000   1.12042E+001
   1.83980E+000   1.06746E+001
   1.87697E+000   1.01693E+001
   1.91489E+000   9.68731E+000
   1.95357E+000   9.22757E+000
   1.99304E+000   8.78908E+000
   2.03330E+000   8.37090E+000
   2.07437E+000   7.97213E+000
   2.11628E+000   7.59189E+000
   2.15903E+000   7.22934E+000
   2.20265E+000   6.88369E+000
   2.24714E+000   6.55416E+000
   2.29254E+000   6.24003E+000
   2.33885E+000   5.94062E+000
   2.38610E+000   5.65524E+000
   2.43430E+000   5.38325E+000
   2.48348E+000   5.12404E+000
   2.53365E+000   4.87704E+000
   2.58483E+000   4.64169E+000
   2.63705E+000   4.41745E+000
   2.69032E+000   4.20380E+000
   2.74466E+000   4.00026E+000
   2.80011E+000   3.80637E+000
   2.85668E+000   3.62169E+000
   2.91439E+000   3.44577E+000
   2.97326E+000   3.27823E+000
   3.03332E+000   3.11867E+000
   3.09460E+000   2.96672E+000
   3.15712E+000   2.82202E+000
   3.22090E+000   2.68424E+000
   3.28596E+000   2.55306E+000
   3.35234E+000   2.42817E+000
   3.42006E+000   2.30927E+000
   3.48916E+000   2.19608E+000
   3.55964E+000   2.08834E+000
   3.63155E+000   1.98578E+000
   3.70491E+000   1.88817E+000
   3.77976E+000   1.79527E+000
   3.85611E+000   1.70686E+000
   3.93401E+000   1.62272E+000
   4.01348E+000   1.54266E+000
   4.09456E+000   1.46648E+000
   4.17727E+000   1.39400E+000
   4.26166E+000   1.32504E+000
   4.34775E+000   1.25943E+000
   4.43558E+000   1.19702E+000
   4.52519E+000   1.13765E+000
   4.61660E+000   1.08117E+000
   4.70987E+000   1.02746E+000
   4.80501E+000   9.76365E-001
   4.90208E+000   9.27774E-001
   5.00111E+000   8.81563E-001
   5.10214E+000   8.37617E-001
   5.20521E+000   7.95829E-001
   5.31036E+000   7.56092E-001
   5.41763E+000   7.18310E-001
   5.52708E+000   6.82387E-001
   5.63873E+000   6.48234E-001
   5.75264E+000   6.15765E-001
   5.86885E+000   5.84899E-001
   5.98741E+000   5.55557E-001
   6.10836E+000   5.27666E-001
   6.23176E+000   5.01155E-001
   6.35765E+000   4.75957E-001
   6.48609E+000   4.52009E-001
   6.61711E+000   4.29248E-001
   6.75079E+000   4.07618E-001
   6.88716E+000   3.87063E-001
   7.02629E+000   3.67531E-001
   7.16823E+000   3.48971E-001
   7.31304E+000   3.31335E-001
   7.46077E+000   3.14580E-001
   7.61149E+000   2.98660E-001
   7.76525E+000   2.83536E-001
   7.92212E+000   2.69167E-001
   8.08217E+000   2.55518E-001
   8.24543E+000   2.42552E-001
   8.41200E+000   2.30236E-001
   8.58193E+000   2.18537E-001
   8.75530E+000   2.07425E-001
   8.93217E+000   1.96872E-001
   9.11261E+000   1.86848E-001
   9.29670E+000   1.77329E-001
   9.48451E+000   1.68290E-001
   9.67610E+000   1.59705E-001
   9.87158E+000   1.51554E-001
   1.00710E+001   1.43813E-001
   1.02744E+001   1.36463E-001
   1.04820E+001   1.29485E-001
   1.06938E+001   1.22859E-001
   1.09098E+001   1.16569E-001
   1.11302E+001   1.10597E-001
   1.13550E+001   1.04928E-001
   1.15844E+001   9.95456E-002
   1.18184E+001   9.44366E-002
   1.20572E+001   8.95870E-002
   1.23007E+001   8.49837E-002
   1.25492E+001   8.06145E-002
   1.28027E+001   7.64674E-002
   1.30614E+001   7.25315E-002
   1.33252E+001   6.87960E-002
   1.35944E+001   6.52509E-002
   1.38691E+001   6.18866E-002
   1.41492E+001   5.86940E-002
   1.44351E+001   5.56642E-002
   1.47267E+001   5.27890E-002
   1.50242E+001   5.00614E-002
