2.000000000000000000e+00 -3.867567756692660286e-01
3.000000000000000000e+00 -1.700106910889322698e-01
4.000000000000000000e+00 4.389035462817433841e-02
5.000000000000000000e+00 7.951631324797660272e-02
6.000000000000000000e+00 2.542425444950249247e-01
7.000000000000000000e+00 3.178417008064061133e-01
8.000000000000000000e+00 2.542300858385617701e-01
9.000000000000000000e+00 1.876606207882815514e-01
1.000000000000000000e+01 2.562523789780282724e-01
1.100000000000000000e+01 2.772019865902733970e-01
1.200000000000000000e+01 2.910804080339395861e-01
1.300000000000000000e+01 3.001959923355793647e-01
1.400000000000000000e+01 4.373657636537952031e-01
1.500000000000000000e+01 5.871624711119235451e-01
1.600000000000000000e+01 6.439871514996758917e-01
1.700000000000000000e+01 3.787975426462013573e-01
1.800000000000000000e+01 5.631753174585825139e-01
1.900000000000000000e+01 5.188093847217817300e-01
2.000000000000000000e+01 5.121604354726314590e-01
2.100000000000000000e+01 5.410227195425263425e-01
2.200000000000000000e+01 5.418928825932900484e-01
2.300000000000000000e+01 5.498923921481188026e-01
2.400000000000000000e+01 5.757028949793461248e-01
2.500000000000000000e+01 5.740458536375719900e-01
2.600000000000000000e+01 6.086836654249986323e-01
2.700000000000000000e+01 5.937725733983446608e-01
2.800000000000000000e+01 6.067739441075024054e-01
2.900000000000000000e+01 6.233567055553312919e-01
3.000000000000000000e+01 6.017830737606953972e-01
3.100000000000000000e+01 6.555195209396310618e-01
3.200000000000000000e+01 6.271959536382644140e-01
3.300000000000000000e+01 6.219646321291503188e-01
3.400000000000000000e+01 6.289929596934512590e-01
3.500000000000000000e+01 5.975956785055891451e-01
3.600000000000000000e+01 6.443286333621882633e-01
3.700000000000000000e+01 6.383661521245036496e-01
3.800000000000000000e+01 6.143269350426886488e-01
3.900000000000000000e+01 6.409260351532979350e-01
4.000000000000000000e+01 5.861164244947003610e-01
4.100000000000000000e+01 5.127503001384248194e-01
4.200000000000000000e+01 4.837628716376123350e-01
4.300000000000000000e+01 4.711886468970191144e-01
4.400000000000000000e+01 4.929901334613847608e-01
4.500000000000000000e+01 5.004019165036520667e-01
4.600000000000000000e+01 5.121327298901271474e-01
4.700000000000000000e+01 5.316769742459247494e-01
4.800000000000000000e+01 5.553190043901676809e-01
4.900000000000000000e+01 5.726650632963694587e-01
5.000000000000000000e+01 5.671248357594040890e-01
5.100000000000000000e+01 5.577932342034552793e-01
5.200000000000000000e+01 5.215823937414887368e-01
5.300000000000000000e+01 5.031257449140436044e-01
5.400000000000000000e+01 4.996506710981757360e-01
5.500000000000000000e+01 5.084952098728130476e-01
5.600000000000000000e+01 5.132997795563998267e-01
5.700000000000000000e+01 5.180215501461512551e-01
5.800000000000000000e+01 5.190364129818836325e-01
5.900000000000000000e+01 5.189151728372700667e-01
6.000000000000000000e+01 5.201058706661830788e-01
6.100000000000000000e+01 4.965921882771416884e-01
6.200000000000000000e+01 4.909996492199403262e-01
6.300000000000000000e+01 4.819381531710297262e-01
6.400000000000000000e+01 4.603700847980843891e-01
6.500000000000000000e+01 4.510732609982640029e-01
6.600000000000000000e+01 4.334242246965253065e-01
6.700000000000000000e+01 4.247515153549703548e-01
6.800000000000000000e+01 4.038316728537371114e-01
6.900000000000000000e+01 3.927454677643710812e-01
7.000000000000000000e+01 3.759840163941444713e-01
7.100000000000000000e+01 3.694713543456163429e-01
7.200000000000000000e+01 3.621058721052927143e-01
7.300000000000000000e+01 3.682144522041677637e-01
7.400000000000000000e+01 3.716830245347311212e-01
7.500000000000000000e+01 3.718788373848475604e-01
7.600000000000000000e+01 3.682653016013572311e-01
7.700000000000000000e+01 3.558963100797657986e-01
7.800000000000000000e+01 3.395581023812224708e-01
7.900000000000000000e+01 3.238093290183498563e-01
8.000000000000000000e+01 2.992033944916769883e-01
8.100000000000000000e+01 2.797291907625300000e-01
8.200000000000000000e+01 2.619277838304323036e-01
8.300000000000000000e+01 2.427845931319282669e-01
8.400000000000000000e+01 2.281735251747582516e-01
8.500000000000000000e+01 2.193714403307081562e-01
8.600000000000000000e+01 2.169771041596728345e-01
8.700000000000000000e+01 2.107149582254825571e-01
8.800000000000000000e+01 2.151875381706533641e-01
8.900000000000000000e+01 2.113963890384542854e-01
9.000000000000000000e+01 2.056267935864641017e-01
9.100000000000000000e+01 1.964912945659899324e-01
9.200000000000000000e+01 1.853015674788299483e-01
9.300000000000000000e+01 1.661048730775535609e-01
9.400000000000000000e+01 1.564817131569631870e-01
9.500000000000000000e+01 1.425599120699891087e-01
9.600000000000000000e+01 1.446284378784650770e-01
9.700000000000000000e+01 1.387303024618475600e-01
9.800000000000000000e+01 1.347491051557170860e-01
9.900000000000000000e+01 1.348196388334086948e-01
1.000000000000000000e+02 1.265054625354483653e-01
1.010000000000000000e+02 1.233297664710552161e-01
1.020000000000000000e+02 1.043299029683858736e-01
1.030000000000000000e+02 9.177149164099651646e-02
1.040000000000000000e+02 8.274041791684093317e-02
1.050000000000000000e+02 7.104692335664625213e-02
1.060000000000000000e+02 6.407872757202419389e-02
1.070000000000000000e+02 6.476009377498984088e-02
1.080000000000000000e+02 5.916605767235235541e-02
1.090000000000000000e+02 5.358521642946583591e-02
1.100000000000000000e+02 5.403891325556382796e-02
1.110000000000000000e+02 5.028670972990152699e-02
1.120000000000000000e+02 5.146303875448129256e-02
1.130000000000000000e+02 4.439445151063281525e-02
1.140000000000000000e+02 4.123674553645552410e-02
1.150000000000000000e+02 3.525354939981125563e-02
1.160000000000000000e+02 2.917534473176007850e-02
1.170000000000000000e+02 1.995578508844224677e-02
1.180000000000000000e+02 7.739477022290894639e-03
1.190000000000000000e+02 -4.399417206607001557e-03
1.200000000000000000e+02 -1.351038251498839701e-02
1.210000000000000000e+02 -2.253943818094083368e-02
1.220000000000000000e+02 -2.867785501514828750e-02
1.230000000000000000e+02 -3.489497381295156297e-02
1.240000000000000000e+02 -4.124676854857005359e-02
1.250000000000000000e+02 -4.501970484669172434e-02
1.260000000000000000e+02 -4.919062344581503349e-02
1.270000000000000000e+02 -4.889824353498978260e-02
1.280000000000000000e+02 -4.764211879785917175e-02
1.290000000000000000e+02 -4.878744628442794468e-02
1.300000000000000000e+02 -5.029981021501572780e-02
1.310000000000000000e+02 -5.006558974276351798e-02
1.320000000000000000e+02 -5.325059506029459350e-02
1.330000000000000000e+02 -5.698199521561141817e-02
1.340000000000000000e+02 -5.849263961041140797e-02
1.350000000000000000e+02 -6.015318331014164049e-02
1.360000000000000000e+02 -5.684445395381076266e-02
1.370000000000000000e+02 -5.388127013806524868e-02
1.380000000000000000e+02 -5.156450767103797073e-02
1.390000000000000000e+02 -4.287865268181947909e-02
1.400000000000000000e+02 -3.795793051208990604e-02
1.410000000000000000e+02 -2.748497569061930310e-02
1.420000000000000000e+02 -2.171327067674251252e-02
1.430000000000000000e+02 -1.647538122973594976e-02
1.440000000000000000e+02 -7.739654208340160553e-03
1.450000000000000000e+02 -8.811671847672202700e-04
1.460000000000000000e+02 -9.409309110312801244e-04
1.470000000000000000e+02 3.802900549413476203e-03
1.480000000000000000e+02 6.752290665341564163e-03
1.490000000000000000e+02 8.252095376967369736e-03
1.500000000000000000e+02 1.309851612396404838e-02
1.510000000000000000e+02 1.696981019169260807e-02
1.520000000000000000e+02 2.619921187810456478e-02
1.530000000000000000e+02 3.154199409609109717e-02
1.540000000000000000e+02 3.918651099968926965e-02
1.550000000000000000e+02 4.654396784862762509e-02
1.560000000000000000e+02 5.748879041230695736e-02
1.570000000000000000e+02 6.512657412915613675e-02
1.580000000000000000e+02 7.117028498126580505e-02
1.590000000000000000e+02 7.938000894607068203e-02
1.600000000000000000e+02 8.301109594822206339e-02
1.610000000000000000e+02 8.596446803366002143e-02
1.620000000000000000e+02 9.049806463844033144e-02
1.630000000000000000e+02 8.873382464824745852e-02
1.640000000000000000e+02 9.124784362139601313e-02
1.650000000000000000e+02 9.222643732467560029e-02
1.660000000000000000e+02 9.384564861901421862e-02
1.670000000000000000e+02 9.356851077112607329e-02
1.680000000000000000e+02 9.667431137455162471e-02
1.690000000000000000e+02 9.847537304105652423e-02
1.700000000000000000e+02 9.830320695846768431e-02
1.710000000000000000e+02 9.759947834721095783e-02
1.720000000000000000e+02 9.833963707920446995e-02
1.730000000000000000e+02 9.875027812736172916e-02
1.740000000000000000e+02 9.708904162468864896e-02
1.750000000000000000e+02 9.737571484674502342e-02
1.760000000000000000e+02 9.776372598838943551e-02
1.770000000000000000e+02 9.985855890975972593e-02
1.780000000000000000e+02 1.013829304451001612e-01
1.790000000000000000e+02 1.038493004629094524e-01
1.800000000000000000e+02 1.031481369176567436e-01
1.810000000000000000e+02 1.045858712443409333e-01
1.820000000000000000e+02 1.043923793156586594e-01
1.830000000000000000e+02 1.062842042751214744e-01
1.840000000000000000e+02 1.047512423341990795e-01
1.850000000000000000e+02 1.035027042443735223e-01
1.860000000000000000e+02 1.097942822356675063e-01
1.870000000000000000e+02 1.089173961653211453e-01
1.880000000000000000e+02 1.098208767567387251e-01
1.890000000000000000e+02 1.123275263469429019e-01
1.900000000000000000e+02 1.073017205248649186e-01
1.910000000000000000e+02 1.107283468964360279e-01
1.920000000000000000e+02 1.115941897056301063e-01
1.930000000000000000e+02 1.114391635402958991e-01
1.940000000000000000e+02 1.100126684903217633e-01
1.950000000000000000e+02 1.088336662008879269e-01
1.960000000000000000e+02 1.076991654137797183e-01
1.970000000000000000e+02 1.031191908970775228e-01
1.980000000000000000e+02 9.870671658455730524e-02
1.990000000000000000e+02 9.454114937336040303e-02
2.000000000000000000e+02 8.721296930141494985e-02
2.010000000000000000e+02 8.201578736502951328e-02
2.020000000000000000e+02 7.541903562573505637e-02
2.030000000000000000e+02 7.082488514666675228e-02
2.040000000000000000e+02 6.642354764127152145e-02
2.050000000000000000e+02 6.214359038900803267e-02
2.060000000000000000e+02 5.791588982132126612e-02
2.070000000000000000e+02 5.366838286102926237e-02
2.080000000000000000e+02 5.276844160322949340e-02
2.090000000000000000e+02 4.998787185126601224e-02
2.100000000000000000e+02 4.868983499168175882e-02
2.110000000000000000e+02 4.709031821037899801e-02
2.120000000000000000e+02 4.854228268738152580e-02
2.130000000000000000e+02 4.784285953690121940e-02
2.140000000000000000e+02 4.834608767860157363e-02
2.150000000000000000e+02 4.827225751052827141e-02
2.160000000000000000e+02 5.096810946558005817e-02
2.170000000000000000e+02 4.954596267859570635e-02
2.180000000000000000e+02 5.075449182020486116e-02
2.190000000000000000e+02 4.941608618639428685e-02
2.200000000000000000e+02 4.887180408714237451e-02
2.210000000000000000e+02 4.736980973770410497e-02
2.220000000000000000e+02 4.664070266703494727e-02
2.230000000000000000e+02 4.673542008612210918e-02
2.240000000000000000e+02 4.259368610159718765e-02
2.250000000000000000e+02 4.107548648251879014e-02
2.260000000000000000e+02 3.882417624744817497e-02
2.270000000000000000e+02 3.588564704236333475e-02
2.280000000000000000e+02 3.401543275337159250e-02
2.290000000000000000e+02 2.984877010290913277e-02
2.300000000000000000e+02 2.855862865927495317e-02
2.310000000000000000e+02 2.677612785155424405e-02
2.320000000000000000e+02 2.455053410218574136e-02
2.330000000000000000e+02 2.192933436261410712e-02
2.340000000000000000e+02 2.239742920528898368e-02
2.350000000000000000e+02 2.085465120139855244e-02
2.360000000000000000e+02 2.251091703657846430e-02
2.370000000000000000e+02 2.225563309680971685e-02
2.380000000000000000e+02 2.358570498778139388e-02
2.390000000000000000e+02 2.482964183848697728e-02
2.400000000000000000e+02 2.777189576501606916e-02
2.410000000000000000e+02 2.900352300950564607e-02
2.420000000000000000e+02 3.033943288850639297e-02
2.430000000000000000e+02 3.187333824092306728e-02
2.440000000000000000e+02 3.545009932072354375e-02
2.450000000000000000e+02 3.941902092552822257e-02
2.460000000000000000e+02 4.211478121747028874e-02
2.470000000000000000e+02 4.538751758675643733e-02
2.480000000000000000e+02 5.110439420748950912e-02
2.490000000000000000e+02 5.405153064172124600e-02
2.500000000000000000e+02 5.786301908039861996e-02
2.510000000000000000e+02 6.085156692024634023e-02
2.520000000000000000e+02 6.848388333032458253e-02
2.530000000000000000e+02 7.010407847942889958e-02
2.540000000000000000e+02 7.477460476493236197e-02
2.550000000000000000e+02 7.899824075160893910e-02
2.560000000000000000e+02 8.468522027308511557e-02
2.570000000000000000e+02 8.829576319144695484e-02
2.580000000000000000e+02 9.173568541265626763e-02
2.590000000000000000e+02 9.509772795744800278e-02
2.600000000000000000e+02 9.663278729191407401e-02
2.610000000000000000e+02 1.001393841000732116e-01
2.620000000000000000e+02 1.039541769853538078e-01
2.630000000000000000e+02 1.026511997657610087e-01
2.640000000000000000e+02 1.038766109823766604e-01
2.650000000000000000e+02 1.078605169374240169e-01
2.660000000000000000e+02 1.091328434528499869e-01
2.670000000000000000e+02 1.116640540942876320e-01
2.680000000000000000e+02 1.156709927997909559e-01
2.690000000000000000e+02 1.194407753499842073e-01
2.700000000000000000e+02 1.231681749383666952e-01
2.710000000000000000e+02 1.270461643954659547e-01
2.720000000000000000e+02 1.273592287101213971e-01
2.730000000000000000e+02 1.301609634118927605e-01
2.740000000000000000e+02 1.317251008475706087e-01
2.750000000000000000e+02 1.362255453034433572e-01
2.760000000000000000e+02 1.358904385645484381e-01
2.770000000000000000e+02 1.409252970027706220e-01
2.780000000000000000e+02 1.414875398523776917e-01
2.790000000000000000e+02 1.438243469208966285e-01
2.800000000000000000e+02 1.461233633057930914e-01
2.810000000000000000e+02 1.465244365184256714e-01
2.820000000000000000e+02 1.514508456376768009e-01
2.830000000000000000e+02 1.528230775504875461e-01
2.840000000000000000e+02 1.528972052051673081e-01
2.850000000000000000e+02 1.539894468833008234e-01
2.860000000000000000e+02 1.563408198219828349e-01
2.870000000000000000e+02 1.580436145243307167e-01
2.880000000000000000e+02 1.593052598931441188e-01
2.890000000000000000e+02 1.625299749426584728e-01
2.900000000000000000e+02 1.613815254921999176e-01
2.910000000000000000e+02 1.626413524876568484e-01
2.920000000000000000e+02 1.688239584639017188e-01
2.930000000000000000e+02 1.690265938939685408e-01
2.940000000000000000e+02 1.724082458751695357e-01
2.950000000000000000e+02 1.701426148001160543e-01
2.960000000000000000e+02 1.715407990362156632e-01
2.970000000000000000e+02 1.746097093248751286e-01
2.980000000000000000e+02 1.772881499733882649e-01
2.990000000000000000e+02 1.798093832300120820e-01
3.000000000000000000e+02 1.824142537543102793e-01
3.010000000000000000e+02 1.853491689094620420e-01
3.020000000000000000e+02 1.864675512800210988e-01
3.030000000000000000e+02 1.884224276461222147e-01
3.040000000000000000e+02 1.890384833101995676e-01
3.050000000000000000e+02 1.910292891895518097e-01
3.060000000000000000e+02 1.922006472354227669e-01
3.070000000000000000e+02 1.953225983661569520e-01
3.080000000000000000e+02 1.981747445066357194e-01
3.090000000000000000e+02 1.958869346226081998e-01
3.100000000000000000e+02 1.989718977057245430e-01
3.110000000000000000e+02 2.000082276896950895e-01
3.120000000000000000e+02 1.992212433357762047e-01
3.130000000000000000e+02 2.021786201073906553e-01
3.140000000000000000e+02 2.012038653549325928e-01
3.150000000000000000e+02 2.019074703156676087e-01
3.160000000000000000e+02 2.018910890315419038e-01
3.170000000000000000e+02 2.042003698586762894e-01
3.180000000000000000e+02 2.064090748560035715e-01
3.190000000000000000e+02 2.059907502113756395e-01
3.200000000000000000e+02 2.060303960298627834e-01
3.210000000000000000e+02 2.068373134927883605e-01
3.220000000000000000e+02 2.057952179795615177e-01
3.230000000000000000e+02 2.060412894312690368e-01
3.240000000000000000e+02 2.078745732610520203e-01
3.250000000000000000e+02 2.056152319030824516e-01
3.260000000000000000e+02 2.084796060303405751e-01
3.270000000000000000e+02 2.077282331639169477e-01
3.280000000000000000e+02 2.066068842320980536e-01
3.290000000000000000e+02 2.084954142574182989e-01
3.300000000000000000e+02 2.074615290741418094e-01
3.310000000000000000e+02 2.068820406464363382e-01
3.320000000000000000e+02 2.038324827266941031e-01
3.330000000000000000e+02 2.050206245122664084e-01
3.340000000000000000e+02 2.043073053604129719e-01
3.350000000000000000e+02 2.052333509699806047e-01
3.360000000000000000e+02 2.047972864711368746e-01
3.370000000000000000e+02 2.032568082769696249e-01
3.380000000000000000e+02 2.008709356513031230e-01
3.390000000000000000e+02 1.979205670309681919e-01
3.400000000000000000e+02 1.981922978813444036e-01
3.410000000000000000e+02 1.985474214869418219e-01
3.420000000000000000e+02 1.992127587769129127e-01
3.430000000000000000e+02 2.004174013820891609e-01
3.440000000000000000e+02 1.950968951864183454e-01
3.450000000000000000e+02 1.979919317754216257e-01
3.460000000000000000e+02 1.947014082529147649e-01
3.470000000000000000e+02 1.965216845585483207e-01
3.480000000000000000e+02 1.962470462603843335e-01
3.490000000000000000e+02 1.978701052240331160e-01
3.500000000000000000e+02 1.977979942339154196e-01
3.510000000000000000e+02 1.883829225593423862e-01
3.520000000000000000e+02 1.933022757660132762e-01
3.530000000000000000e+02 1.892522744330595863e-01
3.540000000000000000e+02 1.923465830860299486e-01
3.550000000000000000e+02 1.867241286122296728e-01
3.560000000000000000e+02 1.888476117655931708e-01
3.570000000000000000e+02 1.867129387925720863e-01
3.580000000000000000e+02 1.846340489934075457e-01
3.590000000000000000e+02 1.828679063131552762e-01
3.600000000000000000e+02 1.816729556756105923e-01
3.610000000000000000e+02 1.813000849004287596e-01
3.620000000000000000e+02 1.818870936718144093e-01
3.630000000000000000e+02 1.835629042277764356e-01
3.640000000000000000e+02 1.820029803355537046e-01
3.650000000000000000e+02 1.816998674497430077e-01
3.660000000000000000e+02 1.827888222140670316e-01
3.670000000000000000e+02 1.808361302441229002e-01
3.680000000000000000e+02 1.850921396799037888e-01
3.690000000000000000e+02 1.818484057422294631e-01
3.700000000000000000e+02 1.803990208655883165e-01
3.710000000000000000e+02 1.809058145534858664e-01
3.720000000000000000e+02 1.835147257279092226e-01
3.730000000000000000e+02 1.835687309389074928e-01
3.740000000000000000e+02 1.811054781005718428e-01
3.750000000000000000e+02 1.859629696240817087e-01
3.760000000000000000e+02 1.836145635270553800e-01
3.770000000000000000e+02 1.839536068028732874e-01
3.780000000000000000e+02 1.821307772448303441e-01
3.790000000000000000e+02 1.832573404151271457e-01
3.800000000000000000e+02 1.824302977668045556e-01
3.810000000000000000e+02 1.847991642083165464e-01
3.820000000000000000e+02 1.852340634613930115e-01
3.830000000000000000e+02 1.888054889464417796e-01
3.840000000000000000e+02 1.850528813512596626e-01
3.850000000000000000e+02 1.895243337414354579e-01
3.860000000000000000e+02 1.864370236026745842e-01
3.870000000000000000e+02 1.915223649597218303e-01
3.880000000000000000e+02 1.941551025050151646e-01
3.890000000000000000e+02 1.942065143911996805e-01
3.900000000000000000e+02 1.969599305996040939e-01
3.910000000000000000e+02 1.969470066464504010e-01
3.920000000000000000e+02 1.994974154641263320e-01
3.930000000000000000e+02 1.936161701127911416e-01
3.940000000000000000e+02 1.956106636711440472e-01
3.950000000000000000e+02 1.999755068930148261e-01
3.960000000000000000e+02 1.955685790510382771e-01
3.970000000000000000e+02 1.989014092622567176e-01
3.980000000000000000e+02 1.988099970603666999e-01
3.990000000000000000e+02 2.007738777904456429e-01
4.000000000000000000e+02 1.991134335866328042e-01
4.010000000000000000e+02 2.049420079454563615e-01
4.020000000000000000e+02 2.011714685686407378e-01
4.030000000000000000e+02 1.987771283522287435e-01
4.040000000000000000e+02 2.031843005523777945e-01
4.050000000000000000e+02 2.028165587988755014e-01
4.060000000000000000e+02 2.030762584953299532e-01
4.070000000000000000e+02 2.037047938452319074e-01
4.080000000000000000e+02 2.044530595997204325e-01
4.090000000000000000e+02 2.050593459705376820e-01
4.100000000000000000e+02 2.052612525023449763e-01
4.110000000000000000e+02 1.990943394246897924e-01
4.120000000000000000e+02 2.034137377947300707e-01
4.130000000000000000e+02 2.008469358427247553e-01
4.140000000000000000e+02 2.025472231173481297e-01
4.150000000000000000e+02 2.025512260817251553e-01
4.160000000000000000e+02 2.005948691130182704e-01
4.170000000000000000e+02 2.021260910399374500e-01
4.180000000000000000e+02 2.011878625743347138e-01
4.190000000000000000e+02 2.032063718403864239e-01
4.200000000000000000e+02 2.022456080267649448e-01
4.210000000000000000e+02 1.980438002613304216e-01
4.220000000000000000e+02 1.959073495776735285e-01
4.230000000000000000e+02 2.010783890468060831e-01
4.240000000000000000e+02 2.018933277363799683e-01
4.250000000000000000e+02 2.036153261430863337e-01
4.260000000000000000e+02 2.002699694169513267e-01
4.270000000000000000e+02 2.026703182315179319e-01
4.280000000000000000e+02 2.048400652568252156e-01
4.290000000000000000e+02 2.064099161822471884e-01
4.300000000000000000e+02 2.070101498065009815e-01
4.310000000000000000e+02 2.062931371514186984e-01
4.320000000000000000e+02 2.093712088605547139e-01
4.330000000000000000e+02 2.103926681726852044e-01
4.340000000000000000e+02 2.144402071444052038e-01
4.350000000000000000e+02 2.157070546026579605e-01
4.360000000000000000e+02 2.138590579050610452e-01
4.370000000000000000e+02 2.139447424439364365e-01
4.380000000000000000e+02 2.155929780978455557e-01
4.390000000000000000e+02 2.184164244376572417e-01
4.400000000000000000e+02 2.167390677540973754e-01
4.410000000000000000e+02 2.155492005203251127e-01
4.420000000000000000e+02 2.197142757718457129e-01
4.430000000000000000e+02 2.183142922197099378e-01
4.440000000000000000e+02 2.214518307252286433e-01
4.450000000000000000e+02 2.183258472465251510e-01
4.460000000000000000e+02 2.241154770644409877e-01
4.470000000000000000e+02 2.229182539010708675e-01
4.480000000000000000e+02 2.297803360426441399e-01
4.490000000000000000e+02 2.289731100703685518e-01
4.500000000000000000e+02 2.303402839630664944e-01
4.510000000000000000e+02 2.284606898677334907e-01
4.520000000000000000e+02 2.330163111417726807e-01
4.530000000000000000e+02 2.286216020503795965e-01
4.540000000000000000e+02 2.348437044712938793e-01
4.550000000000000000e+02 2.363861179644890231e-01
4.560000000000000000e+02 2.329659869267373395e-01
4.570000000000000000e+02 2.389114213371911211e-01
4.580000000000000000e+02 2.391944158747501825e-01
4.590000000000000000e+02 2.383622904478046589e-01
4.600000000000000000e+02 2.360839759169299501e-01
4.610000000000000000e+02 2.368017630614701885e-01
4.620000000000000000e+02 2.353961116976733270e-01
4.630000000000000000e+02 2.409974183933721592e-01
4.640000000000000000e+02 2.437953469803987028e-01
4.650000000000000000e+02 2.481690083287978466e-01
4.660000000000000000e+02 2.491289257619741793e-01
4.670000000000000000e+02 2.464114878913323814e-01
4.680000000000000000e+02 2.489323109621802421e-01
4.690000000000000000e+02 2.517273715288750324e-01
4.700000000000000000e+02 2.499362676374833059e-01
4.710000000000000000e+02 2.568652388802309949e-01
4.720000000000000000e+02 2.585848571830030584e-01
4.730000000000000000e+02 2.593319996702253549e-01
4.740000000000000000e+02 2.632659892663046231e-01
4.750000000000000000e+02 2.611728697990819970e-01
4.760000000000000000e+02 2.660541250197930307e-01
4.770000000000000000e+02 2.687312022868199035e-01
4.780000000000000000e+02 2.689322693898465455e-01
4.790000000000000000e+02 2.707365121164185817e-01
4.800000000000000000e+02 2.738149197804809476e-01
4.810000000000000000e+02 2.735703674460929213e-01
4.820000000000000000e+02 2.698065555267106785e-01
4.830000000000000000e+02 2.751455046850182495e-01
4.840000000000000000e+02 2.807474622334458214e-01
4.850000000000000000e+02 2.779635662457829448e-01
4.860000000000000000e+02 2.792852523549885224e-01
4.870000000000000000e+02 2.802689808864369803e-01
4.880000000000000000e+02 2.848617036325706287e-01
4.890000000000000000e+02 2.845125620851586268e-01
4.900000000000000000e+02 2.832016570821265233e-01
4.910000000000000000e+02 2.889612078302087883e-01
4.920000000000000000e+02 2.891900367548856376e-01
4.930000000000000000e+02 2.878373816966678933e-01
4.940000000000000000e+02 2.887730167968960426e-01
4.950000000000000000e+02 2.958112372137695067e-01
4.960000000000000000e+02 2.965718946020217683e-01
4.970000000000000000e+02 3.029832346971515489e-01
4.980000000000000000e+02 3.027496673118977855e-01
4.990000000000000000e+02 3.037320603810310660e-01
5.000000000000000000e+02 3.057076772841384460e-01
5.010000000000000000e+02 3.084770352195547738e-01
5.020000000000000000e+02 3.079500506504160851e-01
5.030000000000000000e+02 3.119251682206737319e-01
5.040000000000000000e+02 3.163111889313763303e-01
5.050000000000000000e+02 3.131593914019314417e-01
5.060000000000000000e+02 3.180435079895157502e-01
5.070000000000000000e+02 3.190926066352777757e-01
5.080000000000000000e+02 3.201142118920382584e-01
5.090000000000000000e+02 3.209891107545571054e-01
5.100000000000000000e+02 3.293331147359626065e-01
5.110000000000000000e+02 3.295655995231554503e-01
5.120000000000000000e+02 3.331608019847588920e-01
5.130000000000000000e+02 3.323138356168920948e-01
5.140000000000000000e+02 3.345983717375926592e-01
5.150000000000000000e+02 3.360612412716217912e-01
5.160000000000000000e+02 3.404051629386656841e-01
5.170000000000000000e+02 3.437001243041197807e-01
5.180000000000000000e+02 3.458395735828420081e-01
5.190000000000000000e+02 3.467171701954379626e-01
5.200000000000000000e+02 3.462304461448973969e-01
5.210000000000000000e+02 3.518473591879540674e-01
5.220000000000000000e+02 3.559739075689965504e-01
5.230000000000000000e+02 3.548396817743347254e-01
5.240000000000000000e+02 3.559902350601040211e-01
5.250000000000000000e+02 3.631632503184236693e-01
5.260000000000000000e+02 3.650753353530022394e-01
5.270000000000000000e+02 3.617407981964078090e-01
5.280000000000000000e+02 3.644052568246192170e-01
5.290000000000000000e+02 3.655595853066402334e-01
5.300000000000000000e+02 3.689404818958214594e-01
5.310000000000000000e+02 3.633273804738285095e-01
5.320000000000000000e+02 3.674063953426819906e-01
5.330000000000000000e+02 3.699573678701458257e-01
5.340000000000000000e+02 3.709757295799372412e-01
5.350000000000000000e+02 3.741872545150648488e-01
5.360000000000000000e+02 3.758567570002381841e-01
5.370000000000000000e+02 3.759782011047425043e-01
5.380000000000000000e+02 3.782746087090002041e-01
5.390000000000000000e+02 3.790163077838283323e-01
5.400000000000000000e+02 3.819190534260357150e-01
5.410000000000000000e+02 3.832678669111515557e-01
5.420000000000000000e+02 3.831214530431646947e-01
5.430000000000000000e+02 3.890291472538179862e-01
5.440000000000000000e+02 3.861326436735660339e-01
5.450000000000000000e+02 3.894468670063967464e-01
5.460000000000000000e+02 3.915833432010163984e-01
5.470000000000000000e+02 3.926147730523691370e-01
5.480000000000000000e+02 3.963721479940739978e-01
5.490000000000000000e+02 3.954324587706677940e-01
5.500000000000000000e+02 3.973741494575638300e-01
5.510000000000000000e+02 3.985261868874886426e-01
5.520000000000000000e+02 3.989649230400976743e-01
5.530000000000000000e+02 3.987667083612571051e-01
5.540000000000000000e+02 4.017816205380687067e-01
5.550000000000000000e+02 4.043197632801798780e-01
5.560000000000000000e+02 4.064663693457981619e-01
5.570000000000000000e+02 4.082956591475162544e-01
5.580000000000000000e+02 4.098859470089536439e-01
5.590000000000000000e+02 4.151202389367582013e-01
5.600000000000000000e+02 4.126648532667466784e-01
5.610000000000000000e+02 4.216651387117943406e-01
5.620000000000000000e+02 4.193720443458237024e-01
5.630000000000000000e+02 4.212111064572745533e-01
5.640000000000000000e+02 4.196837847483453343e-01
5.650000000000000000e+02 4.226241923877635531e-01
5.660000000000000000e+02 4.225036803022714782e-01
5.670000000000000000e+02 4.233247023486699234e-01
5.680000000000000000e+02 4.252603285128448984e-01
5.690000000000000000e+02 4.284663976993433598e-01
5.700000000000000000e+02 4.253253304971911786e-01
5.710000000000000000e+02 4.315778517852900675e-01
5.720000000000000000e+02 4.317863641574454237e-01
5.730000000000000000e+02 4.339168850457576498e-01
5.740000000000000000e+02 4.342118788834263277e-01
5.750000000000000000e+02 4.367637012751842684e-01
5.760000000000000000e+02 4.338294122616961901e-01
5.770000000000000000e+02 4.374576701036158033e-01
5.780000000000000000e+02 4.398821770825007138e-01
5.790000000000000000e+02 4.372592165307233047e-01
5.800000000000000000e+02 4.377381144536988677e-01
5.810000000000000000e+02 4.415139338753715226e-01
5.820000000000000000e+02 4.447692718455162342e-01
5.830000000000000000e+02 4.436391812573814986e-01
5.840000000000000000e+02 4.464212632468440023e-01
5.850000000000000000e+02 4.451748827765505401e-01
5.860000000000000000e+02 4.482596716896528610e-01
5.870000000000000000e+02 4.435747927214745423e-01
5.880000000000000000e+02 4.477578580105590622e-01
5.890000000000000000e+02 4.486693790665153836e-01
5.900000000000000000e+02 4.506382939399840026e-01
5.910000000000000000e+02 4.496937712404651122e-01
5.920000000000000000e+02 4.502056811505608103e-01
5.930000000000000000e+02 4.523922693717158938e-01
5.940000000000000000e+02 4.607074519306552651e-01
5.950000000000000000e+02 4.626935448804563311e-01
5.960000000000000000e+02 4.627400106884578812e-01
5.970000000000000000e+02 4.653110847351331625e-01
5.980000000000000000e+02 4.577576846735557647e-01
5.990000000000000000e+02 4.574221539766041844e-01
6.000000000000000000e+02 4.602645971250899914e-01
6.010000000000000000e+02 4.621867675829321453e-01
6.020000000000000000e+02 4.590303898763746782e-01
6.030000000000000000e+02 4.640972783692995374e-01
6.040000000000000000e+02 4.600934143738775184e-01
6.050000000000000000e+02 4.648160800224636069e-01
6.060000000000000000e+02 4.608208112154420499e-01
6.070000000000000000e+02 4.705293210545224425e-01
6.080000000000000000e+02 4.674476028941115247e-01
6.090000000000000000e+02 4.651321895420348906e-01
6.100000000000000000e+02 4.683430519620874755e-01
6.110000000000000000e+02 4.682843956579760825e-01
6.120000000000000000e+02 4.651495334551807304e-01
6.130000000000000000e+02 4.728558295758840679e-01
6.140000000000000000e+02 4.687718471965680589e-01
6.150000000000000000e+02 4.714556190505874711e-01
6.160000000000000000e+02 4.719336698535283592e-01
6.170000000000000000e+02 4.704183368891689532e-01
6.180000000000000000e+02 4.717868470581352836e-01
6.190000000000000000e+02 4.716061160757226700e-01
6.200000000000000000e+02 4.700909744335747820e-01
6.210000000000000000e+02 4.721906796979497001e-01
6.220000000000000000e+02 4.733856865506129163e-01
6.230000000000000000e+02 4.690602275473721994e-01
6.240000000000000000e+02 4.737409609021666079e-01
6.250000000000000000e+02 4.780878990522942629e-01
6.260000000000000000e+02 4.774343642097181317e-01
6.270000000000000000e+02 4.767715710571172605e-01
6.280000000000000000e+02 4.762937654827127387e-01
6.290000000000000000e+02 4.712841967664149201e-01
6.300000000000000000e+02 4.766417222066524073e-01
6.310000000000000000e+02 4.778711667473146685e-01
6.320000000000000000e+02 4.751056875646091915e-01
6.330000000000000000e+02 4.784460383244611981e-01
6.340000000000000000e+02 4.731783184308727686e-01
6.350000000000000000e+02 4.744339502236836759e-01
6.360000000000000000e+02 4.774535274959222919e-01
6.370000000000000000e+02 4.773952842855673784e-01
6.380000000000000000e+02 4.744272006686058862e-01
6.390000000000000000e+02 4.737988536857028476e-01
6.400000000000000000e+02 4.757385297050542583e-01
6.410000000000000000e+02 4.753280300298392547e-01
6.420000000000000000e+02 4.778215940819230401e-01
6.430000000000000000e+02 4.782140679116065884e-01
6.440000000000000000e+02 4.765980068315143758e-01
6.450000000000000000e+02 4.782678797268112292e-01
6.460000000000000000e+02 4.781732289825464388e-01
6.470000000000000000e+02 4.711969699809379630e-01
6.480000000000000000e+02 4.783416442565281423e-01
6.490000000000000000e+02 4.736022203359152583e-01
6.500000000000000000e+02 4.727989516847276863e-01
6.510000000000000000e+02 4.760796611499756303e-01
6.520000000000000000e+02 4.730243215375855570e-01
6.530000000000000000e+02 4.690061259512584013e-01
6.540000000000000000e+02 4.694682916301975428e-01
6.550000000000000000e+02 4.745589590055603324e-01
6.560000000000000000e+02 4.684200309574325649e-01
6.570000000000000000e+02 4.671515379055906636e-01
6.580000000000000000e+02 4.709120436416072142e-01
6.590000000000000000e+02 4.691096220839606756e-01
6.600000000000000000e+02 4.618424148135752416e-01
6.610000000000000000e+02 4.653663186592640333e-01
6.620000000000000000e+02 4.635605078879288521e-01
6.630000000000000000e+02 4.618283572266261294e-01
6.640000000000000000e+02 4.601869165960865704e-01
6.650000000000000000e+02 4.640674524762883335e-01
6.660000000000000000e+02 4.626538818018806620e-01
6.670000000000000000e+02 4.613762930910670912e-01
6.680000000000000000e+02 4.656875148770113215e-01
6.690000000000000000e+02 4.647264224290688084e-01
6.700000000000000000e+02 4.693953461331290544e-01
6.710000000000000000e+02 4.633749882081050209e-01
6.720000000000000000e+02 4.684564944005296105e-01
6.730000000000000000e+02 4.683221630010512837e-01
6.740000000000000000e+02 4.684242945585160300e-01
6.750000000000000000e+02 4.687847175364118213e-01
6.760000000000000000e+02 4.694196735763306316e-01
6.770000000000000000e+02 4.703397959827414487e-01
6.780000000000000000e+02 4.661103212244959160e-01
6.790000000000000000e+02 4.676500247073615002e-01
6.800000000000000000e+02 4.640761692720787313e-01
6.810000000000000000e+02 4.662724580933385599e-01
6.820000000000000000e+02 4.687292960488043114e-01
6.830000000000000000e+02 4.659236151376593416e-01
6.840000000000000000e+02 4.632126043873688870e-01
6.850000000000000000e+02 4.713600873174273453e-01
6.860000000000000000e+02 4.739934865655602847e-01
6.870000000000000000e+02 4.710441908022621749e-01
6.880000000000000000e+02 4.732573901876305777e-01
6.890000000000000000e+02 4.751340846597172929e-01
6.900000000000000000e+02 4.765893109442718156e-01
6.910000000000000000e+02 4.775335214457532840e-01
6.920000000000000000e+02 4.778940886071108562e-01
6.930000000000000000e+02 4.775885597476236533e-01
6.940000000000000000e+02 4.818861943832305483e-01
6.950000000000000000e+02 4.799943268737366653e-01
6.960000000000000000e+02 4.771947197761811643e-01
6.970000000000000000e+02 4.787367275518012999e-01
6.980000000000000000e+02 4.791915521734445571e-01
6.990000000000000000e+02 4.837848104333902222e-01
7.000000000000000000e+02 4.818385162101861408e-01
7.010000000000000000e+02 4.838433413502664093e-01
7.020000000000000000e+02 4.843549852769311048e-01
7.030000000000000000e+02 4.832235516962426480e-01
7.040000000000000000e+02 4.855085122622652127e-01
7.050000000000000000e+02 4.910147953285629585e-01
7.060000000000000000e+02 4.943610442562588192e-01
7.070000000000000000e+02 4.953903996557164069e-01
7.080000000000000000e+02 4.939541420739750888e-01
7.090000000000000000e+02 4.950658536040843938e-01
7.100000000000000000e+02 4.985277053353566190e-01
7.110000000000000000e+02 4.990430379200893607e-01
7.120000000000000000e+02 5.015668392885151983e-01
7.130000000000000000e+02 4.957648900146526816e-01
7.140000000000000000e+02 5.017906642656290161e-01
7.150000000000000000e+02 5.042432251121856668e-01
7.160000000000000000e+02 5.029947794961006080e-01
7.170000000000000000e+02 5.029251349318369924e-01
7.180000000000000000e+02 5.038627985413828281e-01
7.190000000000000000e+02 5.056384029458500518e-01
7.200000000000000000e+02 5.130237968511917046e-01
7.210000000000000000e+02 5.060775301251276836e-01
7.220000000000000000e+02 5.142251103235166987e-01
7.230000000000000000e+02 5.126368177507116819e-01
7.240000000000000000e+02 5.158313838123681494e-01
7.250000000000000000e+02 5.187006883164297921e-01
7.260000000000000000e+02 5.162162628646275175e-01
7.270000000000000000e+02 5.226820853138610667e-01
7.280000000000000000e+02 5.234020123615541475e-01
7.290000000000000000e+02 5.277988116453902201e-01
7.300000000000000000e+02 5.308715152205394361e-01
7.310000000000000000e+02 5.277091736109791320e-01
7.320000000000000000e+02 5.323329846609002880e-01
7.330000000000000000e+02 5.303668580679411493e-01
7.340000000000000000e+02 5.357273402162162634e-01
7.350000000000000000e+02 5.341511843613974131e-01
7.360000000000000000e+02 5.394552048310892189e-01
7.370000000000000000e+02 5.374932415790585338e-01
7.380000000000000000e+02 5.419735061569133094e-01
7.390000000000000000e+02 5.434555365564310847e-01
7.400000000000000000e+02 5.509171450931233949e-01
7.410000000000000000e+02 5.504578312069703383e-01
7.420000000000000000e+02 5.510245789449147447e-01
7.430000000000000000e+02 5.524119366149390364e-01
7.440000000000000000e+02 5.499173659732607966e-01
7.450000000000000000e+02 5.523433427662278739e-01
7.460000000000000000e+02 5.594261787501535466e-01
7.470000000000000000e+02 5.664826429277955988e-01
7.480000000000000000e+02 5.644770052093960322e-01
7.490000000000000000e+02 5.665256422913549361e-01
7.500000000000000000e+02 5.680130616656824394e-01
7.510000000000000000e+02 5.687419057362281816e-01
7.520000000000000000e+02 5.685395309971832400e-01
7.530000000000000000e+02 5.715511162955476676e-01
7.540000000000000000e+02 5.775547291689870910e-01
7.550000000000000000e+02 5.734266834561408954e-01
7.560000000000000000e+02 5.805045028701908416e-01
7.570000000000000000e+02 5.814129350992389700e-01
7.580000000000000000e+02 5.845365728408261630e-01
7.590000000000000000e+02 5.854225801303246657e-01
7.600000000000000000e+02 5.881302911042557424e-01
7.610000000000000000e+02 5.924643724157286906e-01
7.620000000000000000e+02 5.856712349927808425e-01
7.630000000000000000e+02 5.927539972413914393e-01
7.640000000000000000e+02 5.926097829482035451e-01
7.650000000000000000e+02 5.934428475707606010e-01
7.660000000000000000e+02 5.950830107674687230e-01
7.670000000000000000e+02 5.973666864267188625e-01
7.680000000000000000e+02 5.960258841728964807e-01
7.690000000000000000e+02 5.991164574912187790e-01
7.700000000000000000e+02 6.023612665996704862e-01
7.710000000000000000e+02 6.015386527518586934e-01
7.720000000000000000e+02 6.046389119229550468e-01
7.730000000000000000e+02 6.074233071090048286e-01
7.740000000000000000e+02 6.097470643060485251e-01
7.750000000000000000e+02 6.074373476253900339e-01
7.760000000000000000e+02 6.164000348981207855e-01
7.770000000000000000e+02 6.164224098953129394e-01
7.780000000000000000e+02 6.153934315585698478e-01
7.790000000000000000e+02 6.171326030651821393e-01
7.800000000000000000e+02 6.214641567767932306e-01
7.810000000000000000e+02 6.203314126799673867e-01
7.820000000000000000e+02 6.254724198179972827e-01
7.830000000000000000e+02 6.249434141537951737e-01
7.840000000000000000e+02 6.265141516213454942e-01
7.850000000000000000e+02 6.300609233109090157e-01
7.860000000000000000e+02 6.315656129054590950e-01
7.870000000000000000e+02 6.348218406171431960e-01
7.880000000000000000e+02 6.358235561867449093e-01
7.890000000000000000e+02 6.383565161022459744e-01
7.900000000000000000e+02 6.384330649183911355e-01
7.910000000000000000e+02 6.398202747874035534e-01
7.920000000000000000e+02 6.424073937889460684e-01
7.930000000000000000e+02 6.422320925013560444e-01
7.940000000000000000e+02 6.468796717519925688e-01
7.950000000000000000e+02 6.523833215412759845e-01
7.960000000000000000e+02 6.509853083058189105e-01
7.970000000000000000e+02 6.540725603461717830e-01
7.980000000000000000e+02 6.576969323929828803e-01
7.990000000000000000e+02 6.579491944204990395e-01
8.000000000000000000e+02 6.585380625443711944e-01
8.010000000000000000e+02 6.593679830823384602e-01
8.020000000000000000e+02 6.679758875145384023e-01
8.030000000000000000e+02 6.653435441060312483e-01
8.040000000000000000e+02 6.666108165683157782e-01
8.050000000000000000e+02 6.641648500376120534e-01
8.060000000000000000e+02 6.655352430174682477e-01
8.070000000000000000e+02 6.706750472904126070e-01
8.080000000000000000e+02 6.757566853131902196e-01
8.090000000000000000e+02 6.731986387761298429e-01
8.100000000000000000e+02 6.780558041442704686e-01
8.110000000000000000e+02 6.789769508743578319e-01
8.120000000000000000e+02 6.834539583682771591e-01
8.130000000000000000e+02 6.876875782062319420e-01
8.140000000000000000e+02 6.840996395731941959e-01
8.150000000000000000e+02 6.877203127664723858e-01
8.160000000000000000e+02 6.909769734073198943e-01
8.170000000000000000e+02 6.938293519510877472e-01
8.180000000000000000e+02 6.924758050622357164e-01
8.190000000000000000e+02 6.944011403952036199e-01
8.200000000000000000e+02 6.958110619254295193e-01
8.210000000000000000e+02 6.966643671968778539e-01
8.220000000000000000e+02 7.007375261992002669e-01
8.230000000000000000e+02 7.005043717459963348e-01
8.240000000000000000e+02 7.072898146448064471e-01
8.250000000000000000e+02 7.060154589296854244e-01
8.260000000000000000e+02 7.080085412953370794e-01
8.270000000000000000e+02 7.132918369300351724e-01
8.280000000000000000e+02 7.143156443691937030e-01
8.290000000000000000e+02 7.148688577318367265e-01
8.300000000000000000e+02 7.187507289633338070e-01
8.310000000000000000e+02 7.183932761460577465e-01
8.320000000000000000e+02 7.213933649026005313e-01
8.330000000000000000e+02 7.201652161422571474e-01
8.340000000000000000e+02 7.261364636674938478e-01
8.350000000000000000e+02 7.240819392471392613e-01
8.360000000000000000e+02 7.292689463983620390e-01
8.370000000000000000e+02 7.302571395444932278e-01
8.380000000000000000e+02 7.347074336700877284e-01
8.390000000000000000e+02 7.388103025757650766e-01
8.400000000000000000e+02 7.425686712536664347e-01
8.410000000000000000e+02 7.421570887916267845e-01
8.420000000000000000e+02 7.453456883233727792e-01
8.430000000000000000e+02 7.483632315390483791e-01
8.440000000000000000e+02 7.512979931208714213e-01
8.450000000000000000e+02 7.542312491812690478e-01
8.460000000000000000e+02 7.533388581799059791e-01
8.470000000000000000e+02 7.525903300083884861e-01
8.480000000000000000e+02 7.520722049559751543e-01
8.490000000000000000e+02 7.557966939808197226e-01
8.500000000000000000e+02 7.520548630684714686e-01
8.510000000000000000e+02 7.527299227434861573e-01
8.520000000000000000e+02 7.539802412973145573e-01
8.530000000000000000e+02 7.558900782580540989e-01
8.540000000000000000e+02 7.585568563336679837e-01
8.550000000000000000e+02 7.620636191459738695e-01
8.560000000000000000e+02 7.584838546521190938e-01
8.570000000000000000e+02 7.639387949748164264e-01
8.580000000000000000e+02 7.664807055524257562e-01
8.590000000000000000e+02 7.702253885353621543e-01
8.600000000000000000e+02 7.671292011082300188e-01
8.610000000000000000e+02 7.694646310985373550e-01
8.620000000000000000e+02 7.733087582277455851e-01
8.630000000000000000e+02 7.746934302753255563e-01
8.640000000000000000e+02 7.778463089751507242e-01
8.650000000000000000e+02 7.829121903879429079e-01
8.660000000000000000e+02 7.775459574004568442e-01
8.670000000000000000e+02 7.826624980884427929e-01
8.680000000000000000e+02 7.817120797940125820e-01
8.690000000000000000e+02 7.831926728387790249e-01
8.700000000000000000e+02 7.872577910728120187e-01
8.710000000000000000e+02 7.855618267576361946e-01
8.720000000000000000e+02 7.867042812830389309e-01
8.730000000000000000e+02 7.908602882201307693e-01
8.740000000000000000e+02 7.895717694795665320e-01
8.750000000000000000e+02 7.915607543101298438e-01
8.760000000000000000e+02 7.970040564551454931e-01
8.770000000000000000e+02 7.929647001540098827e-01
8.780000000000000000e+02 7.970197580735350895e-01
8.790000000000000000e+02 7.961727190845440116e-01
8.800000000000000000e+02 7.993596839514828245e-01
8.810000000000000000e+02 7.978605320386430444e-01
8.820000000000000000e+02 8.007381301585909661e-01
8.830000000000000000e+02 7.946942676749297885e-01
8.840000000000000000e+02 8.024399985476330377e-01
8.850000000000000000e+02 8.015600856546609698e-01
8.860000000000000000e+02 8.012580256242730625e-01
8.870000000000000000e+02 8.063321508851266639e-01
8.880000000000000000e+02 8.031215782727409991e-01
8.890000000000000000e+02 8.103352176568912046e-01
8.900000000000000000e+02 8.095428665971682314e-01
8.910000000000000000e+02 8.102269128400341192e-01
8.920000000000000000e+02 8.078419527196583072e-01
8.930000000000000000e+02 8.120715910010307681e-01
8.940000000000000000e+02 8.087872989470147322e-01
8.950000000000000000e+02 8.125475199629188516e-01
8.960000000000000000e+02 8.139304093905653792e-01
8.970000000000000000e+02 8.179652045750758216e-01
8.980000000000000000e+02 8.150382130043667406e-01
8.990000000000000000e+02 8.151111509793428356e-01
9.000000000000000000e+02 8.184401200445359237e-01
9.010000000000000000e+02 8.152210789217040343e-01
9.020000000000000000e+02 8.156188915663488137e-01
9.030000000000000000e+02 8.249950753707588902e-01
9.040000000000000000e+02 8.180689320060404723e-01
9.050000000000000000e+02 8.205171877641150857e-01
9.060000000000000000e+02 8.223183975638681531e-01
9.070000000000000000e+02 8.236461206041184591e-01
9.080000000000000000e+02 8.194263488758140035e-01
9.090000000000000000e+02 8.150269743024087798e-01
9.100000000000000000e+02 8.213235810216672483e-01
9.110000000000000000e+02 8.226070017937604506e-01
9.120000000000000000e+02 8.189586824935285447e-01
9.130000000000000000e+02 8.377532142753515432e-01
9.140000000000000000e+02 8.302192692373465688e-01
9.150000000000000000e+02 8.347272943931165479e-01
9.160000000000000000e+02 8.350195319555617779e-01
9.170000000000000000e+02 8.368195432833338554e-01
9.180000000000000000e+02 8.403679823560393780e-01
9.190000000000000000e+02 8.402085717548369859e-01
9.200000000000000000e+02 8.422097847970467788e-01
9.210000000000000000e+02 8.408375447689386828e-01
9.220000000000000000e+02 8.420329107739645824e-01
9.230000000000000000e+02 8.460398373177731024e-01
9.240000000000000000e+02 8.471897123770153470e-01
9.250000000000000000e+02 8.456066834422326650e-01
9.260000000000000000e+02 8.534193804311220877e-01
9.270000000000000000e+02 8.528877503718582664e-01
9.280000000000000000e+02 8.501026511338044545e-01
9.290000000000000000e+02 8.513544051326914497e-01
9.300000000000000000e+02 8.507321508888009420e-01
9.310000000000000000e+02 8.546253979500315623e-01
9.320000000000000000e+02 8.570608984294066923e-01
9.330000000000000000e+02 8.581866284338901529e-01
9.340000000000000000e+02 8.581871477457883035e-01
9.350000000000000000e+02 8.572275942412320715e-01
9.360000000000000000e+02 8.554978110419951820e-01
9.370000000000000000e+02 8.597010740503628901e-01
9.380000000000000000e+02 8.636124933945767967e-01
9.390000000000000000e+02 8.608012753436129483e-01
9.400000000000000000e+02 8.646729332177462979e-01
9.410000000000000000e+02 8.621307402013783650e-01
9.420000000000000000e+02 8.667347080734867371e-01
9.430000000000000000e+02 8.651280040096553936e-01
9.440000000000000000e+02 8.642015077066254047e-01
9.450000000000000000e+02 8.641085145143759805e-01
9.460000000000000000e+02 8.580332313196085137e-01
9.470000000000000000e+02 8.600669023835960658e-01
9.480000000000000000e+02 8.705335976691233046e-01
9.490000000000000000e+02 8.683486798999409118e-01
9.500000000000000000e+02 8.677598085996256483e-01
9.510000000000000000e+02 8.689682236859138653e-01
9.520000000000000000e+02 8.648540780613942491e-01
9.530000000000000000e+02 8.701690578222084360e-01
9.540000000000000000e+02 8.704590484794290095e-01
9.550000000000000000e+02 8.732262614889605423e-01
9.560000000000000000e+02 8.711699592584073448e-01
9.570000000000000000e+02 8.719077740030920509e-01
9.580000000000000000e+02 8.756731930186523183e-01
9.590000000000000000e+02 8.749963915458360830e-01
9.600000000000000000e+02 8.699602196554124811e-01
9.610000000000000000e+02 8.761736755293754175e-01
9.620000000000000000e+02 8.782877999579722372e-01
9.630000000000000000e+02 8.762805025339855947e-01
9.640000000000000000e+02 8.701398832470561562e-01
9.650000000000000000e+02 8.758273303432819734e-01
9.660000000000000000e+02 8.775646049639962420e-01
9.670000000000000000e+02 8.753460719943118029e-01
9.680000000000000000e+02 8.854397003799056032e-01
9.690000000000000000e+02 8.753726908905348214e-01
9.700000000000000000e+02 8.778214599805237439e-01
9.710000000000000000e+02 8.847924294038540527e-01
9.720000000000000000e+02 8.880921128858959568e-01
9.730000000000000000e+02 8.877115876069013867e-01
9.740000000000000000e+02 8.836697548929171031e-01
9.750000000000000000e+02 8.844561247903053314e-01
9.760000000000000000e+02 8.816977333274333972e-01
9.770000000000000000e+02 8.839904806044523999e-01
9.780000000000000000e+02 8.914846346842988378e-01
9.790000000000000000e+02 8.869846988697083212e-01
9.800000000000000000e+02 8.878149482628256983e-01
9.810000000000000000e+02 8.853534775007726454e-01
9.820000000000000000e+02 8.883325734537327323e-01
9.830000000000000000e+02 8.879733249638345205e-01
9.840000000000000000e+02 8.930646924098100126e-01
9.850000000000000000e+02 8.858041058814628554e-01
9.860000000000000000e+02 8.928877306812051939e-01
9.870000000000000000e+02 8.964619298405647196e-01
9.880000000000000000e+02 8.964445163874913414e-01
9.890000000000000000e+02 9.018521593636145139e-01
9.900000000000000000e+02 8.944652739638077055e-01
9.910000000000000000e+02 9.015643245631678182e-01
9.920000000000000000e+02 8.957300060004317332e-01
9.930000000000000000e+02 9.044256026410308902e-01
9.940000000000000000e+02 9.092759306496192018e-01
9.950000000000000000e+02 9.009501844616549793e-01
9.960000000000000000e+02 8.978804552782712056e-01
9.970000000000000000e+02 9.000883551494612833e-01
9.980000000000000000e+02 8.982290468637523784e-01
9.990000000000000000e+02 9.016096830605080381e-01
1.000000000000000000e+03 9.008416190143907487e-01
1.001000000000000000e+03 8.958476415463783038e-01
1.002000000000000000e+03 9.053459082378086942e-01
1.003000000000000000e+03 9.009094255318506050e-01
1.004000000000000000e+03 9.012647436980328886e-01
1.005000000000000000e+03 8.872942468759362766e-01
1.006000000000000000e+03 8.873243268490235147e-01
1.007000000000000000e+03 8.917550857401143061e-01
1.008000000000000000e+03 9.099929414945402417e-01
1.009000000000000000e+03 9.132902461197676125e-01
1.010000000000000000e+03 9.110010972172890575e-01
1.011000000000000000e+03 9.125273823296787823e-01
1.012000000000000000e+03 9.177464994337424242e-01
1.013000000000000000e+03 9.169281851416638540e-01
1.014000000000000000e+03 9.099177932105387834e-01
1.015000000000000000e+03 9.157354869425078370e-01
1.016000000000000000e+03 9.150672057665055759e-01
1.017000000000000000e+03 9.173543992905721645e-01
1.018000000000000000e+03 9.128554386526009923e-01
1.019000000000000000e+03 9.206166035813827531e-01
1.020000000000000000e+03 9.212956738287531033e-01
1.021000000000000000e+03 9.147350572455290596e-01
1.022000000000000000e+03 9.199237931136540203e-01
1.023000000000000000e+03 9.174480751072211504e-01
1.024000000000000000e+03 9.262780021665023567e-01
1.025000000000000000e+03 9.270195235596301320e-01
1.026000000000000000e+03 9.099209698531177670e-01
1.027000000000000000e+03 9.130178113937128526e-01
1.028000000000000000e+03 9.169665286558766892e-01
1.029000000000000000e+03 9.215364519350318639e-01
1.030000000000000000e+03 9.265164862787982347e-01
1.031000000000000000e+03 9.411917453274237788e-01
1.032000000000000000e+03 9.463293672637111964e-01
1.033000000000000000e+03 9.512113885734400087e-01
1.034000000000000000e+03 9.461904440270892946e-01
1.035000000000000000e+03 9.499699610882296197e-01
1.036000000000000000e+03 9.528807931913587659e-01
1.037000000000000000e+03 9.547126524804092629e-01
1.038000000000000000e+03 9.552480902502420435e-01
1.039000000000000000e+03 9.542998398459930920e-01
1.040000000000000000e+03 9.610045525401798017e-01
1.041000000000000000e+03 9.657703148441606489e-01
1.042000000000000000e+03 9.683692599116744404e-01
1.043000000000000000e+03 9.685765354118880399e-01
1.044000000000000000e+03 9.661703735727275033e-01
1.045000000000000000e+03 9.701634385022126494e-01
1.046000000000000000e+03 9.710532969108854884e-01
1.047000000000000000e+03 9.686173851008018643e-01
1.048000000000000000e+03 9.718240082259412826e-01
1.049000000000000000e+03 9.712390446746863581e-01
1.050000000000000000e+03 9.757780077216612336e-01
1.051000000000000000e+03 9.760516292386189896e-01
1.052000000000000000e+03 9.718795145472544084e-01
1.053000000000000000e+03 9.811359522944094191e-01
1.054000000000000000e+03 9.854472955365185527e-01
1.055000000000000000e+03 9.935977178624244566e-01
1.056000000000000000e+03 9.963658323692783370e-01
1.057000000000000000e+03 1.002498312573048667e+00
1.058000000000000000e+03 9.849987371354099741e-01
1.059000000000000000e+03 9.882779113227093681e-01
1.060000000000000000e+03 9.853363154373043775e-01
1.061000000000000000e+03 9.848348086837401816e-01
1.062000000000000000e+03 9.865333760792028839e-01
1.063000000000000000e+03 9.989728577597242198e-01
1.064000000000000000e+03 9.955924529464424966e-01
1.065000000000000000e+03 9.937702327841642091e-01
1.066000000000000000e+03 1.001974480914873844e+00
1.067000000000000000e+03 9.938764998760030167e-01
1.068000000000000000e+03 9.953712548233721868e-01
1.069000000000000000e+03 9.975138207488002395e-01
1.070000000000000000e+03 1.000111088133626591e+00
1.071000000000000000e+03 1.002938391759411907e+00
1.072000000000000000e+03 1.005782276764548344e+00
1.073000000000000000e+03 9.999186988755324190e-01
1.074000000000000000e+03 1.002199951112196841e+00
1.075000000000000000e+03 1.003889441170798147e+00
1.076000000000000000e+03 1.004767024581590729e+00
1.077000000000000000e+03 1.004640139375762464e+00
1.078000000000000000e+03 1.011713460150947874e+00
1.079000000000000000e+03 1.017338062960226441e+00
1.080000000000000000e+03 1.012990961015280522e+00
1.081000000000000000e+03 1.015180526744573264e+00
1.082000000000000000e+03 1.023686501666896342e+00
1.083000000000000000e+03 1.021733801950055032e+00
1.084000000000000000e+03 1.025734792825914399e+00
1.085000000000000000e+03 1.027231939093465884e+00
1.086000000000000000e+03 1.026083709862459337e+00
1.087000000000000000e+03 1.030310121654056443e+00
1.088000000000000000e+03 1.031543911992450546e+00
1.089000000000000000e+03 1.037765475527489212e+00
1.090000000000000000e+03 1.040655107942604962e+00
1.091000000000000000e+03 1.040070557806583196e+00
1.092000000000000000e+03 1.035870299516628235e+00
1.093000000000000000e+03 1.044010251676258161e+00
1.094000000000000000e+03 1.056193205917502542e+00
1.095000000000000000e+03 1.048190340742197524e+00
1.096000000000000000e+03 1.051951683288214312e+00
1.097000000000000000e+03 1.059245264414016896e+00
1.098000000000000000e+03 1.061930503110696034e+00
1.099000000000000000e+03 1.059865215512921122e+00
1.100000000000000000e+03 1.060841479049259739e+00
1.101000000000000000e+03 1.064683857485364760e+00
1.102000000000000000e+03 1.055476669760873731e+00
1.103000000000000000e+03 1.064736015958235749e+00
1.104000000000000000e+03 1.060804348920324491e+00
1.105000000000000000e+03 1.067205529308510537e+00
1.106000000000000000e+03 1.068141198583287821e+00
1.107000000000000000e+03 1.063531826937073044e+00
1.108000000000000000e+03 1.068948990756439343e+00
1.109000000000000000e+03 1.068655046847735157e+00
1.110000000000000000e+03 1.070371086167126284e+00
1.111000000000000000e+03 1.074011381581564173e+00
1.112000000000000000e+03 1.071703797453612328e+00
1.113000000000000000e+03 1.078889140040786287e+00
1.114000000000000000e+03 1.079973120517563778e+00
1.115000000000000000e+03 1.082599432949901574e+00
1.116000000000000000e+03 1.078967849466959450e+00
1.117000000000000000e+03 1.084443599223435140e+00
1.118000000000000000e+03 1.083486262370623399e+00
1.119000000000000000e+03 1.083734340536791185e+00
1.120000000000000000e+03 1.085093141792043303e+00
1.121000000000000000e+03 1.087476368696845164e+00
1.122000000000000000e+03 1.083159384831311689e+00
1.123000000000000000e+03 1.087477144717998945e+00
1.124000000000000000e+03 1.085025433305620624e+00
1.125000000000000000e+03 1.091112161175302964e+00
1.126000000000000000e+03 1.090367520591609463e+00
1.127000000000000000e+03 1.090412100800549844e+00
1.128000000000000000e+03 1.091222257807959783e+00
1.129000000000000000e+03 1.092751972380731074e+00
1.130000000000000000e+03 1.102621902525766862e+00
1.131000000000000000e+03 1.097825622486384711e+00
1.132000000000000000e+03 1.101294328674202738e+00
1.133000000000000000e+03 1.105339660733267282e+00
1.134000000000000000e+03 1.102265909224241502e+00
1.135000000000000000e+03 1.107344951292489332e+00
1.136000000000000000e+03 1.112889911047588054e+00
1.137000000000000000e+03 1.111199850264166233e+00
1.138000000000000000e+03 1.109897061360623383e+00
1.139000000000000000e+03 1.108943791201248974e+00
1.140000000000000000e+03 1.108309964504449852e+00
1.141000000000000000e+03 1.115638329467953938e+00
1.142000000000000000e+03 1.115619635612687732e+00
1.143000000000000000e+03 1.108268870133701567e+00
1.144000000000000000e+03 1.124421028597006877e+00
1.145000000000000000e+03 1.117930640928108676e+00
1.146000000000000000e+03 1.119654088474766773e+00
1.147000000000000000e+03 1.121918003153823618e+00
1.148000000000000000e+03 1.124785761350743485e+00
1.149000000000000000e+03 1.120558851493943076e+00
1.150000000000000000e+03 1.124747648797019384e+00
1.151000000000000000e+03 1.121919342894543092e+00
1.152000000000000000e+03 1.127633012009156888e+00
1.153000000000000000e+03 1.126399438138935283e+00
1.154000000000000000e+03 1.126028300218910871e+00
1.155000000000000000e+03 1.126562216713902220e+00
1.156000000000000000e+03 1.128067661846579917e+00
1.157000000000000000e+03 1.130580974195233290e+00
1.158000000000000000e+03 1.126312215551710905e+00
1.159000000000000000e+03 1.130992232687154431e+00
1.160000000000000000e+03 1.136839649612681136e+00
1.161000000000000000e+03 1.136019635691207341e+00
1.162000000000000000e+03 1.136483257470179087e+00
1.163000000000000000e+03 1.138340880362956220e+00
1.164000000000000000e+03 1.133745886933263503e+00
1.165000000000000000e+03 1.138670527505089680e+00
1.166000000000000000e+03 1.145297319458948859e+00
1.167000000000000000e+03 1.137717146230963872e+00
1.168000000000000000e+03 1.140005408714451107e+00
1.169000000000000000e+03 1.136216983783524315e+00
1.170000000000000000e+03 1.134487208310611006e+00
1.171000000000000000e+03 1.143007664897781162e+00
1.172000000000000000e+03 1.137607552833505675e+00
1.173000000000000000e+03 1.142696633787496197e+00
1.174000000000000000e+03 1.142124487265620214e+00
1.175000000000000000e+03 1.144128322440675971e+00
1.176000000000000000e+03 1.148829553172345141e+00
1.177000000000000000e+03 1.148101376730912726e+00
1.178000000000000000e+03 1.150259048505487325e+00
1.179000000000000000e+03 1.147132972330246359e+00
1.180000000000000000e+03 1.147093291671101412e+00
1.181000000000000000e+03 1.141917355645264198e+00
1.182000000000000000e+03 1.148456610811171785e+00
1.183000000000000000e+03 1.150127644282467498e+00
1.184000000000000000e+03 1.155471265858354135e+00
1.185000000000000000e+03 1.156188728382210762e+00
1.186000000000000000e+03 1.152371807247973612e+00
1.187000000000000000e+03 1.152633038413362954e+00
1.188000000000000000e+03 1.148601146432812969e+00
1.189000000000000000e+03 1.148957310356814032e+00
1.190000000000000000e+03 1.153898447745640654e+00
1.191000000000000000e+03 1.154952815952036138e+00
1.192000000000000000e+03 1.152202531134112418e+00
1.193000000000000000e+03 1.154491751856483672e+00
1.194000000000000000e+03 1.153250132416174578e+00
1.195000000000000000e+03 1.148563744185541635e+00
1.196000000000000000e+03 1.158257664773727713e+00
1.197000000000000000e+03 1.155976100968369558e+00
1.198000000000000000e+03 1.159561646586634076e+00
1.199000000000000000e+03 1.151305532287570044e+00
1.200000000000000000e+03 1.158222647097463254e+00
1.201000000000000000e+03 1.153516818796571197e+00
1.202000000000000000e+03 1.164478189649053697e+00
1.203000000000000000e+03 1.164063633675428644e+00
1.204000000000000000e+03 1.161485662402133023e+00
1.205000000000000000e+03 1.166083409737843635e+00
1.206000000000000000e+03 1.168874534609105398e+00
1.207000000000000000e+03 1.160696002278860162e+00
1.208000000000000000e+03 1.160251206232318699e+00
1.209000000000000000e+03 1.158445212564335858e+00
1.210000000000000000e+03 1.155426076712310568e+00
1.211000000000000000e+03 1.160840245854921182e+00
1.212000000000000000e+03 1.155897704465496112e+00
1.213000000000000000e+03 1.159813724706967974e+00
1.214000000000000000e+03 1.163245180599726147e+00
1.215000000000000000e+03 1.156688591158769874e+00
1.216000000000000000e+03 1.149891992235694493e+00
1.217000000000000000e+03 1.162609185760570485e+00
1.218000000000000000e+03 1.155977304043059428e+00
1.219000000000000000e+03 1.166457881513460304e+00
1.220000000000000000e+03 1.165680026398751679e+00
1.221000000000000000e+03 1.166623888359306305e+00
1.222000000000000000e+03 1.168477916724803833e+00
1.223000000000000000e+03 1.171399081642120477e+00
1.224000000000000000e+03 1.176569498767712441e+00
1.225000000000000000e+03 1.176014910838908412e+00
1.226000000000000000e+03 1.176974814615680653e+00
1.227000000000000000e+03 1.172407657910412349e+00
1.228000000000000000e+03 1.177929149450013036e+00
1.229000000000000000e+03 1.178221115863826052e+00
1.230000000000000000e+03 1.196403899412840532e+00
1.231000000000000000e+03 1.202375650492379044e+00
1.232000000000000000e+03 1.210919546497294608e+00
1.233000000000000000e+03 1.206268944197667281e+00
1.234000000000000000e+03 1.212980429034948404e+00
1.235000000000000000e+03 1.191591815300083956e+00
1.236000000000000000e+03 1.188318457614603529e+00
1.237000000000000000e+03 1.189478324435269130e+00
1.238000000000000000e+03 1.186559186032139390e+00
1.239000000000000000e+03 1.187350543642637035e+00
1.240000000000000000e+03 1.192075288742357797e+00
1.241000000000000000e+03 1.185410850070196975e+00
1.242000000000000000e+03 1.190767454986143115e+00
1.243000000000000000e+03 1.192773947200061357e+00
1.244000000000000000e+03 1.191525371096884278e+00
1.245000000000000000e+03 1.185985864100332687e+00
1.246000000000000000e+03 1.186497135175434092e+00
1.247000000000000000e+03 1.192158483777502553e+00
1.248000000000000000e+03 1.193987732680657832e+00
1.249000000000000000e+03 1.194394361286052586e+00
1.250000000000000000e+03 1.191181884666952406e+00
1.251000000000000000e+03 1.193802331189394383e+00
1.252000000000000000e+03 1.184875706772027915e+00
1.253000000000000000e+03 1.191539759209891303e+00
1.254000000000000000e+03 1.195198892727518780e+00
1.255000000000000000e+03 1.197156785271602963e+00
1.256000000000000000e+03 1.187964237863296635e+00
1.257000000000000000e+03 1.185672030775017927e+00
1.258000000000000000e+03 1.191750624392001301e+00
1.259000000000000000e+03 1.194326232931282483e+00
1.260000000000000000e+03 1.197172421632823669e+00
1.261000000000000000e+03 1.197984098978143841e+00
1.262000000000000000e+03 1.196808574516297963e+00
1.263000000000000000e+03 1.194916249317752310e+00
1.264000000000000000e+03 1.201055001902392005e+00
1.265000000000000000e+03 1.197918457333761122e+00
1.266000000000000000e+03 1.201738470421843452e+00
1.267000000000000000e+03 1.203854640394698139e+00
1.268000000000000000e+03 1.204304890172081866e+00
1.269000000000000000e+03 1.203128628494571917e+00
1.270000000000000000e+03 1.205463274954432507e+00
1.271000000000000000e+03 1.205018212691264301e+00
1.272000000000000000e+03 1.206955222390383220e+00
1.273000000000000000e+03 1.210076384089070034e+00
1.274000000000000000e+03 1.211869096033831639e+00
1.275000000000000000e+03 1.214974181342767245e+00
1.276000000000000000e+03 1.218168162275914179e+00
1.277000000000000000e+03 1.220203563775569489e+00
1.278000000000000000e+03 1.223755167614555495e+00
1.279000000000000000e+03 1.226268489816735974e+00
1.280000000000000000e+03 1.227795175729659904e+00
1.281000000000000000e+03 1.229704084272862374e+00
1.282000000000000000e+03 1.232007388910736134e+00
1.283000000000000000e+03 1.234710602667619561e+00
1.284000000000000000e+03 1.236481011362353666e+00
1.285000000000000000e+03 1.239990946318479725e+00
1.286000000000000000e+03 1.242569781193017420e+00
1.287000000000000000e+03 1.244210687667587578e+00
1.288000000000000000e+03 1.246255310570738128e+00
1.289000000000000000e+03 1.248708685597647694e+00
1.290000000000000000e+03 1.250217414764364765e+00
1.291000000000000000e+03 1.252134455171971528e+00
1.292000000000000000e+03 1.254464577971091899e+00
1.293000000000000000e+03 1.255845649709139034e+00
1.294000000000000000e+03 1.257640879467879502e+00
1.295000000000000000e+03 1.258481712564842203e+00
1.296000000000000000e+03 1.261109445061091128e+00
1.297000000000000000e+03 1.262785369833774984e+00
1.298000000000000000e+03 1.264881312632249788e+00
1.299000000000000000e+03 1.267399864578772517e+00
1.300000000000000000e+03 1.268964197417987494e+00
1.301000000000000000e+03 1.269556521190526421e+00
1.302000000000000000e+03 1.271864108239973090e+00
1.303000000000000000e+03 1.274419381689323449e+00
1.304000000000000000e+03 1.277133433400459817e+00
1.305000000000000000e+03 1.279916936976437603e+00
1.306000000000000000e+03 1.284067163005396806e+00
1.307000000000000000e+03 1.285332060305962809e+00
1.308000000000000000e+03 1.287783723166925798e+00
1.309000000000000000e+03 1.291335459962302590e+00
1.310000000000000000e+03 1.294506273219658832e+00
1.311000000000000000e+03 1.297205753690271468e+00
1.312000000000000000e+03 1.297956541774499151e+00
1.313000000000000000e+03 1.300835556372946566e+00
1.314000000000000000e+03 1.301584914618189925e+00
1.315000000000000000e+03 1.305674112900627071e+00
1.316000000000000000e+03 1.307454294281612528e+00
1.317000000000000000e+03 1.308225015469291375e+00
1.318000000000000000e+03 1.312064083396901726e+00
1.319000000000000000e+03 1.314715050905283400e+00
1.320000000000000000e+03 1.317475422486508618e+00
1.321000000000000000e+03 1.321631615391824388e+00
1.322000000000000000e+03 1.324266834525263059e+00
1.323000000000000000e+03 1.327996740975124546e+00
1.324000000000000000e+03 1.331282623796111508e+00
1.325000000000000000e+03 1.333970954496369155e+00
1.326000000000000000e+03 1.337287180543197840e+00
1.327000000000000000e+03 1.342456879126304514e+00
1.328000000000000000e+03 1.345187801406644290e+00
1.329000000000000000e+03 1.348086588440334355e+00
1.330000000000000000e+03 1.352368844357615840e+00
1.331000000000000000e+03 1.353767435328568691e+00
1.332000000000000000e+03 1.358983446528116756e+00
1.333000000000000000e+03 1.361014124216189281e+00
1.334000000000000000e+03 1.363815986175269668e+00
1.335000000000000000e+03 1.368595019709945459e+00
1.336000000000000000e+03 1.371109901474175441e+00
1.337000000000000000e+03 1.372579190933478799e+00
1.338000000000000000e+03 1.376921565606004982e+00
1.339000000000000000e+03 1.378560906419353360e+00
1.340000000000000000e+03 1.381410643562853258e+00
1.341000000000000000e+03 1.383966269959848727e+00
1.342000000000000000e+03 1.387411637992591817e+00
1.343000000000000000e+03 1.388893919314918124e+00
1.344000000000000000e+03 1.390942565648791041e+00
1.345000000000000000e+03 1.394724806783619542e+00
1.346000000000000000e+03 1.397403025563399126e+00
1.347000000000000000e+03 1.398822831338280226e+00
1.348000000000000000e+03 1.401483880401115156e+00
1.349000000000000000e+03 1.402571944510303537e+00
1.350000000000000000e+03 1.404576355461560011e+00
1.351000000000000000e+03 1.406013129043459431e+00
1.352000000000000000e+03 1.409356949221365118e+00
1.353000000000000000e+03 1.410500964448525130e+00
1.354000000000000000e+03 1.413226646917128626e+00
1.355000000000000000e+03 1.413447988645120112e+00
1.356000000000000000e+03 1.414931855102280922e+00
1.357000000000000000e+03 1.416211616040897736e+00
1.358000000000000000e+03 1.419723323998649755e+00
1.359000000000000000e+03 1.421416281611646459e+00
1.360000000000000000e+03 1.426303768350782653e+00
1.361000000000000000e+03 1.429057579088862218e+00
1.362000000000000000e+03 1.433366980361283849e+00
1.363000000000000000e+03 1.436478224621774435e+00
1.364000000000000000e+03 1.444598256824778604e+00
1.365000000000000000e+03 1.440970968521219531e+00
1.366000000000000000e+03 1.447080649416070397e+00
1.367000000000000000e+03 1.452545607989460530e+00
1.368000000000000000e+03 1.449620508699835053e+00
1.369000000000000000e+03 1.454558619137336306e+00
1.370000000000000000e+03 1.460845013665680314e+00
1.371000000000000000e+03 1.464533220281822645e+00
1.372000000000000000e+03 1.469215827790235185e+00
1.373000000000000000e+03 1.472215596062808718e+00
1.374000000000000000e+03 1.474614669525511790e+00
1.375000000000000000e+03 1.475000290508914791e+00
1.376000000000000000e+03 1.474452800895222460e+00
1.377000000000000000e+03 1.472802850784252104e+00
1.378000000000000000e+03 1.468654130110203626e+00
1.379000000000000000e+03 1.472903648604445115e+00
1.380000000000000000e+03 1.474292634164567906e+00
1.381000000000000000e+03 1.473898948425951261e+00
1.382000000000000000e+03 1.488662369166455335e+00
1.383000000000000000e+03 1.483070600235489422e+00
1.384000000000000000e+03 1.493540347255867706e+00
1.385000000000000000e+03 1.501666136754219671e+00
1.386000000000000000e+03 1.506126819764957991e+00
1.387000000000000000e+03 1.516457316566041769e+00
1.388000000000000000e+03 1.507232089947335485e+00
1.389000000000000000e+03 1.512051929341277079e+00
1.390000000000000000e+03 1.522310284612755193e+00
1.391000000000000000e+03 1.519920313416304403e+00
1.392000000000000000e+03 1.523910067624115294e+00
1.393000000000000000e+03 1.524591239036716006e+00
1.394000000000000000e+03 1.528980054311639414e+00
1.395000000000000000e+03 1.530998772136991759e+00
1.396000000000000000e+03 1.528166510928862243e+00
1.397000000000000000e+03 1.531010420482487921e+00
1.398000000000000000e+03 1.538193814825828953e+00
1.399000000000000000e+03 1.541324674160901687e+00
1.400000000000000000e+03 1.539123817571278696e+00
1.401000000000000000e+03 1.542053514055629071e+00
1.402000000000000000e+03 1.540621115908955785e+00
1.403000000000000000e+03 1.542944391738867438e+00
1.404000000000000000e+03 1.550081326772526413e+00
1.405000000000000000e+03 1.543270907737819275e+00
1.406000000000000000e+03 1.548092287972297587e+00
1.407000000000000000e+03 1.557430471673366013e+00
1.408000000000000000e+03 1.544481121538783253e+00
1.409000000000000000e+03 1.553295982109407447e+00
1.410000000000000000e+03 1.547807417854249357e+00
1.411000000000000000e+03 1.545326749533431743e+00
1.412000000000000000e+03 1.546909568685904679e+00
1.413000000000000000e+03 1.559376973946485112e+00
1.414000000000000000e+03 1.558396254985698892e+00
1.415000000000000000e+03 1.561197233849719535e+00
1.416000000000000000e+03 1.557322264344304763e+00
1.417000000000000000e+03 1.565096794455631102e+00
1.418000000000000000e+03 1.568319198973187500e+00
1.419000000000000000e+03 1.573801991420761048e+00
1.420000000000000000e+03 1.573419844090417463e+00
1.421000000000000000e+03 1.575132686673706983e+00
1.422000000000000000e+03 1.570870010713753429e+00
1.423000000000000000e+03 1.578935088063795789e+00
1.424000000000000000e+03 1.571799866109901300e+00
1.425000000000000000e+03 1.575769717815137971e+00
1.426000000000000000e+03 1.581649362854082419e+00
1.427000000000000000e+03 1.574530670128514442e+00
1.428000000000000000e+03 1.577264060911267807e+00
1.429000000000000000e+03 1.582947174156563941e+00
1.430000000000000000e+03 1.582399800975930360e+00
1.431000000000000000e+03 1.583594258719738024e+00
1.432000000000000000e+03 1.587638606797088237e+00
1.433000000000000000e+03 1.577343157243172200e+00
1.434000000000000000e+03 1.577838077843624509e+00
1.435000000000000000e+03 1.579938632237418483e+00
1.436000000000000000e+03 1.576743567604164342e+00
1.437000000000000000e+03 1.584249961505079352e+00
1.438000000000000000e+03 1.585246988544081637e+00
1.439000000000000000e+03 1.587720629510678494e+00
1.440000000000000000e+03 1.584753233629077052e+00
1.441000000000000000e+03 1.584346455795494713e+00
1.442000000000000000e+03 1.585361111115895616e+00
1.443000000000000000e+03 1.588963973247787820e+00
1.444000000000000000e+03 1.585970334747533350e+00
1.445000000000000000e+03 1.593653171335145391e+00
1.446000000000000000e+03 1.586690343607364717e+00
1.447000000000000000e+03 1.599679343593994885e+00
1.448000000000000000e+03 1.598032603205452595e+00
1.449000000000000000e+03 1.597910709456124012e+00
1.450000000000000000e+03 1.600491507462380447e+00
1.451000000000000000e+03 1.597679738767593394e+00
1.452000000000000000e+03 1.605730805687692886e+00
1.453000000000000000e+03 1.607253347313397196e+00
1.454000000000000000e+03 1.602232039986265288e+00
1.455000000000000000e+03 1.599988299108899836e+00
1.456000000000000000e+03 1.600547989324118792e+00
1.457000000000000000e+03 1.613311404809836258e+00
1.458000000000000000e+03 1.610194546060699672e+00
1.459000000000000000e+03 1.609934807557834802e+00
1.460000000000000000e+03 1.611385554261187902e+00
1.461000000000000000e+03 1.607496251063454729e+00
1.462000000000000000e+03 1.606577168097907071e+00
1.463000000000000000e+03 1.617016457417280728e+00
1.464000000000000000e+03 1.614007969271296750e+00
1.465000000000000000e+03 1.621353840533402035e+00
1.466000000000000000e+03 1.614124612676661963e+00
1.467000000000000000e+03 1.619817567215691811e+00
1.468000000000000000e+03 1.619399308604733356e+00
1.469000000000000000e+03 1.612896434279574631e+00
1.470000000000000000e+03 1.628078284261663233e+00
1.471000000000000000e+03 1.619228736024988180e+00
1.472000000000000000e+03 1.615332665976661808e+00
1.473000000000000000e+03 1.614071304519358208e+00
1.474000000000000000e+03 1.625302417795296606e+00
1.475000000000000000e+03 1.623510673961684914e+00
1.476000000000000000e+03 1.624610512511475591e+00
1.477000000000000000e+03 1.621315592603419287e+00
1.478000000000000000e+03 1.621067626927070293e+00
1.479000000000000000e+03 1.616536314588523648e+00
1.480000000000000000e+03 1.616455820151503353e+00
1.481000000000000000e+03 1.619705437860638142e+00
1.482000000000000000e+03 1.617650796942225133e+00
1.483000000000000000e+03 1.617883235201492020e+00
1.484000000000000000e+03 1.614224394784081751e+00
1.485000000000000000e+03 1.613066228341629715e+00
1.486000000000000000e+03 1.613271969010436235e+00
1.487000000000000000e+03 1.613685792274220709e+00
1.488000000000000000e+03 1.611857850995920938e+00
1.489000000000000000e+03 1.613009370703713863e+00
1.490000000000000000e+03 1.613412280568975454e+00
1.491000000000000000e+03 1.613163436237094572e+00
1.492000000000000000e+03 1.612364921756443525e+00
1.493000000000000000e+03 1.612424286797870421e+00
1.494000000000000000e+03 1.613460782696694240e+00
1.495000000000000000e+03 1.612963138436061206e+00
1.496000000000000000e+03 1.613666363460667830e+00
1.497000000000000000e+03 1.614366894572396793e+00
1.498000000000000000e+03 1.613843810645118282e+00
1.499000000000000000e+03 1.613530059058446486e+00
1.500000000000000000e+03 1.614889986021426305e+00
1.501000000000000000e+03 1.615353939759236024e+00
1.502000000000000000e+03 1.615039192600506102e+00
1.503000000000000000e+03 1.615430380661467158e+00
1.504000000000000000e+03 1.615300899144120006e+00
1.505000000000000000e+03 1.616153464559257680e+00
1.506000000000000000e+03 1.616750905090400758e+00
1.507000000000000000e+03 1.617223851296425652e+00
1.508000000000000000e+03 1.617706902122630019e+00
1.509000000000000000e+03 1.618334609787979605e+00
1.510000000000000000e+03 1.617830528533435341e+00
1.511000000000000000e+03 1.620584573280312135e+00
1.512000000000000000e+03 1.621063114000509398e+00
1.513000000000000000e+03 1.622246736155005031e+00
1.514000000000000000e+03 1.622840844510692326e+00
1.515000000000000000e+03 1.620068395870928324e+00
1.516000000000000000e+03 1.621320380240354853e+00
1.517000000000000000e+03 1.620931302654526229e+00
1.518000000000000000e+03 1.621969317907592467e+00
1.519000000000000000e+03 1.621630614750801280e+00
1.520000000000000000e+03 1.620037454506706887e+00
1.521000000000000000e+03 1.620317945525157066e+00
1.522000000000000000e+03 1.621141917576669034e+00
1.523000000000000000e+03 1.621150144323891151e+00
1.524000000000000000e+03 1.620480315391611192e+00
1.525000000000000000e+03 1.620807648093617770e+00
1.526000000000000000e+03 1.620756971815833669e+00
1.527000000000000000e+03 1.620476144513233185e+00
1.528000000000000000e+03 1.620116540806806782e+00
1.529000000000000000e+03 1.619830064690900517e+00
1.530000000000000000e+03 1.618193293969306001e+00
1.531000000000000000e+03 1.618523382763960239e+00
1.532000000000000000e+03 1.617811228405881874e+00
1.533000000000000000e+03 1.616194783290829662e+00
1.534000000000000000e+03 1.615442883522975492e+00
1.535000000000000000e+03 1.614099546397260942e+00
1.536000000000000000e+03 1.613958207961909475e+00
1.537000000000000000e+03 1.611899616003572344e+00
1.538000000000000000e+03 1.608051513243185626e+00
1.539000000000000000e+03 1.610915390559085614e+00
1.540000000000000000e+03 1.610679841788869693e+00
1.541000000000000000e+03 1.609141041631944047e+00
1.542000000000000000e+03 1.608122521697459284e+00
1.543000000000000000e+03 1.609487465310629251e+00
1.544000000000000000e+03 1.608237140125949649e+00
1.545000000000000000e+03 1.607934902948936262e+00
1.546000000000000000e+03 1.608740133190301957e+00
1.547000000000000000e+03 1.609053847296030515e+00
1.548000000000000000e+03 1.607234215019893053e+00
1.549000000000000000e+03 1.606952119674760704e+00
1.550000000000000000e+03 1.604785923113749124e+00
1.551000000000000000e+03 1.606265080198945538e+00
1.552000000000000000e+03 1.604334295084588913e+00
1.553000000000000000e+03 1.604559647888879947e+00
1.554000000000000000e+03 1.603447552154024347e+00
1.555000000000000000e+03 1.604827377670269728e+00
1.556000000000000000e+03 1.603299911571812952e+00
1.557000000000000000e+03 1.602711932396699179e+00
1.558000000000000000e+03 1.601345467795024513e+00
1.559000000000000000e+03 1.599335331287679240e+00
1.560000000000000000e+03 1.596821902699383289e+00
1.561000000000000000e+03 1.599716323229059878e+00
1.562000000000000000e+03 1.602417359628576010e+00
1.563000000000000000e+03 1.603075159742227029e+00
1.564000000000000000e+03 1.603712566482663471e+00
1.565000000000000000e+03 1.602458179860429599e+00
1.566000000000000000e+03 1.603352330348648769e+00
1.567000000000000000e+03 1.606537628329644196e+00
1.568000000000000000e+03 1.608139540004530410e+00
1.569000000000000000e+03 1.608233644116480843e+00
1.570000000000000000e+03 1.606896006287979572e+00
1.571000000000000000e+03 1.608303514471355333e+00
1.572000000000000000e+03 1.608492714600234352e+00
1.573000000000000000e+03 1.611695415547802934e+00
1.574000000000000000e+03 1.609730624338904015e+00
1.575000000000000000e+03 1.608906269497270891e+00
1.576000000000000000e+03 1.609357240503750397e+00
1.577000000000000000e+03 1.611210620444786690e+00
1.578000000000000000e+03 1.610336237383090285e+00
1.579000000000000000e+03 1.608941507279127325e+00
1.580000000000000000e+03 1.611451816251040503e+00
1.581000000000000000e+03 1.613690550850612304e+00
1.582000000000000000e+03 1.613524224267880447e+00
1.583000000000000000e+03 1.617546343143198895e+00
1.584000000000000000e+03 1.617042604767309655e+00
1.585000000000000000e+03 1.620861093571823286e+00
1.586000000000000000e+03 1.620192867283168026e+00
1.587000000000000000e+03 1.621744314518487995e+00
1.588000000000000000e+03 1.621082953638887991e+00
1.589000000000000000e+03 1.625028443247596099e+00
1.590000000000000000e+03 1.626858534485455587e+00
1.591000000000000000e+03 1.626589599057037816e+00
1.592000000000000000e+03 1.628839651301906555e+00
1.593000000000000000e+03 1.629070985621961620e+00
1.594000000000000000e+03 1.631949027904096905e+00
1.595000000000000000e+03 1.632890283847193036e+00
1.596000000000000000e+03 1.631915145528567868e+00
1.597000000000000000e+03 1.633763181669862119e+00
1.598000000000000000e+03 1.636148958011762300e+00
1.599000000000000000e+03 1.636756380872062655e+00
1.600000000000000000e+03 1.637995329351795482e+00
1.601000000000000000e+03 1.639913833368473073e+00
1.602000000000000000e+03 1.644915302345266062e+00
1.603000000000000000e+03 1.643326291381945081e+00
1.604000000000000000e+03 1.647182574358409868e+00
1.605000000000000000e+03 1.646767971406062792e+00
1.606000000000000000e+03 1.649344675755198164e+00
1.607000000000000000e+03 1.652460296658899486e+00
1.608000000000000000e+03 1.656090814443614168e+00
1.609000000000000000e+03 1.655259439008812228e+00
1.610000000000000000e+03 1.657339552397358196e+00
1.611000000000000000e+03 1.659839676085948845e+00
1.612000000000000000e+03 1.660233845499095251e+00
1.613000000000000000e+03 1.663484876462909767e+00
1.614000000000000000e+03 1.664560634665835481e+00
1.615000000000000000e+03 1.665931467716896375e+00
1.616000000000000000e+03 1.670097674015394329e+00
1.617000000000000000e+03 1.671982300449308179e+00
1.618000000000000000e+03 1.674072385387774142e+00
1.619000000000000000e+03 1.678894795575617493e+00
1.620000000000000000e+03 1.678764702505187056e+00
1.621000000000000000e+03 1.681289932042570268e+00
1.622000000000000000e+03 1.683836131504974576e+00
1.623000000000000000e+03 1.688871323919155953e+00
1.624000000000000000e+03 1.691148103041442363e+00
1.625000000000000000e+03 1.693134787991901202e+00
1.626000000000000000e+03 1.697315134958235827e+00
1.627000000000000000e+03 1.703598407139467197e+00
1.628000000000000000e+03 1.706692614782649331e+00
1.629000000000000000e+03 1.711688330828447624e+00
1.630000000000000000e+03 1.713269999428887136e+00
1.631000000000000000e+03 1.721767670018509611e+00
1.632000000000000000e+03 1.724030533881632632e+00
1.633000000000000000e+03 1.727784890648887961e+00
1.634000000000000000e+03 1.727687027559270172e+00
1.635000000000000000e+03 1.734119365912160537e+00
1.636000000000000000e+03 1.736491210273839680e+00
1.637000000000000000e+03 1.739942007716635208e+00
1.638000000000000000e+03 1.747001198505046204e+00
1.639000000000000000e+03 1.747040767724759247e+00
1.640000000000000000e+03 1.750482633136595245e+00
1.641000000000000000e+03 1.757218161258754963e+00
1.642000000000000000e+03 1.761829274637343845e+00
1.643000000000000000e+03 1.764161711262435706e+00
1.644000000000000000e+03 1.771972610771052725e+00
1.645000000000000000e+03 1.777194395227624568e+00
1.646000000000000000e+03 1.782310717821586676e+00
1.647000000000000000e+03 1.787167380902615621e+00
1.648000000000000000e+03 1.791605111566149988e+00
1.649000000000000000e+03 1.795475229094184888e+00
1.650000000000000000e+03 1.798619017189898805e+00
1.651000000000000000e+03 1.803523746536237038e+00
1.652000000000000000e+03 1.807394722196251857e+00
1.653000000000000000e+03 1.812715299495729404e+00
1.654000000000000000e+03 1.816692843085803588e+00
1.655000000000000000e+03 1.819178501480907650e+00
1.656000000000000000e+03 1.822650764744888852e+00
1.657000000000000000e+03 1.829584743009365244e+00
1.658000000000000000e+03 1.831933589769538573e+00
1.659000000000000000e+03 1.834809119870016492e+00
1.660000000000000000e+03 1.840676229897992400e+00
1.661000000000000000e+03 1.844131815749867842e+00
1.662000000000000000e+03 1.850244796913266931e+00
1.663000000000000000e+03 1.853596847342772413e+00
1.664000000000000000e+03 1.859248442044973748e+00
1.665000000000000000e+03 1.861793260993723997e+00
1.666000000000000000e+03 1.866280074069565087e+00
1.667000000000000000e+03 1.869923131439785946e+00
1.668000000000000000e+03 1.872548781133434925e+00
1.669000000000000000e+03 1.879178462349758494e+00
1.670000000000000000e+03 1.881843548092865248e+00
1.671000000000000000e+03 1.885561470829785868e+00
1.672000000000000000e+03 1.887567064759739344e+00
1.673000000000000000e+03 1.892863274991595013e+00
1.674000000000000000e+03 1.896099928690404779e+00
1.675000000000000000e+03 1.902262246852814309e+00
1.676000000000000000e+03 1.906021779981672326e+00
1.677000000000000000e+03 1.907212459687764650e+00
1.678000000000000000e+03 1.913372862472380698e+00
1.679000000000000000e+03 1.916617676200671028e+00
1.680000000000000000e+03 1.919351899525563176e+00
1.681000000000000000e+03 1.921402466242439377e+00
1.682000000000000000e+03 1.927718232749351834e+00
1.683000000000000000e+03 1.930491180526669126e+00
1.684000000000000000e+03 1.934663051364390096e+00
1.685000000000000000e+03 1.935006637993982093e+00
1.686000000000000000e+03 1.938984369499582971e+00
1.687000000000000000e+03 1.943896141539591227e+00
1.688000000000000000e+03 1.944540280282224254e+00
1.689000000000000000e+03 1.948344778237177222e+00
1.690000000000000000e+03 1.952627561148591928e+00
1.691000000000000000e+03 1.954724311207191034e+00
1.692000000000000000e+03 1.957000948409303609e+00
1.693000000000000000e+03 1.961812645301504787e+00
1.694000000000000000e+03 1.966498164139859117e+00
1.695000000000000000e+03 1.968408976719614234e+00
1.696000000000000000e+03 1.969903260730016648e+00
1.697000000000000000e+03 1.975808198469243271e+00
1.698000000000000000e+03 1.978505238621839801e+00
1.699000000000000000e+03 1.980335830510400852e+00
1.700000000000000000e+03 1.983635989339861627e+00
1.701000000000000000e+03 1.988248622047196434e+00
1.702000000000000000e+03 1.991569982252590298e+00
1.703000000000000000e+03 1.993468661680624088e+00
1.704000000000000000e+03 1.996280694044493931e+00
1.705000000000000000e+03 1.999872054160629187e+00
1.706000000000000000e+03 2.004104822553474996e+00
1.707000000000000000e+03 2.006395905570508287e+00
1.708000000000000000e+03 2.009067174680499335e+00
1.709000000000000000e+03 2.011987961061236785e+00
1.710000000000000000e+03 2.015023615378910726e+00
1.711000000000000000e+03 2.018042665050806761e+00
1.712000000000000000e+03 2.018485336788411910e+00
1.713000000000000000e+03 2.023515861693205853e+00
1.714000000000000000e+03 2.025708211654639435e+00
1.715000000000000000e+03 2.032213933665039107e+00
1.716000000000000000e+03 2.030786785337344469e+00
1.717000000000000000e+03 2.035822888093830496e+00
1.718000000000000000e+03 2.039934082522253611e+00
1.719000000000000000e+03 2.042991730898144898e+00
1.720000000000000000e+03 2.042461752382025875e+00
1.721000000000000000e+03 2.045452517027474659e+00
1.722000000000000000e+03 2.044665892377565353e+00
1.723000000000000000e+03 2.047243111409994043e+00
1.724000000000000000e+03 2.048306779502623520e+00
1.725000000000000000e+03 2.050192128443881767e+00
1.726000000000000000e+03 2.052822174003488875e+00
1.727000000000000000e+03 2.053736975113896523e+00
1.728000000000000000e+03 2.055259110631443065e+00
1.729000000000000000e+03 2.054927896533230047e+00
1.730000000000000000e+03 2.057454851015298569e+00
1.731000000000000000e+03 2.057992006047945299e+00
1.732000000000000000e+03 2.061240510557948546e+00
1.733000000000000000e+03 2.059979824184217545e+00
1.734000000000000000e+03 2.063674622104952672e+00
1.735000000000000000e+03 2.065106187664380588e+00
1.736000000000000000e+03 2.066585960912529885e+00
1.737000000000000000e+03 2.068046513001561948e+00
1.738000000000000000e+03 2.069418179286771409e+00
1.739000000000000000e+03 2.068252757244173790e+00
1.740000000000000000e+03 2.071616474228126226e+00
1.741000000000000000e+03 2.069935391695651550e+00
1.742000000000000000e+03 2.070311647377230724e+00
1.743000000000000000e+03 2.070336931965515159e+00
1.744000000000000000e+03 2.072368011213569616e+00
1.745000000000000000e+03 2.071619333744127101e+00
1.746000000000000000e+03 2.072825550362051406e+00
1.747000000000000000e+03 2.073578709874529746e+00
1.748000000000000000e+03 2.073853050204740978e+00
1.749000000000000000e+03 2.076007210476823683e+00
1.750000000000000000e+03 2.077629815348802644e+00
1.751000000000000000e+03 2.081081285135022441e+00
1.752000000000000000e+03 2.081570812330522990e+00
1.753000000000000000e+03 2.081452744770849073e+00
1.754000000000000000e+03 2.083083466174399767e+00
1.755000000000000000e+03 2.084058340458096570e+00
1.756000000000000000e+03 2.081957420746663789e+00
1.757000000000000000e+03 2.083921381551536278e+00
1.758000000000000000e+03 2.087536961769409505e+00
1.759000000000000000e+03 2.085607446195981929e+00
1.760000000000000000e+03 2.087670870601626039e+00
1.761000000000000000e+03 2.088927068160032707e+00
1.762000000000000000e+03 2.091791490668325260e+00
1.763000000000000000e+03 2.091485665796412707e+00
1.764000000000000000e+03 2.088029856761719483e+00
1.765000000000000000e+03 2.091068966899716219e+00
1.766000000000000000e+03 2.091008079771529804e+00
1.767000000000000000e+03 2.090277049756109395e+00
1.768000000000000000e+03 2.091313293235855131e+00
1.769000000000000000e+03 2.091732772127282036e+00
1.770000000000000000e+03 2.091554282444684443e+00
1.771000000000000000e+03 2.093233356147306878e+00
1.772000000000000000e+03 2.089504351630316670e+00
1.773000000000000000e+03 2.092552605965227741e+00
1.774000000000000000e+03 2.092673865046267956e+00
1.775000000000000000e+03 2.092323135499652764e+00
1.776000000000000000e+03 2.091524231465517580e+00
1.777000000000000000e+03 2.092756285579496112e+00
1.778000000000000000e+03 2.093597467904948939e+00
1.779000000000000000e+03 2.094072170507474073e+00
1.780000000000000000e+03 2.091732317803161045e+00
1.781000000000000000e+03 2.089071765091396138e+00
1.782000000000000000e+03 2.091112744786482125e+00
1.783000000000000000e+03 2.090502895638755021e+00
1.784000000000000000e+03 2.087295020350217634e+00
1.785000000000000000e+03 2.089037801544805895e+00
1.786000000000000000e+03 2.085824339004190175e+00
1.787000000000000000e+03 2.085219845765649005e+00
1.788000000000000000e+03 2.082289529516359039e+00
1.789000000000000000e+03 2.082130363448093657e+00
1.790000000000000000e+03 2.082308535359881585e+00
1.791000000000000000e+03 2.080367349537268318e+00
1.792000000000000000e+03 2.078904956235242185e+00
1.793000000000000000e+03 2.080550472932602535e+00
1.794000000000000000e+03 2.077732248676366744e+00
1.795000000000000000e+03 2.075617272470799524e+00
1.796000000000000000e+03 2.079432435811747748e+00
1.797000000000000000e+03 2.076404454486239448e+00
1.798000000000000000e+03 2.076897951843280854e+00
1.799000000000000000e+03 2.075831396054111266e+00
1.800000000000000000e+03 2.075868645597483741e+00
1.801000000000000000e+03 2.071873501433409093e+00
1.802000000000000000e+03 2.066530688302120833e+00
1.803000000000000000e+03 2.065184701842233572e+00
1.804000000000000000e+03 2.067981257371856785e+00
1.805000000000000000e+03 2.067119428594407893e+00
1.806000000000000000e+03 2.065320292241021427e+00
1.807000000000000000e+03 2.065347580817287643e+00
1.808000000000000000e+03 2.064644078735143662e+00
1.809000000000000000e+03 2.063312355481954796e+00
1.810000000000000000e+03 2.061445775013319270e+00
1.811000000000000000e+03 2.061849812730044196e+00
1.812000000000000000e+03 2.061940499913177849e+00
1.813000000000000000e+03 2.059092477135696431e+00
1.814000000000000000e+03 2.061591057627544021e+00
1.815000000000000000e+03 2.058612374309479964e+00
1.816000000000000000e+03 2.058478988999731474e+00
1.817000000000000000e+03 2.058556109165051051e+00
1.818000000000000000e+03 2.058957872175974479e+00
1.819000000000000000e+03 2.065382200242281030e+00
1.820000000000000000e+03 2.063992667297858574e+00
1.821000000000000000e+03 2.060436696321761740e+00
1.822000000000000000e+03 2.060451774774981537e+00
1.823000000000000000e+03 2.055692655706308436e+00
1.824000000000000000e+03 2.054761401164564738e+00
1.825000000000000000e+03 2.052104137078867296e+00
1.826000000000000000e+03 2.053564474889344904e+00
1.827000000000000000e+03 2.050661305237270859e+00
1.828000000000000000e+03 2.049251754729861652e+00
1.829000000000000000e+03 2.049475191214749970e+00
1.830000000000000000e+03 2.048554765073292039e+00
1.831000000000000000e+03 2.046596033288126559e+00
1.832000000000000000e+03 2.046657140048036005e+00
1.833000000000000000e+03 2.042962081159035659e+00
1.834000000000000000e+03 2.041540175325355477e+00
1.835000000000000000e+03 2.042542652427951744e+00
1.836000000000000000e+03 2.040119679328639801e+00
1.837000000000000000e+03 2.040388521403655009e+00
1.838000000000000000e+03 2.037445830735105989e+00
1.839000000000000000e+03 2.037468908528118572e+00
1.840000000000000000e+03 2.034502944796554580e+00
1.841000000000000000e+03 2.031707919223053160e+00
1.842000000000000000e+03 2.029213427522982283e+00
1.843000000000000000e+03 2.030250279271524683e+00
1.844000000000000000e+03 2.025632373131907915e+00
1.845000000000000000e+03 2.018539086669483673e+00
1.846000000000000000e+03 2.018510029402321937e+00
1.847000000000000000e+03 2.016277285643915285e+00
1.848000000000000000e+03 2.015116650154604283e+00
1.849000000000000000e+03 2.011976860678064138e+00
1.850000000000000000e+03 2.010168917195355398e+00
1.851000000000000000e+03 2.013061827912574042e+00
1.852000000000000000e+03 2.007886830083032148e+00
1.853000000000000000e+03 2.007690772353420083e+00
1.854000000000000000e+03 2.006127955917422323e+00
1.855000000000000000e+03 2.006593527685319955e+00
1.856000000000000000e+03 2.002645743464674499e+00
1.857000000000000000e+03 2.000993242602290056e+00
1.858000000000000000e+03 1.998463041658915529e+00
1.859000000000000000e+03 1.998531034413370655e+00
1.860000000000000000e+03 1.997997294699873860e+00
1.861000000000000000e+03 1.993596075111212951e+00
1.862000000000000000e+03 1.988784124980147006e+00
1.863000000000000000e+03 1.993907503899405187e+00
1.864000000000000000e+03 1.988600346913698802e+00
1.865000000000000000e+03 1.990071066001776412e+00
1.866000000000000000e+03 1.984644445967649329e+00
1.867000000000000000e+03 1.986268945830099719e+00
1.868000000000000000e+03 1.984636018152812209e+00
1.869000000000000000e+03 1.983321189741477086e+00
1.870000000000000000e+03 1.982436596070797918e+00
1.871000000000000000e+03 1.982089451297898153e+00
1.872000000000000000e+03 1.978827184000904182e+00
1.873000000000000000e+03 1.976292747694162077e+00
1.874000000000000000e+03 1.974602654768675247e+00
1.875000000000000000e+03 1.973878928241482811e+00
1.876000000000000000e+03 1.974238473611856115e+00
1.877000000000000000e+03 1.972151735554515062e+00
1.878000000000000000e+03 1.975030174016071616e+00
1.879000000000000000e+03 1.971994620067408777e+00
1.880000000000000000e+03 1.970473435530715411e+00
1.881000000000000000e+03 1.970589317854050337e+00
1.882000000000000000e+03 1.968695779982390981e+00
1.883000000000000000e+03 1.968579538294444209e+00
1.884000000000000000e+03 1.966556304649203613e+00
1.885000000000000000e+03 1.966440103159385444e+00
1.886000000000000000e+03 1.964523663680652454e+00
1.887000000000000000e+03 1.968470218683511908e+00
1.888000000000000000e+03 1.963090283366967448e+00
1.889000000000000000e+03 1.967568520673062649e+00
1.890000000000000000e+03 1.966626787222390593e+00
1.891000000000000000e+03 1.964148783228196526e+00
1.892000000000000000e+03 1.964066727658503764e+00
1.893000000000000000e+03 1.962566068471818470e+00
1.894000000000000000e+03 1.963611538608669882e+00
1.895000000000000000e+03 1.963355909488375239e+00
1.896000000000000000e+03 1.965807343479748059e+00
1.897000000000000000e+03 1.963114529517194118e+00
1.898000000000000000e+03 1.963255794819057209e+00
1.899000000000000000e+03 1.962324259902277435e+00
1.900000000000000000e+03 1.964386303154899593e+00
1.901000000000000000e+03 1.965499760820293540e+00
1.902000000000000000e+03 1.961627680107600913e+00
1.903000000000000000e+03 1.964884196753917456e+00
1.904000000000000000e+03 1.959078373868020861e+00
1.905000000000000000e+03 1.964519117530566072e+00
1.906000000000000000e+03 1.969043756077832885e+00
1.907000000000000000e+03 1.968538241935734456e+00
1.908000000000000000e+03 1.967080567885315823e+00
1.909000000000000000e+03 1.972916348474005543e+00
1.910000000000000000e+03 1.973698622376822698e+00
1.911000000000000000e+03 1.973531732316020637e+00
1.912000000000000000e+03 1.976580069109872717e+00
1.913000000000000000e+03 1.974518636052849718e+00
1.914000000000000000e+03 1.975687676304245244e+00
1.915000000000000000e+03 1.975911106917527693e+00
1.916000000000000000e+03 1.979397622056801254e+00
1.917000000000000000e+03 1.981952919533629398e+00
1.918000000000000000e+03 1.983577905086800097e+00
1.919000000000000000e+03 1.984265614249726140e+00
1.920000000000000000e+03 1.984013613430542611e+00
1.921000000000000000e+03 1.987063432998757762e+00
1.922000000000000000e+03 1.989128943470439781e+00
1.923000000000000000e+03 1.990149101892600969e+00
1.924000000000000000e+03 1.998621840901669167e+00
1.925000000000000000e+03 1.997379790759021390e+00
1.926000000000000000e+03 1.999205886751200367e+00
1.927000000000000000e+03 2.008365769432336023e+00
1.928000000000000000e+03 2.007589755343631488e+00
1.929000000000000000e+03 2.014051489886470758e+00
1.930000000000000000e+03 2.019079033834425108e+00
1.931000000000000000e+03 2.018274561910298637e+00
1.932000000000000000e+03 2.020235794137624996e+00
1.933000000000000000e+03 2.024918229257698599e+00
1.934000000000000000e+03 2.027928409566131851e+00
1.935000000000000000e+03 2.029204167586858176e+00
1.936000000000000000e+03 2.033036704845201825e+00
1.937000000000000000e+03 2.035020615563409407e+00
1.938000000000000000e+03 2.039459949685162421e+00
1.939000000000000000e+03 2.041931331651654968e+00
1.940000000000000000e+03 2.046750637089683522e+00
1.941000000000000000e+03 2.045110274738871414e+00
1.942000000000000000e+03 2.050039082770081400e+00
1.943000000000000000e+03 2.052695772360550119e+00
1.944000000000000000e+03 2.057365247992676505e+00
1.945000000000000000e+03 2.063951025045563714e+00
1.946000000000000000e+03 2.067980766728857223e+00
1.947000000000000000e+03 2.073732466051604106e+00
1.948000000000000000e+03 2.076734555242524927e+00
1.949000000000000000e+03 2.081272499909423424e+00
1.950000000000000000e+03 2.082863908225906169e+00
1.951000000000000000e+03 2.085805165248324045e+00
1.952000000000000000e+03 2.089997250893768310e+00
1.953000000000000000e+03 2.095349298464214804e+00
1.954000000000000000e+03 2.097368840431895531e+00
1.955000000000000000e+03 2.100357981526350226e+00
1.956000000000000000e+03 2.108612628472018802e+00
1.957000000000000000e+03 2.100078226862457598e+00
1.958000000000000000e+03 2.114179232089202554e+00
1.959000000000000000e+03 2.115694519180920885e+00
1.960000000000000000e+03 2.126476101820572229e+00
1.961000000000000000e+03 2.128868099578825834e+00
1.962000000000000000e+03 2.135894080827597907e+00
1.963000000000000000e+03 2.138641217107295933e+00
1.964000000000000000e+03 2.145724735551611140e+00
1.965000000000000000e+03 2.148237283700153544e+00
1.966000000000000000e+03 2.154793556057491344e+00
1.967000000000000000e+03 2.156497702407735861e+00
1.968000000000000000e+03 2.166306888098814110e+00
1.969000000000000000e+03 2.166620884292126181e+00
1.970000000000000000e+03 2.174738852582001947e+00
1.971000000000000000e+03 2.181794568615838426e+00
1.972000000000000000e+03 2.187645243927551775e+00
1.973000000000000000e+03 2.192148842880997872e+00
1.974000000000000000e+03 2.195159857074719945e+00
1.975000000000000000e+03 2.200881567684678686e+00
1.976000000000000000e+03 2.204826394274868040e+00
1.977000000000000000e+03 2.211190393716578217e+00
1.978000000000000000e+03 2.215487022990076493e+00
1.979000000000000000e+03 2.217587046942163020e+00
1.980000000000000000e+03 2.221666896285504400e+00
1.981000000000000000e+03 2.227589329998068024e+00
1.982000000000000000e+03 2.230938845783970503e+00
1.983000000000000000e+03 2.235930288081685813e+00
1.984000000000000000e+03 2.238171164743872676e+00
1.985000000000000000e+03 2.237582468389198276e+00
1.986000000000000000e+03 2.242654882604988131e+00
1.987000000000000000e+03 2.248992835633823795e+00
1.988000000000000000e+03 2.247950559353007804e+00
1.989000000000000000e+03 2.252274775727696632e+00
1.990000000000000000e+03 2.253321536629520505e+00
1.991000000000000000e+03 2.259541952187111402e+00
1.992000000000000000e+03 2.266559049590299857e+00
1.993000000000000000e+03 2.270037608895140835e+00
1.994000000000000000e+03 2.274138776245369975e+00
1.995000000000000000e+03 2.274530289379899983e+00
1.996000000000000000e+03 2.283851701983164784e+00
1.997000000000000000e+03 2.289277659750734273e+00
1.998000000000000000e+03 2.294958807938473289e+00
1.999000000000000000e+03 2.300803413341395931e+00
2.000000000000000000e+03 2.306728450657328455e+00
