2.000000000000000000e+00 -8.983391695407558220e-02
3.000000000000000000e+00 7.429132152251788357e-02
4.000000000000000000e+00 2.422369218204327712e-01
5.000000000000000000e+00 2.841600746427836999e-01
6.000000000000000000e+00 4.242278076781190177e-01
7.000000000000000000e+00 4.673673790919087856e-01
8.000000000000000000e+00 3.927325829414008429e-01
9.000000000000000000e+00 3.225473013679537315e-01
1.000000000000000000e+01 3.442619488786964888e-01
1.100000000000000000e+01 3.971950138945045117e-01
1.200000000000000000e+01 4.031369145498626683e-01
1.300000000000000000e+01 4.384195538342896548e-01
1.400000000000000000e+01 5.693385564842701196e-01
1.500000000000000000e+01 7.099560350028599753e-01
1.600000000000000000e+01 7.722283920851928940e-01
1.700000000000000000e+01 4.297314420349742092e-01
1.800000000000000000e+01 6.616553425495749208e-01
1.900000000000000000e+01 6.364261045381620630e-01
2.000000000000000000e+01 6.179322462385986592e-01
2.100000000000000000e+01 6.488060307797821613e-01
2.200000000000000000e+01 6.512615183743972747e-01
2.300000000000000000e+01 6.479565655342173214e-01
2.400000000000000000e+01 6.777448887617373297e-01
2.500000000000000000e+01 6.673931050280701438e-01
2.600000000000000000e+01 7.095650076542324713e-01
2.700000000000000000e+01 6.853703167739008117e-01
2.800000000000000000e+01 6.862235465732873241e-01
2.900000000000000000e+01 7.014991522755705811e-01
3.000000000000000000e+01 6.920202020386692077e-01
3.100000000000000000e+01 7.355457338707751536e-01
3.200000000000000000e+01 7.088496943597329958e-01
3.300000000000000000e+01 6.944913343392705718e-01
3.400000000000000000e+01 7.020399384099283990e-01
3.500000000000000000e+01 6.630421236105963345e-01
3.600000000000000000e+01 7.040264454510192227e-01
3.700000000000000000e+01 6.971821742656006959e-01
3.800000000000000000e+01 6.697330843719241367e-01
3.900000000000000000e+01 7.006561064128735694e-01
4.000000000000000000e+01 6.457512526158287747e-01
4.100000000000000000e+01 5.713096471785903407e-01
4.200000000000000000e+01 5.339984387089493634e-01
4.300000000000000000e+01 5.133749397254521174e-01
4.400000000000000000e+01 5.274035865895621011e-01
4.500000000000000000e+01 5.414539461237629636e-01
4.600000000000000000e+01 5.518446088599096022e-01
4.700000000000000000e+01 5.694398783330065772e-01
4.800000000000000000e+01 5.903665931623385266e-01
4.900000000000000000e+01 6.109696887501704365e-01
5.000000000000000000e+01 6.071707065999768504e-01
5.100000000000000000e+01 5.914257408726319998e-01
5.200000000000000000e+01 5.540930523248122075e-01
5.300000000000000000e+01 5.335672135075180122e-01
5.400000000000000000e+01 5.271267230576553997e-01
5.500000000000000000e+01 5.322140704697713165e-01
5.600000000000000000e+01 5.386574501990484265e-01
5.700000000000000000e+01 5.440021401638145404e-01
5.800000000000000000e+01 5.445885169847258789e-01
5.900000000000000000e+01 5.491477610232693429e-01
6.000000000000000000e+01 5.479134594692997018e-01
6.100000000000000000e+01 5.266011571856283879e-01
6.200000000000000000e+01 5.164766395863110704e-01
6.300000000000000000e+01 5.017943733095650005e-01
6.400000000000000000e+01 4.790468132220610520e-01
6.500000000000000000e+01 4.674949992328200632e-01
6.600000000000000000e+01 4.517286523023325562e-01
6.700000000000000000e+01 4.381349863719873894e-01
6.800000000000000000e+01 4.216769446433717428e-01
6.900000000000000000e+01 4.029266630076805966e-01
7.000000000000000000e+01 3.877399267101958591e-01
7.100000000000000000e+01 3.762893054119512137e-01
7.200000000000000000e+01 3.681535892840853696e-01
7.300000000000000000e+01 3.678861768885606232e-01
7.400000000000000000e+01 3.697251139046242030e-01
7.500000000000000000e+01 3.681712096314960214e-01
7.600000000000000000e+01 3.629070752773767006e-01
7.700000000000000000e+01 3.534827549613878128e-01
7.800000000000000000e+01 3.346440284501373541e-01
7.900000000000000000e+01 3.156315702193644435e-01
8.000000000000000000e+01 2.958628714791301517e-01
8.100000000000000000e+01 2.751756535219056499e-01
8.200000000000000000e+01 2.549315304969440033e-01
8.300000000000000000e+01 2.368216369619873252e-01
8.400000000000000000e+01 2.224445460858601176e-01
8.500000000000000000e+01 2.133225659888032533e-01
8.600000000000000000e+01 2.102850572964877207e-01
8.700000000000000000e+01 2.030052260056293967e-01
8.800000000000000000e+01 2.065971037710420954e-01
8.900000000000000000e+01 2.059809870831296463e-01
9.000000000000000000e+01 1.992643348057004660e-01
9.100000000000000000e+01 1.934299952620583130e-01
9.200000000000000000e+01 1.850719874402143861e-01
9.300000000000000000e+01 1.674662113000767449e-01
9.400000000000000000e+01 1.580407132174879714e-01
9.500000000000000000e+01 1.459308916808192969e-01
9.600000000000000000e+01 1.399338264408709898e-01
9.700000000000000000e+01 1.321228396778956204e-01
9.800000000000000000e+01 1.222803407810669901e-01
9.900000000000000000e+01 1.177044747786490791e-01
1.000000000000000000e+02 1.142267656525555730e-01
1.010000000000000000e+02 1.078765917634188914e-01
1.020000000000000000e+02 9.486631371692326453e-02
1.030000000000000000e+02 8.953491281789406619e-02
1.040000000000000000e+02 8.428568679341665038e-02
1.050000000000000000e+02 7.887493301248302280e-02
1.060000000000000000e+02 7.305559978536323162e-02
1.070000000000000000e+02 7.680637749252317015e-02
1.080000000000000000e+02 6.907575162409605729e-02
1.090000000000000000e+02 6.332920351876090981e-02
1.100000000000000000e+02 5.582542334555368885e-02
1.110000000000000000e+02 4.972169215959641037e-02
1.120000000000000000e+02 4.533948611970528564e-02
1.130000000000000000e+02 3.669543108043789303e-02
1.140000000000000000e+02 2.762268742118396958e-02
1.150000000000000000e+02 2.178462061335178016e-02
1.160000000000000000e+02 1.928893338446720923e-02
1.170000000000000000e+02 1.285200130579101062e-02
1.180000000000000000e+02 4.385155187832329507e-03
1.190000000000000000e+02 -1.254067160932710286e-03
1.200000000000000000e+02 -1.139226047787059853e-02
1.210000000000000000e+02 -2.083606600111228072e-02
1.220000000000000000e+02 -3.198683580465456339e-02
1.230000000000000000e+02 -4.388272614341176547e-02
1.240000000000000000e+02 -5.272168453637379737e-02
1.250000000000000000e+02 -6.055477837896925536e-02
1.260000000000000000e+02 -6.683846159739853521e-02
1.270000000000000000e+02 -6.947705639862908344e-02
1.280000000000000000e+02 -6.952578223717824357e-02
1.290000000000000000e+02 -7.075682322473254848e-02
1.300000000000000000e+02 -7.407692130957591048e-02
1.310000000000000000e+02 -7.477626120042631108e-02
1.320000000000000000e+02 -7.826890810918420149e-02
1.330000000000000000e+02 -8.164785454055586977e-02
1.340000000000000000e+02 -8.472967412903072149e-02
1.350000000000000000e+02 -8.734006078950731777e-02
1.360000000000000000e+02 -8.679740319823481265e-02
1.370000000000000000e+02 -8.586527548667309551e-02
1.380000000000000000e+02 -8.221337505599825290e-02
1.390000000000000000e+02 -7.609298914859229102e-02
1.400000000000000000e+02 -7.273150278482960751e-02
1.410000000000000000e+02 -6.495136695729140930e-02
1.420000000000000000e+02 -5.848740758109197135e-02
1.430000000000000000e+02 -5.171195711549511631e-02
1.440000000000000000e+02 -4.546098109034888562e-02
1.450000000000000000e+02 -4.053831965096115625e-02
1.460000000000000000e+02 -4.219760182096392309e-02
1.470000000000000000e+02 -4.035792441560498434e-02
1.480000000000000000e+02 -3.665896217399895046e-02
1.490000000000000000e+02 -3.499199720063365243e-02
1.500000000000000000e+02 -2.995662490162557742e-02
1.510000000000000000e+02 -2.346401043585631327e-02
1.520000000000000000e+02 -1.185764724824626797e-02
1.530000000000000000e+02 -3.129868950097433947e-03
1.540000000000000000e+02 8.328924634645580583e-03
1.550000000000000000e+02 1.691350860070992695e-02
1.560000000000000000e+02 2.839917557810551704e-02
1.570000000000000000e+02 3.191491914486642434e-02
1.580000000000000000e+02 3.879990233950125073e-02
1.590000000000000000e+02 4.285998297650078781e-02
1.600000000000000000e+02 4.876066361690799267e-02
1.610000000000000000e+02 5.247669559390749638e-02
1.620000000000000000e+02 5.824452310722896820e-02
1.630000000000000000e+02 5.963817884421521859e-02
1.640000000000000000e+02 6.705640216252846397e-02
1.650000000000000000e+02 7.201493203516186326e-02
1.660000000000000000e+02 7.639680762581396722e-02
1.670000000000000000e+02 7.953545556071989209e-02
1.680000000000000000e+02 8.471259746274664715e-02
1.690000000000000000e+02 8.706770494814826400e-02
1.700000000000000000e+02 8.786623199716504795e-02
1.710000000000000000e+02 8.858682901365255713e-02
1.720000000000000000e+02 8.763692227130066847e-02
1.730000000000000000e+02 8.764314548709266350e-02
1.740000000000000000e+02 8.724648468832066350e-02
1.750000000000000000e+02 8.707183416554725719e-02
1.760000000000000000e+02 9.137327965115801809e-02
1.770000000000000000e+02 9.562003057986398491e-02
1.780000000000000000e+02 1.009104435819944412e-01
1.790000000000000000e+02 1.044910008713554606e-01
1.800000000000000000e+02 1.074681962032829341e-01
1.810000000000000000e+02 1.092060519920140249e-01
1.820000000000000000e+02 1.097602502218235354e-01
1.830000000000000000e+02 1.112349391414706457e-01
1.840000000000000000e+02 1.100848998853918154e-01
1.850000000000000000e+02 1.084120866829837160e-01
1.860000000000000000e+02 1.137971765208380809e-01
1.870000000000000000e+02 1.132345313199219078e-01
1.880000000000000000e+02 1.122716743273220324e-01
1.890000000000000000e+02 1.145330406601633849e-01
1.900000000000000000e+02 1.108215963807134830e-01
1.910000000000000000e+02 1.156162967865211055e-01
1.920000000000000000e+02 1.156961956613523634e-01
1.930000000000000000e+02 1.195956358930555657e-01
1.940000000000000000e+02 1.177568160673926334e-01
1.950000000000000000e+02 1.168683524271295210e-01
1.960000000000000000e+02 1.147385730537563292e-01
1.970000000000000000e+02 1.114944222701433063e-01
1.980000000000000000e+02 1.056150601825583124e-01
1.990000000000000000e+02 9.913985231987321178e-02
2.000000000000000000e+02 9.055065951055048246e-02
2.010000000000000000e+02 8.356759075608781451e-02
2.020000000000000000e+02 7.638347111047967541e-02
2.030000000000000000e+02 6.889644708339442980e-02
2.040000000000000000e+02 6.450601023470689532e-02
2.050000000000000000e+02 5.786288825474887598e-02
2.060000000000000000e+02 5.409831231071643431e-02
2.070000000000000000e+02 4.789129680266244332e-02
2.080000000000000000e+02 4.608688733249841074e-02
2.090000000000000000e+02 4.337629403437545661e-02
2.100000000000000000e+02 4.139079631058383696e-02
2.110000000000000000e+02 3.830903291520480758e-02
2.120000000000000000e+02 3.919926892220875619e-02
2.130000000000000000e+02 3.707944702852861152e-02
2.140000000000000000e+02 3.700783843435373477e-02
2.150000000000000000e+02 3.717126406541117201e-02
2.160000000000000000e+02 3.747141381179321801e-02
2.170000000000000000e+02 3.610594874669069421e-02
2.180000000000000000e+02 3.639709163844453976e-02
2.190000000000000000e+02 3.483497641658926669e-02
2.200000000000000000e+02 3.473727299170734778e-02
2.210000000000000000e+02 3.261944751272269349e-02
2.220000000000000000e+02 3.019814772106308581e-02
2.230000000000000000e+02 2.920073028862285591e-02
2.240000000000000000e+02 2.625422033277646089e-02
2.250000000000000000e+02 2.308976385295725270e-02
2.260000000000000000e+02 1.973372971824362623e-02
2.270000000000000000e+02 1.791631642981245803e-02
2.280000000000000000e+02 1.426595882458027084e-02
2.290000000000000000e+02 1.051107940153297830e-02
2.300000000000000000e+02 8.377249308013383702e-03
2.310000000000000000e+02 7.895589969564938485e-03
2.320000000000000000e+02 3.995485798435749816e-03
2.330000000000000000e+02 1.803977122843135631e-03
2.340000000000000000e+02 3.055135800786122364e-03
2.350000000000000000e+02 9.697226843578179295e-04
2.360000000000000000e+02 2.393119700692275878e-03
2.370000000000000000e+02 2.238335391466764537e-03
2.380000000000000000e+02 3.951575290691384731e-03
2.390000000000000000e+02 4.146102775469070502e-03
2.400000000000000000e+02 7.985723219639915757e-03
2.410000000000000000e+02 1.037108674834110421e-02
2.420000000000000000e+02 1.135020226074446442e-02
2.430000000000000000e+02 1.441222845319008357e-02
2.440000000000000000e+02 1.790276471709236969e-02
2.450000000000000000e+02 2.360532178267302564e-02
2.460000000000000000e+02 2.639862224070770383e-02
2.470000000000000000e+02 3.152465220521244449e-02
2.480000000000000000e+02 3.731903032221654121e-02
2.490000000000000000e+02 4.035813962467763027e-02
2.500000000000000000e+02 4.592032030529986236e-02
2.510000000000000000e+02 5.057898588390914024e-02
2.520000000000000000e+02 5.614193072836572151e-02
2.530000000000000000e+02 6.091587072278348280e-02
2.540000000000000000e+02 6.495064348622280048e-02
2.550000000000000000e+02 7.183480254337018533e-02
2.560000000000000000e+02 7.633473848199326395e-02
2.570000000000000000e+02 8.026400658298596391e-02
2.580000000000000000e+02 8.546268005385740385e-02
2.590000000000000000e+02 8.842103168795931167e-02
2.600000000000000000e+02 9.097082067169603992e-02
2.610000000000000000e+02 9.498559940784619127e-02
2.620000000000000000e+02 9.881296637689290785e-02
2.630000000000000000e+02 9.897938766090651208e-02
2.640000000000000000e+02 1.010607453984415927e-01
2.650000000000000000e+02 1.034118337204298077e-01
2.660000000000000000e+02 1.061922268699359989e-01
2.670000000000000000e+02 1.095660471804976999e-01
2.680000000000000000e+02 1.118500824411091388e-01
2.690000000000000000e+02 1.169053071471508193e-01
2.700000000000000000e+02 1.193301633259165745e-01
2.710000000000000000e+02 1.230026779639519507e-01
2.720000000000000000e+02 1.243342822714133544e-01
2.730000000000000000e+02 1.272392554868007064e-01
2.740000000000000000e+02 1.300009271932052457e-01
2.750000000000000000e+02 1.327838417682570549e-01
2.760000000000000000e+02 1.338324498344395930e-01
2.770000000000000000e+02 1.371469653979260628e-01
2.780000000000000000e+02 1.390491026960377352e-01
2.790000000000000000e+02 1.396828129441367583e-01
2.800000000000000000e+02 1.431196381330998857e-01
2.810000000000000000e+02 1.416895678565790739e-01
2.820000000000000000e+02 1.453965127818793446e-01
2.830000000000000000e+02 1.465366211351689929e-01
2.840000000000000000e+02 1.472443418692203354e-01
2.850000000000000000e+02 1.476954711700323164e-01
2.860000000000000000e+02 1.500931635110394624e-01
2.870000000000000000e+02 1.526122674286615466e-01
2.880000000000000000e+02 1.533898063703015291e-01
2.890000000000000000e+02 1.546379693483055651e-01
2.900000000000000000e+02 1.565566635072692947e-01
2.910000000000000000e+02 1.572494567515025088e-01
2.920000000000000000e+02 1.631961517052207267e-01
2.930000000000000000e+02 1.619772555577608797e-01
2.940000000000000000e+02 1.664361942939663608e-01
2.950000000000000000e+02 1.639998748587618849e-01
2.960000000000000000e+02 1.655245528014621659e-01
2.970000000000000000e+02 1.691090358581697761e-01
2.980000000000000000e+02 1.728060840369800566e-01
2.990000000000000000e+02 1.746000541908850623e-01
3.000000000000000000e+02 1.768783957859716149e-01
3.010000000000000000e+02 1.820913982453834512e-01
3.020000000000000000e+02 1.837611878261142806e-01
3.030000000000000000e+02 1.865856401437512857e-01
3.040000000000000000e+02 1.885355665696016592e-01
3.050000000000000000e+02 1.921303799057632600e-01
3.060000000000000000e+02 1.953210120133470062e-01
3.070000000000000000e+02 1.983369563234282651e-01
3.080000000000000000e+02 2.014125542179165118e-01
3.090000000000000000e+02 2.024068559371476062e-01
3.100000000000000000e+02 2.063228989400295865e-01
3.110000000000000000e+02 2.086306831977945697e-01
3.120000000000000000e+02 2.095389678746832074e-01
3.130000000000000000e+02 2.117256713326026440e-01
3.140000000000000000e+02 2.154784478469918552e-01
3.150000000000000000e+02 2.160762081217453834e-01
3.160000000000000000e+02 2.187513931651197396e-01
3.170000000000000000e+02 2.212671045571156792e-01
3.180000000000000000e+02 2.238807312734791277e-01
3.190000000000000000e+02 2.242633527701817231e-01
3.200000000000000000e+02 2.252400426335605665e-01
3.210000000000000000e+02 2.270874985110754307e-01
3.220000000000000000e+02 2.274105554834859322e-01
3.230000000000000000e+02 2.290962904514722009e-01
3.240000000000000000e+02 2.297135852896977637e-01
3.250000000000000000e+02 2.294784951674271323e-01
3.260000000000000000e+02 2.313779996651057491e-01
3.270000000000000000e+02 2.301424603246369216e-01
3.280000000000000000e+02 2.315713001119464043e-01
3.290000000000000000e+02 2.303066108611090401e-01
3.300000000000000000e+02 2.294003705773338953e-01
3.310000000000000000e+02 2.262237935619339224e-01
3.320000000000000000e+02 2.268255402715865232e-01
3.330000000000000000e+02 2.256755902022354321e-01
3.340000000000000000e+02 2.229872962689608829e-01
3.350000000000000000e+02 2.219998777540222179e-01
3.360000000000000000e+02 2.230340845340240408e-01
3.370000000000000000e+02 2.202873685203412812e-01
3.380000000000000000e+02 2.170234769736963387e-01
3.390000000000000000e+02 2.135086984520629116e-01
3.400000000000000000e+02 2.131839451203890734e-01
3.410000000000000000e+02 2.132312263978353439e-01
3.420000000000000000e+02 2.106563502380081609e-01
3.430000000000000000e+02 2.088743970538584072e-01
3.440000000000000000e+02 2.048335231135416934e-01
3.450000000000000000e+02 2.053548630177475798e-01
3.460000000000000000e+02 2.007177146297045023e-01
3.470000000000000000e+02 2.011899195970329179e-01
3.480000000000000000e+02 2.002990767035604802e-01
3.490000000000000000e+02 1.982418273104616380e-01
3.500000000000000000e+02 1.987239703994387874e-01
3.510000000000000000e+02 1.914591259006651058e-01
3.520000000000000000e+02 1.943135051011895265e-01
3.530000000000000000e+02 1.898003402627082836e-01
3.540000000000000000e+02 1.925308866290256771e-01
3.550000000000000000e+02 1.919292478715292627e-01
3.560000000000000000e+02 1.918657337994587320e-01
3.570000000000000000e+02 1.926196364527502092e-01
3.580000000000000000e+02 1.906727982486183803e-01
3.590000000000000000e+02 1.900462527196305207e-01
3.600000000000000000e+02 1.910438189639764583e-01
3.610000000000000000e+02 1.939648872013280401e-01
3.620000000000000000e+02 1.911270742062560479e-01
3.630000000000000000e+02 1.944848140632711719e-01
3.640000000000000000e+02 1.963171344278913655e-01
3.650000000000000000e+02 1.967194369708802071e-01
3.660000000000000000e+02 1.999291213473347040e-01
3.670000000000000000e+02 1.978685015353961463e-01
3.680000000000000000e+02 2.031242321623913105e-01
3.690000000000000000e+02 2.033653306584268794e-01
3.700000000000000000e+02 2.028810589222591609e-01
3.710000000000000000e+02 2.061333617653116068e-01
3.720000000000000000e+02 2.090292208398957796e-01
3.730000000000000000e+02 2.073273118331623588e-01
3.740000000000000000e+02 2.099451416486360078e-01
3.750000000000000000e+02 2.126855670153894040e-01
3.760000000000000000e+02 2.112079373410372662e-01
3.770000000000000000e+02 2.101244986856961594e-01
3.780000000000000000e+02 2.142202370951798440e-01
3.790000000000000000e+02 2.145239272887154436e-01
3.800000000000000000e+02 2.111172442863584464e-01
3.810000000000000000e+02 2.134898053769067883e-01
3.820000000000000000e+02 2.170822131012556944e-01
3.830000000000000000e+02 2.171493222677603752e-01
3.840000000000000000e+02 2.136179199163001086e-01
3.850000000000000000e+02 2.161860763141087438e-01
3.860000000000000000e+02 2.151826596183754603e-01
3.870000000000000000e+02 2.155042146660184621e-01
3.880000000000000000e+02 2.172109775331855230e-01
3.890000000000000000e+02 2.203431835412646145e-01
3.900000000000000000e+02 2.199007663637846666e-01
3.910000000000000000e+02 2.158321767255811374e-01
3.920000000000000000e+02 2.183438707433838777e-01
3.930000000000000000e+02 2.120983484028123867e-01
3.940000000000000000e+02 2.125524605219805407e-01
3.950000000000000000e+02 2.146170210329016170e-01
3.960000000000000000e+02 2.078293235026383856e-01
3.970000000000000000e+02 2.132284635441049625e-01
3.980000000000000000e+02 2.097575141818435462e-01
3.990000000000000000e+02 2.079918916183714772e-01
4.000000000000000000e+02 2.079932708724042678e-01
4.010000000000000000e+02 2.043768938118925849e-01
4.020000000000000000e+02 2.024044776006759250e-01
4.030000000000000000e+02 2.019653241544623890e-01
4.040000000000000000e+02 1.974556136121059791e-01
4.050000000000000000e+02 1.941767032779201374e-01
4.060000000000000000e+02 1.975427431998003081e-01
4.070000000000000000e+02 1.963773904393779357e-01
4.080000000000000000e+02 1.960601615030421185e-01
4.090000000000000000e+02 1.908617164813641298e-01
4.100000000000000000e+02 1.861909282443210134e-01
4.110000000000000000e+02 1.819213296363952348e-01
4.120000000000000000e+02 1.835389481779047260e-01
4.130000000000000000e+02 1.796472494305063616e-01
4.140000000000000000e+02 1.813771888846490987e-01
4.150000000000000000e+02 1.772791137826279784e-01
4.160000000000000000e+02 1.728468665229965229e-01
4.170000000000000000e+02 1.736340971331583605e-01
4.180000000000000000e+02 1.738091110644782722e-01
4.190000000000000000e+02 1.732153992663239828e-01
4.200000000000000000e+02 1.717137951034487797e-01
4.210000000000000000e+02 1.634017295136601655e-01
4.220000000000000000e+02 1.651651488434388304e-01
4.230000000000000000e+02 1.652752565543496865e-01
4.240000000000000000e+02 1.691681321074998967e-01
4.250000000000000000e+02 1.650944071050676198e-01
4.260000000000000000e+02 1.642153354675702226e-01
4.270000000000000000e+02 1.662257212991665456e-01
4.280000000000000000e+02 1.708288340789245741e-01
4.290000000000000000e+02 1.720176154805805879e-01
4.300000000000000000e+02 1.752122303040238860e-01
4.310000000000000000e+02 1.744086496759569838e-01
4.320000000000000000e+02 1.807106671716404434e-01
4.330000000000000000e+02 1.767540121015142018e-01
4.340000000000000000e+02 1.793067022813566169e-01
4.350000000000000000e+02 1.880380011484097946e-01
4.360000000000000000e+02 1.856870077941681074e-01
4.370000000000000000e+02 1.889272977767491313e-01
4.380000000000000000e+02 1.918174471508257428e-01
4.390000000000000000e+02 1.884625948927719508e-01
4.400000000000000000e+02 1.898091192920446646e-01
4.410000000000000000e+02 1.899380968275038994e-01
4.420000000000000000e+02 1.996229553855005667e-01
4.430000000000000000e+02 1.962880100556113616e-01
4.440000000000000000e+02 1.962441455373835630e-01
4.450000000000000000e+02 1.991127698927372125e-01
4.460000000000000000e+02 2.045016643988361027e-01
4.470000000000000000e+02 2.065898665919708166e-01
4.480000000000000000e+02 2.104886616361336393e-01
4.490000000000000000e+02 2.050069801297060290e-01
4.500000000000000000e+02 2.060876873520819941e-01
4.510000000000000000e+02 2.025682837385702761e-01
4.520000000000000000e+02 2.048491475485753055e-01
4.530000000000000000e+02 2.018790142403960597e-01
4.540000000000000000e+02 1.986861444954918787e-01
4.550000000000000000e+02 2.002060651631887289e-01
4.560000000000000000e+02 1.955405171090962568e-01
4.570000000000000000e+02 1.948867135416152696e-01
4.580000000000000000e+02 1.926616540070863748e-01
4.590000000000000000e+02 1.885574526774195236e-01
4.600000000000000000e+02 1.874132099452857358e-01
4.610000000000000000e+02 1.837388009102044473e-01
4.620000000000000000e+02 1.823207753220343341e-01
4.630000000000000000e+02 1.827817176061733717e-01
4.640000000000000000e+02 1.847458217604160402e-01
4.650000000000000000e+02 1.828206646980218009e-01
4.660000000000000000e+02 1.867169616458865533e-01
4.670000000000000000e+02 1.810961045467661124e-01
4.680000000000000000e+02 1.805989648838357275e-01
4.690000000000000000e+02 1.848079535626838132e-01
4.700000000000000000e+02 1.786308052563875814e-01
4.710000000000000000e+02 1.862443349179841723e-01
4.720000000000000000e+02 1.877257548999702319e-01
4.730000000000000000e+02 1.876578062770194177e-01
4.740000000000000000e+02 1.905287917099218464e-01
4.750000000000000000e+02 1.864255064890127378e-01
4.760000000000000000e+02 1.893730742555736202e-01
4.770000000000000000e+02 1.942073654371720970e-01
4.780000000000000000e+02 1.958895130558588327e-01
4.790000000000000000e+02 1.988176320466992775e-01
4.800000000000000000e+02 2.026523714881393046e-01
4.810000000000000000e+02 2.070705597405114451e-01
4.820000000000000000e+02 2.071838133357002953e-01
4.830000000000000000e+02 2.119495080792817288e-01
4.840000000000000000e+02 2.164715712097298461e-01
4.850000000000000000e+02 2.159616863357485816e-01
4.860000000000000000e+02 2.192400274002700433e-01
4.870000000000000000e+02 2.259905755785863168e-01
4.880000000000000000e+02 2.314411000675118957e-01
4.890000000000000000e+02 2.309086474657833232e-01
4.900000000000000000e+02 2.330547003489207292e-01
4.910000000000000000e+02 2.419842178086840934e-01
4.920000000000000000e+02 2.442156418032797593e-01
4.930000000000000000e+02 2.482966580892183306e-01
4.940000000000000000e+02 2.496187813091143848e-01
4.950000000000000000e+02 2.565903421756934311e-01
4.960000000000000000e+02 2.645933549056324052e-01
4.970000000000000000e+02 2.690857005792031131e-01
4.980000000000000000e+02 2.741226762848713028e-01
4.990000000000000000e+02 2.709692539179775483e-01
5.000000000000000000e+02 2.763726888706374285e-01
5.010000000000000000e+02 2.815779241360831242e-01
5.020000000000000000e+02 2.822107607569455667e-01
5.030000000000000000e+02 2.823222364836171505e-01
5.040000000000000000e+02 2.900389250751490011e-01
5.050000000000000000e+02 2.844196948483228016e-01
5.060000000000000000e+02 2.901559755670574670e-01
5.070000000000000000e+02 2.905259877815931091e-01
5.080000000000000000e+02 2.935899746957875145e-01
5.090000000000000000e+02 2.950718674294443566e-01
5.100000000000000000e+02 2.988721619222816650e-01
5.110000000000000000e+02 2.967089425812678427e-01
5.120000000000000000e+02 3.005523686926088178e-01
5.130000000000000000e+02 3.021401483458131532e-01
5.140000000000000000e+02 3.013242658023942977e-01
5.150000000000000000e+02 3.019410977615930025e-01
5.160000000000000000e+02 3.038102672290221573e-01
5.170000000000000000e+02 3.067463393871194821e-01
5.180000000000000000e+02 3.105706107914983916e-01
5.190000000000000000e+02 3.072304786245327879e-01
5.200000000000000000e+02 3.084011269191572757e-01
5.210000000000000000e+02 3.099679420070141078e-01
5.220000000000000000e+02 3.157475071224171148e-01
5.230000000000000000e+02 3.139483548042918959e-01
5.240000000000000000e+02 3.162034206782893264e-01
5.250000000000000000e+02 3.224049547914696889e-01
5.260000000000000000e+02 3.247275167542465479e-01
5.270000000000000000e+02 3.192576343923456683e-01
5.280000000000000000e+02 3.213692934320696026e-01
5.290000000000000000e+02 3.232591018440068575e-01
5.300000000000000000e+02 3.248487070858810388e-01
5.310000000000000000e+02 3.222505904740117777e-01
5.320000000000000000e+02 3.268582695875207889e-01
5.330000000000000000e+02 3.271274727818378469e-01
5.340000000000000000e+02 3.306182408169573428e-01
5.350000000000000000e+02 3.334410607764024537e-01
5.360000000000000000e+02 3.355280804393753202e-01
5.370000000000000000e+02 3.368039684120770483e-01
5.380000000000000000e+02 3.409862990221939061e-01
5.390000000000000000e+02 3.442122315158090418e-01
5.400000000000000000e+02 3.464073254028898208e-01
5.410000000000000000e+02 3.512912771018550928e-01
5.420000000000000000e+02 3.513205981420086110e-01
5.430000000000000000e+02 3.540389369498094241e-01
5.440000000000000000e+02 3.556857510133647482e-01
5.450000000000000000e+02 3.600337629976667619e-01
5.460000000000000000e+02 3.595775059982732613e-01
5.470000000000000000e+02 3.655836851849509905e-01
5.480000000000000000e+02 3.668096555179485851e-01
5.490000000000000000e+02 3.707632754187601409e-01
5.500000000000000000e+02 3.737006793921221481e-01
5.510000000000000000e+02 3.756348165495628222e-01
5.520000000000000000e+02 3.803218003870268982e-01
5.530000000000000000e+02 3.802746804668861724e-01
5.540000000000000000e+02 3.829963271868458974e-01
5.550000000000000000e+02 3.884949778684929633e-01
5.560000000000000000e+02 3.930320730242997107e-01
5.570000000000000000e+02 3.966194403640495025e-01
5.580000000000000000e+02 3.992609694853990754e-01
5.590000000000000000e+02 4.047196842668348005e-01
5.600000000000000000e+02 4.055036647744456602e-01
5.610000000000000000e+02 4.128861177184307563e-01
5.620000000000000000e+02 4.119423204896177082e-01
5.630000000000000000e+02 4.140189732358073305e-01
5.640000000000000000e+02 4.154596611146639251e-01
5.650000000000000000e+02 4.201216711754899857e-01
5.660000000000000000e+02 4.205716785523331280e-01
5.670000000000000000e+02 4.206636517199653369e-01
5.680000000000000000e+02 4.242714723998843307e-01
5.690000000000000000e+02 4.277168118579626754e-01
5.700000000000000000e+02 4.273108576191588792e-01
5.710000000000000000e+02 4.307172621469735896e-01
5.720000000000000000e+02 4.342494787657984467e-01
5.730000000000000000e+02 4.342033427692770231e-01
5.740000000000000000e+02 4.344594998274698971e-01
5.750000000000000000e+02 4.351221041891539243e-01
5.760000000000000000e+02 4.362885734820838302e-01
5.770000000000000000e+02 4.380572250941105472e-01
5.780000000000000000e+02 4.366853123346128851e-01
5.790000000000000000e+02 4.361035579901291759e-01
5.800000000000000000e+02 4.364087180615197070e-01
5.810000000000000000e+02 4.415763886984559461e-01
5.820000000000000000e+02 4.401613240994070586e-01
5.830000000000000000e+02 4.400216602411099465e-01
5.840000000000000000e+02 4.413210674448295734e-01
5.850000000000000000e+02 4.403112805516930517e-01
5.860000000000000000e+02 4.410313017868617291e-01
5.870000000000000000e+02 4.397242248147709698e-01
5.880000000000000000e+02 4.404514115263176710e-01
5.890000000000000000e+02 4.394389029288113813e-01
5.900000000000000000e+02 4.407641112102361758e-01
5.910000000000000000e+02 4.406431456018910509e-01
5.920000000000000000e+02 4.392060800375637841e-01
5.930000000000000000e+02 4.405804146416674172e-01
5.940000000000000000e+02 4.449385097329515149e-01
5.950000000000000000e+02 4.484509860750456323e-01
5.960000000000000000e+02 4.512586747262252174e-01
5.970000000000000000e+02 4.494779890600913430e-01
5.980000000000000000e+02 4.432138614127396070e-01
5.990000000000000000e+02 4.447564221943035578e-01
6.000000000000000000e+02 4.461894482493784508e-01
6.010000000000000000e+02 4.476666578780736927e-01
6.020000000000000000e+02 4.493806019526925821e-01
6.030000000000000000e+02 4.556303528663444014e-01
6.040000000000000000e+02 4.542654494265409015e-01
6.050000000000000000e+02 4.578350922280242097e-01
6.060000000000000000e+02 4.582622845945929502e-01
6.070000000000000000e+02 4.682315140253890950e-01
6.080000000000000000e+02 4.712755935122134310e-01
6.090000000000000000e+02 4.717212127800899379e-01
6.100000000000000000e+02 4.739554653574323817e-01
6.110000000000000000e+02 4.781930407651173720e-01
6.120000000000000000e+02 4.803964680562994860e-01
6.130000000000000000e+02 4.850143282695728031e-01
6.140000000000000000e+02 4.879824687970314989e-01
6.150000000000000000e+02 4.894786000059310749e-01
6.160000000000000000e+02 4.940107476498642458e-01
6.170000000000000000e+02 4.931328368060455825e-01
6.180000000000000000e+02 4.956910594086246236e-01
6.190000000000000000e+02 4.975603347864405723e-01
6.200000000000000000e+02 4.989333678990980903e-01
6.210000000000000000e+02 5.000016103893134556e-01
6.220000000000000000e+02 5.053899116151230331e-01
6.230000000000000000e+02 5.019964773098088973e-01
6.240000000000000000e+02 5.033086123090457775e-01
6.250000000000000000e+02 5.095861406924327985e-01
6.260000000000000000e+02 5.075659205507431215e-01
6.270000000000000000e+02 5.063928317920778355e-01
6.280000000000000000e+02 5.062719477971894255e-01
6.290000000000000000e+02 5.028592427470403026e-01
6.300000000000000000e+02 5.054661298298404049e-01
6.310000000000000000e+02 5.097792796481078748e-01
6.320000000000000000e+02 5.067742746863883596e-01
6.330000000000000000e+02 5.058392978183787747e-01
6.340000000000000000e+02 5.025462245772805980e-01
6.350000000000000000e+02 5.017527736598182964e-01
6.360000000000000000e+02 5.036868736737414309e-01
6.370000000000000000e+02 4.991551815062523767e-01
6.380000000000000000e+02 4.977622298656610988e-01
6.390000000000000000e+02 4.949947141681887985e-01
6.400000000000000000e+02 4.910448865334741120e-01
6.410000000000000000e+02 4.908943246002339111e-01
6.420000000000000000e+02 4.899522874671908834e-01
6.430000000000000000e+02 4.883823667192527807e-01
6.440000000000000000e+02 4.814874840775437148e-01
6.450000000000000000e+02 4.840031970263250494e-01
6.460000000000000000e+02 4.815302507086574590e-01
6.470000000000000000e+02 4.741855194974399224e-01
6.480000000000000000e+02 4.768816089570768746e-01
6.490000000000000000e+02 4.750537977698757186e-01
6.500000000000000000e+02 4.737966004579720058e-01
6.510000000000000000e+02 4.732954630465470158e-01
6.520000000000000000e+02 4.737334153758441802e-01
6.530000000000000000e+02 4.652474695408229666e-01
6.540000000000000000e+02 4.680909190886044513e-01
6.550000000000000000e+02 4.673817759819201001e-01
6.560000000000000000e+02 4.683370991171874609e-01
6.570000000000000000e+02 4.660611842505610891e-01
6.580000000000000000e+02 4.709300824389754947e-01
6.590000000000000000e+02 4.677992913319590773e-01
6.600000000000000000e+02 4.619153855255636043e-01
6.610000000000000000e+02 4.637589568676273588e-01
6.620000000000000000e+02 4.631483167457549066e-01
6.630000000000000000e+02 4.653642950003136214e-01
6.640000000000000000e+02 4.653150125317234154e-01
6.650000000000000000e+02 4.683048303704806514e-01
6.660000000000000000e+02 4.692284730118188585e-01
6.670000000000000000e+02 4.681674707689579829e-01
6.680000000000000000e+02 4.757384056843523834e-01
6.690000000000000000e+02 4.709825104165985543e-01
6.700000000000000000e+02 4.750947822193543613e-01
6.710000000000000000e+02 4.723145323321666922e-01
6.720000000000000000e+02 4.786571100208880103e-01
6.730000000000000000e+02 4.729574555893700238e-01
6.740000000000000000e+02 4.766165213840790615e-01
6.750000000000000000e+02 4.737272760528912219e-01
6.760000000000000000e+02 4.804565705921599039e-01
6.770000000000000000e+02 4.808309864054541860e-01
6.780000000000000000e+02 4.803026570886679281e-01
6.790000000000000000e+02 4.789796443498096634e-01
6.800000000000000000e+02 4.769497352392942369e-01
6.810000000000000000e+02 4.743071195427563391e-01
6.820000000000000000e+02 4.764966165911076468e-01
6.830000000000000000e+02 4.727112074619248538e-01
6.840000000000000000e+02 4.737953718847845441e-01
6.850000000000000000e+02 4.797932425143169310e-01
6.860000000000000000e+02 4.798462296839561270e-01
6.870000000000000000e+02 4.739530188450472026e-01
6.880000000000000000e+02 4.784711957460688336e-01
6.890000000000000000e+02 4.770737367363441228e-01
6.900000000000000000e+02 4.806860400437213965e-01
6.910000000000000000e+02 4.784007319300646599e-01
6.920000000000000000e+02 4.756968777829304051e-01
6.930000000000000000e+02 4.725912076761174530e-01
6.940000000000000000e+02 4.800345859761038780e-01
6.950000000000000000e+02 4.761769905775946610e-01
6.960000000000000000e+02 4.719627616663324976e-01
6.970000000000000000e+02 4.674205161843736356e-01
6.980000000000000000e+02 4.680216020730644799e-01
6.990000000000000000e+02 4.683210744920422441e-01
7.000000000000000000e+02 4.683409233661953719e-01
7.010000000000000000e+02 4.626144989572454902e-01
7.020000000000000000e+02 4.619989581660189915e-01
7.030000000000000000e+02 4.609544187878021337e-01
7.040000000000000000e+02 4.593955651525589712e-01
7.050000000000000000e+02 4.626805194601925075e-01
7.060000000000000000e+02 4.598551559725659876e-01
7.070000000000000000e+02 4.616984492335115542e-01
7.080000000000000000e+02 4.572821479123241328e-01
7.090000000000000000e+02 4.573659439330388099e-01
7.100000000000000000e+02 4.564483457123590382e-01
7.110000000000000000e+02 4.544589936063364033e-01
7.120000000000000000e+02 4.566964286194896694e-01
7.130000000000000000e+02 4.523150573787143580e-01
7.140000000000000000e+02 4.519945058169501095e-01
7.150000000000000000e+02 4.556320355340318096e-01
7.160000000000000000e+02 4.524437234151915121e-01
7.170000000000000000e+02 4.530444692824631692e-01
7.180000000000000000e+02 4.520164623588182051e-01
7.190000000000000000e+02 4.545931677186728082e-01
7.200000000000000000e+02 4.553810290921935233e-01
7.210000000000000000e+02 4.542928096049706488e-01
7.220000000000000000e+02 4.564685623270855475e-01
7.230000000000000000e+02 4.564827820658417523e-01
7.240000000000000000e+02 4.594353206640155451e-01
7.250000000000000000e+02 4.651455857250814119e-01
7.260000000000000000e+02 4.630245872375215455e-01
7.270000000000000000e+02 4.685629013125676701e-01
7.280000000000000000e+02 4.711900399513621607e-01
7.290000000000000000e+02 4.759352711509328704e-01
7.300000000000000000e+02 4.826398952357782712e-01
7.310000000000000000e+02 4.808646410466830279e-01
7.320000000000000000e+02 4.858799031952987790e-01
7.330000000000000000e+02 4.821903949410370482e-01
7.340000000000000000e+02 4.849611841055142536e-01
7.350000000000000000e+02 4.889231590197602451e-01
7.360000000000000000e+02 4.939178786728066206e-01
7.370000000000000000e+02 4.947559011823604580e-01
7.380000000000000000e+02 5.013559320505441841e-01
7.390000000000000000e+02 5.035227623588773849e-01
7.400000000000000000e+02 5.111078935199224738e-01
7.410000000000000000e+02 5.139920441919036964e-01
7.420000000000000000e+02 5.169769662412837530e-01
7.430000000000000000e+02 5.198800375214752689e-01
7.440000000000000000e+02 5.176161392269291728e-01
7.450000000000000000e+02 5.198275924353410460e-01
7.460000000000000000e+02 5.262746071030958150e-01
7.470000000000000000e+02 5.318853124353728479e-01
7.480000000000000000e+02 5.316559585268048060e-01
7.490000000000000000e+02 5.350955183689350969e-01
7.500000000000000000e+02 5.371825229839640725e-01
7.510000000000000000e+02 5.377618383002412683e-01
7.520000000000000000e+02 5.366668853317793086e-01
7.530000000000000000e+02 5.337434177472394348e-01
7.540000000000000000e+02 5.382602065388589763e-01
7.550000000000000000e+02 5.358653137992402948e-01
7.560000000000000000e+02 5.404986934457614023e-01
7.570000000000000000e+02 5.332705547190880191e-01
7.580000000000000000e+02 5.373358317644867377e-01
7.590000000000000000e+02 5.339131133661073614e-01
7.600000000000000000e+02 5.367198694003803006e-01
7.610000000000000000e+02 5.363394724471698405e-01
7.620000000000000000e+02 5.326284924935962284e-01
7.630000000000000000e+02 5.345370887720082287e-01
7.640000000000000000e+02 5.327496714003981948e-01
7.650000000000000000e+02 5.316492707533202466e-01
7.660000000000000000e+02 5.310401005523239792e-01
7.670000000000000000e+02 5.307294460893813293e-01
7.680000000000000000e+02 5.305409160949223768e-01
7.690000000000000000e+02 5.302920547805144436e-01
7.700000000000000000e+02 5.342201499533989484e-01
7.710000000000000000e+02 5.332886698365435496e-01
7.720000000000000000e+02 5.361580151944774775e-01
7.730000000000000000e+02 5.382359008065585870e-01
7.740000000000000000e+02 5.393452740973420090e-01
7.750000000000000000e+02 5.393333043042660702e-01
7.760000000000000000e+02 5.423485918310539944e-01
7.770000000000000000e+02 5.481859406282431069e-01
7.780000000000000000e+02 5.437735195899277008e-01
7.790000000000000000e+02 5.504187158514539657e-01
7.800000000000000000e+02 5.507978733707646901e-01
7.810000000000000000e+02 5.532858180179434093e-01
7.820000000000000000e+02 5.577128552920911364e-01
7.830000000000000000e+02 5.596876470703628925e-01
7.840000000000000000e+02 5.632788902036079959e-01
7.850000000000000000e+02 5.683202462148053691e-01
7.860000000000000000e+02 5.704713974208719396e-01
7.870000000000000000e+02 5.737634126653565758e-01
7.880000000000000000e+02 5.780410002860036922e-01
7.890000000000000000e+02 5.831347382649187949e-01
7.900000000000000000e+02 5.847765590510856093e-01
7.910000000000000000e+02 5.869494765541666270e-01
7.920000000000000000e+02 5.894983076263442534e-01
7.930000000000000000e+02 5.922739779119883252e-01
7.940000000000000000e+02 5.991834103083684138e-01
7.950000000000000000e+02 6.059948249670108478e-01
7.960000000000000000e+02 6.044814275546526172e-01
7.970000000000000000e+02 6.106816319561025885e-01
7.980000000000000000e+02 6.163440786307218255e-01
7.990000000000000000e+02 6.173312036036644468e-01
8.000000000000000000e+02 6.175201118660907929e-01
8.010000000000000000e+02 6.207687819957697917e-01
8.020000000000000000e+02 6.269426765480223818e-01
8.030000000000000000e+02 6.240371542346536682e-01
8.040000000000000000e+02 6.278213175372560073e-01
8.050000000000000000e+02 6.263222148733215144e-01
8.060000000000000000e+02 6.273493354104953124e-01
8.070000000000000000e+02 6.307795532606554900e-01
8.080000000000000000e+02 6.325850590552155595e-01
8.090000000000000000e+02 6.326762536741896703e-01
8.100000000000000000e+02 6.348650686165038248e-01
8.110000000000000000e+02 6.390418285247797536e-01
8.120000000000000000e+02 6.373277601117391944e-01
8.130000000000000000e+02 6.412875042046689567e-01
8.140000000000000000e+02 6.391888674750658694e-01
8.150000000000000000e+02 6.386889803002991917e-01
8.160000000000000000e+02 6.435284908958689432e-01
8.170000000000000000e+02 6.458959112388035217e-01
8.180000000000000000e+02 6.418649192476085785e-01
8.190000000000000000e+02 6.428728955720237614e-01
8.200000000000000000e+02 6.449654730535554492e-01
8.210000000000000000e+02 6.480546795060490028e-01
8.220000000000000000e+02 6.482507880506802600e-01
8.230000000000000000e+02 6.493216559427650303e-01
8.240000000000000000e+02 6.512073999255258983e-01
8.250000000000000000e+02 6.500447373415479957e-01
8.260000000000000000e+02 6.533833633328852697e-01
8.270000000000000000e+02 6.573568259127612334e-01
8.280000000000000000e+02 6.581148624759766141e-01
8.290000000000000000e+02 6.593995250067969938e-01
8.300000000000000000e+02 6.611495581891880802e-01
8.310000000000000000e+02 6.633116270579810791e-01
8.320000000000000000e+02 6.658214683965572034e-01
8.330000000000000000e+02 6.648508636779989489e-01
8.340000000000000000e+02 6.716740432287358065e-01
8.350000000000000000e+02 6.711250250578341126e-01
8.360000000000000000e+02 6.744729469861904247e-01
8.370000000000000000e+02 6.778922535510839564e-01
8.380000000000000000e+02 6.813237047088667175e-01
8.390000000000000000e+02 6.847081273114408173e-01
8.400000000000000000e+02 6.879901163311663570e-01
8.410000000000000000e+02 6.911254822180662449e-01
8.420000000000000000e+02 6.941149340355370345e-01
8.430000000000000000e+02 6.969666081945833369e-01
8.440000000000000000e+02 7.034671457763704838e-01
8.450000000000000000e+02 7.060800278408225772e-01
8.460000000000000000e+02 7.048092320802951116e-01
8.470000000000000000e+02 7.034403984410949606e-01
8.480000000000000000e+02 7.057662436365428338e-01
8.490000000000000000e+02 7.117975622695253968e-01
8.500000000000000000e+02 7.102002402997233954e-01
8.510000000000000000e+02 7.123316913880776147e-01
8.520000000000000000e+02 7.144191450187851178e-01
8.530000000000000000e+02 7.164705052728453927e-01
8.540000000000000000e+02 7.223026495581295059e-01
8.550000000000000000e+02 7.281307135556132071e-01
8.560000000000000000e+02 7.263429854172717137e-01
8.570000000000000000e+02 7.321873908016846011e-01
8.580000000000000000e+02 7.342411166543953982e-01
8.590000000000000000e+02 7.401485439133824729e-01
8.600000000000000000e+02 7.384439029666765020e-01
8.610000000000000000e+02 7.444625853024045004e-01
8.620000000000000000e+02 7.467597284648466172e-01
8.630000000000000000e+02 7.492216812655232427e-01
8.640000000000000000e+02 7.519111449500081035e-01
8.650000000000000000e+02 7.626110380643735809e-01
8.660000000000000000e+02 7.581916129942984917e-01
8.670000000000000000e+02 7.619069798131389293e-01
8.680000000000000000e+02 7.621975115050367844e-01
8.690000000000000000e+02 7.629936408555147986e-01
8.700000000000000000e+02 7.682644750035180214e-01
8.710000000000000000e+02 7.663465373443587580e-01
8.720000000000000000e+02 7.690331221682947804e-01
8.730000000000000000e+02 7.724733834795536325e-01
8.740000000000000000e+02 7.727898167039619626e-01
8.750000000000000000e+02 7.779274834772553771e-01
8.760000000000000000e+02 7.800490556009092025e-01
8.770000000000000000e+02 7.752093468773786356e-01
8.780000000000000000e+02 7.793683031611560175e-01
8.790000000000000000e+02 7.806597229408713812e-01
8.800000000000000000e+02 7.791136580714428383e-01
8.810000000000000000e+02 7.828322756923131731e-01
8.820000000000000000e+02 7.798381397856550823e-01
8.830000000000000000e+02 7.782836431323726378e-01
8.840000000000000000e+02 7.823647234576434073e-01
8.850000000000000000e+02 7.840833825261815937e-01
8.860000000000000000e+02 7.794315495265680127e-01
8.870000000000000000e+02 7.848956826748529902e-01
8.880000000000000000e+02 7.800599207866676377e-01
8.890000000000000000e+02 7.856396805070646749e-01
8.900000000000000000e+02 7.852332624264209970e-01
8.910000000000000000e+02 7.830543252550430378e-01
8.920000000000000000e+02 7.791937738283895021e-01
8.930000000000000000e+02 7.821665520982078457e-01
8.940000000000000000e+02 7.794894850479451298e-01
8.950000000000000000e+02 7.839439530524059396e-01
8.960000000000000000e+02 7.829378541719355100e-01
8.970000000000000000e+02 7.850913275139836944e-01
8.980000000000000000e+02 7.862521778811124573e-01
8.990000000000000000e+02 7.865272908336379265e-01
9.000000000000000000e+02 7.903654589014078580e-01
9.010000000000000000e+02 7.892123966390844902e-01
9.020000000000000000e+02 7.918991792637047888e-01
9.030000000000000000e+02 7.986208481378973545e-01
9.040000000000000000e+02 7.963103394000361490e-01
9.050000000000000000e+02 7.983170301557237503e-01
9.060000000000000000e+02 8.048430792131959777e-01
9.070000000000000000e+02 8.071232053849412003e-01
9.080000000000000000e+02 8.052402639271245555e-01
9.090000000000000000e+02 8.038153481694987335e-01
9.100000000000000000e+02 8.121144974151955909e-01
9.110000000000000000e+02 8.121088841632752020e-01
9.120000000000000000e+02 8.176389120206749572e-01
9.130000000000000000e+02 8.335793291724745702e-01
9.140000000000000000e+02 8.322889433153926042e-01
9.150000000000000000e+02 8.370690361251512668e-01
9.160000000000000000e+02 8.387427007017183023e-01
9.170000000000000000e+02 8.421493799030232985e-01
9.180000000000000000e+02 8.474802629821701627e-01
9.190000000000000000e+02 8.501193099406272324e-01
9.200000000000000000e+02 8.501721294872347512e-01
9.210000000000000000e+02 8.526160372993492054e-01
9.220000000000000000e+02 8.576494719791790677e-01
9.230000000000000000e+02 8.605810701258251871e-01
9.240000000000000000e+02 8.615388905956706811e-01
9.250000000000000000e+02 8.606539146682110619e-01
9.260000000000000000e+02 8.680839541532694437e-01
9.270000000000000000e+02 8.639973460271800354e-01
9.280000000000000000e+02 8.635620447298560931e-01
9.290000000000000000e+02 8.670256494322390317e-01
9.300000000000000000e+02 8.695005380313231003e-01
9.310000000000000000e+02 8.711467613736997295e-01
9.320000000000000000e+02 8.721233736621385457e-01
9.330000000000000000e+02 8.673595210952009804e-01
9.340000000000000000e+02 8.674715978317503184e-01
9.350000000000000000e+02 8.674220049790841713e-01
9.360000000000000000e+02 8.673982367195397503e-01
9.370000000000000000e+02 8.675822460767236288e-01
9.380000000000000000e+02 8.681663678331416056e-01
9.390000000000000000e+02 8.638856128809567769e-01
9.400000000000000000e+02 8.658140210798588310e-01
9.410000000000000000e+02 8.632067197203879827e-01
9.420000000000000000e+02 8.617173091094828541e-01
9.430000000000000000e+02 8.559299613873583290e-01
9.440000000000000000e+02 8.515787925019928650e-01
9.450000000000000000e+02 8.545679335198977933e-01
9.460000000000000000e+02 8.480319790610045816e-01
9.470000000000000000e+02 8.492718946837889415e-01
9.480000000000000000e+02 8.528135413442784474e-01
9.490000000000000000e+02 8.471870837935571164e-01
9.500000000000000000e+02 8.500656593160880181e-01
9.510000000000000000e+02 8.499358220461064040e-01
9.520000000000000000e+02 8.469210717419057843e-01
9.530000000000000000e+02 8.471754384271559246e-01
9.540000000000000000e+02 8.448876050640324875e-01
9.550000000000000000e+02 8.463049775926190232e-01
9.560000000000000000e+02 8.517058631442747663e-01
9.570000000000000000e+02 8.489563481301843906e-01
9.580000000000000000e+02 8.568310676135728610e-01
9.590000000000000000e+02 8.505451864307931320e-01
9.600000000000000000e+02 8.553993119147482727e-01
9.610000000000000000e+02 8.590212850708669468e-01
9.620000000000000000e+02 8.550949855515429521e-01
9.630000000000000000e+02 8.565840439055428801e-01
9.640000000000000000e+02 8.572088588501093342e-01
9.650000000000000000e+02 8.636864810953395200e-01
9.660000000000000000e+02 8.630151498395842724e-01
9.670000000000000000e+02 8.685626878370038551e-01
9.680000000000000000e+02 8.738805000756012520e-01
9.690000000000000000e+02 8.723127819777604097e-01
9.700000000000000000e+02 8.707027637781694640e-01
9.710000000000000000e+02 8.760918757264714030e-01
9.720000000000000000e+02 8.818509163621068847e-01
9.730000000000000000e+02 8.881393412613923788e-01
9.740000000000000000e+02 8.880693863823874157e-01
9.750000000000000000e+02 8.887723236207533128e-01
9.760000000000000000e+02 8.832519499560076426e-01
9.770000000000000000e+02 8.859501604708852618e-01
9.780000000000000000e+02 8.899528241106372528e-01
9.790000000000000000e+02 8.881288356462193612e-01
9.800000000000000000e+02 8.878900447677827712e-01
9.810000000000000000e+02 8.894174786623367801e-01
9.820000000000000000e+02 8.928520144389553437e-01
9.830000000000000000e+02 8.908257685655711633e-01
9.840000000000000000e+02 8.908852744111482869e-01
9.850000000000000000e+02 8.931723902833375028e-01
9.860000000000000000e+02 8.978467979169423296e-01
9.870000000000000000e+02 8.973281033391410366e-01
9.880000000000000000e+02 8.993899145407870943e-01
9.890000000000000000e+02 8.963532486780910746e-01
9.900000000000000000e+02 8.882335865480875947e-01
9.910000000000000000e+02 8.908881049962119603e-01
9.920000000000000000e+02 8.886671699753492248e-01
9.930000000000000000e+02 8.896248121507444040e-01
9.940000000000000000e+02 8.939261211324212031e-01
9.950000000000000000e+02 8.854697497022765429e-01
9.960000000000000000e+02 8.805005105263604692e-01
9.970000000000000000e+02 8.791910412038566047e-01
9.980000000000000000e+02 8.734364156867853168e-01
9.990000000000000000e+02 8.715937779040630051e-01
1.000000000000000000e+03 8.738497023409351749e-01
1.001000000000000000e+03 8.719427582855820980e-01
1.002000000000000000e+03 8.742986820627688394e-01
1.003000000000000000e+03 8.639606168070899095e-01
1.004000000000000000e+03 8.664061986801580018e-01
1.005000000000000000e+03 8.474290244613077450e-01
1.006000000000000000e+03 8.413040238333882037e-01
1.007000000000000000e+03 8.395538049591545482e-01
1.008000000000000000e+03 8.597314697527398408e-01
1.009000000000000000e+03 8.582416934624668148e-01
1.010000000000000000e+03 8.524202575665572601e-01
1.011000000000000000e+03 8.510843592319550233e-01
1.012000000000000000e+03 8.543152649253960007e-01
1.013000000000000000e+03 8.442688595883056646e-01
1.014000000000000000e+03 8.477503861662384343e-01
1.015000000000000000e+03 8.468761531728492553e-01
1.016000000000000000e+03 8.506797826725118750e-01
1.017000000000000000e+03 8.410137578089923460e-01
1.018000000000000000e+03 8.451268092020236544e-01
1.019000000000000000e+03 8.448626309969654580e-01
1.020000000000000000e+03 8.401634499970049852e-01
1.021000000000000000e+03 8.402045850352347633e-01
1.022000000000000000e+03 8.449800583298550105e-01
1.023000000000000000e+03 8.451342766655779437e-01
1.024000000000000000e+03 8.405489749004032562e-01
1.025000000000000000e+03 8.497815779286648219e-01
1.026000000000000000e+03 8.259877523562497714e-01
1.027000000000000000e+03 8.346037147603775352e-01
1.028000000000000000e+03 8.381092165636023772e-01
1.029000000000000000e+03 8.458041768846596975e-01
1.030000000000000000e+03 8.481758988946800359e-01
1.031000000000000000e+03 8.735477111615912449e-01
1.032000000000000000e+03 8.744338533101353450e-01
1.033000000000000000e+03 8.791760003062245588e-01
1.034000000000000000e+03 8.781611181996409332e-01
1.035000000000000000e+03 8.808089578144807641e-01
1.036000000000000000e+03 8.870603316413188111e-01
1.037000000000000000e+03 8.968243391420995803e-01
1.038000000000000000e+03 8.908409304711703003e-01
1.039000000000000000e+03 8.881748578046385623e-01
1.040000000000000000e+03 9.079576321682949480e-01
1.041000000000000000e+03 9.020405944723213221e-01
1.042000000000000000e+03 9.087265688320451673e-01
1.043000000000000000e+03 9.085836169436151133e-01
1.044000000000000000e+03 9.110841293036122668e-01
1.045000000000000000e+03 9.160493441544931281e-01
1.046000000000000000e+03 9.136654866174663825e-01
1.047000000000000000e+03 9.134000474651385870e-01
1.048000000000000000e+03 9.247250670763783598e-01
1.049000000000000000e+03 9.185475445859467847e-01
1.050000000000000000e+03 9.236140150575314900e-01
1.051000000000000000e+03 9.204797715215913279e-01
1.052000000000000000e+03 9.186050241115359949e-01
1.053000000000000000e+03 9.274526544020974539e-01
1.054000000000000000e+03 9.275905645818952605e-01
1.055000000000000000e+03 9.284676045605013694e-01
1.056000000000000000e+03 9.299200188690466273e-01
1.057000000000000000e+03 9.317747469087941381e-01
1.058000000000000000e+03 9.146918527419259926e-01
1.059000000000000000e+03 9.072841761223708890e-01
1.060000000000000000e+03 8.997795244757358368e-01
1.061000000000000000e+03 9.015666144824732164e-01
1.062000000000000000e+03 8.933327791393377293e-01
1.063000000000000000e+03 9.034528735999852733e-01
1.064000000000000000e+03 8.936298522945272937e-01
1.065000000000000000e+03 8.921979002655094915e-01
1.066000000000000000e+03 8.989173692048062492e-01
1.067000000000000000e+03 8.946139696343360370e-01
1.068000000000000000e+03 8.885689784805835822e-01
1.069000000000000000e+03 8.900127693431729714e-01
1.070000000000000000e+03 8.798952765558905043e-01
1.071000000000000000e+03 8.862022287104367457e-01
1.072000000000000000e+03 8.899140918078448648e-01
1.073000000000000000e+03 8.814920639394652202e-01
1.074000000000000000e+03 8.887607631230112215e-01
1.075000000000000000e+03 8.835207659706575400e-01
1.076000000000000000e+03 8.934692363876648447e-01
1.077000000000000000e+03 8.812995558838919719e-01
1.078000000000000000e+03 8.930779314728392038e-01
1.079000000000000000e+03 9.008313073917301184e-01
1.080000000000000000e+03 8.951993102562681992e-01
1.081000000000000000e+03 9.035314677254638882e-01
1.082000000000000000e+03 9.163662425225562735e-01
1.083000000000000000e+03 9.152533830149172100e-01
1.084000000000000000e+03 9.182279160193860257e-01
1.085000000000000000e+03 9.250314342049394956e-01
1.086000000000000000e+03 9.263771657582252628e-01
1.087000000000000000e+03 9.311019127772688364e-01
1.088000000000000000e+03 9.389541238106843268e-01
1.089000000000000000e+03 9.496757275727071290e-01
1.090000000000000000e+03 9.541202756020441544e-01
1.091000000000000000e+03 9.609957567668111489e-01
1.092000000000000000e+03 9.612134432121218763e-01
1.093000000000000000e+03 9.634431806812150390e-01
1.094000000000000000e+03 9.850821107379093000e-01
1.095000000000000000e+03 9.818088558812658739e-01
1.096000000000000000e+03 9.886679634000519190e-01
1.097000000000000000e+03 9.966188982922077333e-01
1.098000000000000000e+03 9.967287124898779327e-01
1.099000000000000000e+03 1.006232622591706871e+00
1.100000000000000000e+03 1.007504197248918043e+00
1.101000000000000000e+03 1.009050108008958446e+00
1.102000000000000000e+03 1.002076495642149956e+00
1.103000000000000000e+03 1.012224848685261858e+00
1.104000000000000000e+03 1.004944364248428146e+00
1.105000000000000000e+03 1.014340768045820740e+00
1.106000000000000000e+03 1.014564574625385518e+00
1.107000000000000000e+03 1.014014974141983050e+00
1.108000000000000000e+03 1.012514574637012998e+00
1.109000000000000000e+03 1.018334368361326847e+00
1.110000000000000000e+03 1.014417297192625744e+00
1.111000000000000000e+03 1.025834369483110686e+00
1.112000000000000000e+03 1.010490397190084488e+00
1.113000000000000000e+03 1.018438993683849159e+00
1.114000000000000000e+03 1.024377329287413652e+00
1.115000000000000000e+03 1.019876601463574062e+00
1.116000000000000000e+03 1.021368206793581868e+00
1.117000000000000000e+03 1.020411612934392975e+00
1.118000000000000000e+03 1.025054765176912852e+00
1.119000000000000000e+03 1.018702683051833313e+00
1.120000000000000000e+03 1.017617113266916062e+00
1.121000000000000000e+03 1.021604271022242827e+00
1.122000000000000000e+03 1.014207501867723460e+00
1.123000000000000000e+03 1.019737093218984425e+00
1.124000000000000000e+03 1.021759738646237370e+00
1.125000000000000000e+03 1.020172777427630129e+00
1.126000000000000000e+03 1.022929714829263093e+00
1.127000000000000000e+03 1.021819772818444605e+00
1.128000000000000000e+03 1.024769737486430854e+00
1.129000000000000000e+03 1.023607824069392658e+00
1.130000000000000000e+03 1.034220769384811334e+00
1.131000000000000000e+03 1.032462660434369406e+00
1.132000000000000000e+03 1.034213169852979952e+00
1.133000000000000000e+03 1.039317565354305417e+00
1.134000000000000000e+03 1.039685940562274924e+00
1.135000000000000000e+03 1.043142831160202011e+00
1.136000000000000000e+03 1.041630457246760733e+00
1.137000000000000000e+03 1.042937097360957077e+00
1.138000000000000000e+03 1.046923393045808615e+00
1.139000000000000000e+03 1.045584267269676237e+00
1.140000000000000000e+03 1.054508301565195039e+00
1.141000000000000000e+03 1.057861328220649932e+00
1.142000000000000000e+03 1.055592174105235648e+00
1.143000000000000000e+03 1.055483694154641938e+00
1.144000000000000000e+03 1.065259012259762716e+00
1.145000000000000000e+03 1.069242258339007323e+00
1.146000000000000000e+03 1.067387404718127542e+00
1.147000000000000000e+03 1.075199948264040195e+00
1.148000000000000000e+03 1.077057408537235750e+00
1.149000000000000000e+03 1.080682299755458375e+00
1.150000000000000000e+03 1.085993045181531613e+00
1.151000000000000000e+03 1.085198636217405754e+00
1.152000000000000000e+03 1.093708065565256016e+00
1.153000000000000000e+03 1.088260971811113142e+00
1.154000000000000000e+03 1.092003588117705926e+00
1.155000000000000000e+03 1.097122764353953173e+00
1.156000000000000000e+03 1.103563302704462012e+00
1.157000000000000000e+03 1.103547206868941144e+00
1.158000000000000000e+03 1.104743836555032832e+00
1.159000000000000000e+03 1.107067906582722028e+00
1.160000000000000000e+03 1.118179096349172452e+00
1.161000000000000000e+03 1.114912429974044050e+00
1.162000000000000000e+03 1.120356379164421767e+00
1.163000000000000000e+03 1.119111309166957113e+00
1.164000000000000000e+03 1.118865463419249640e+00
1.165000000000000000e+03 1.119610959175165066e+00
1.166000000000000000e+03 1.129041564886244187e+00
1.167000000000000000e+03 1.124061678887276594e+00
1.168000000000000000e+03 1.127760757348874820e+00
1.169000000000000000e+03 1.132423661305838936e+00
1.170000000000000000e+03 1.130358994057037325e+00
1.171000000000000000e+03 1.129255817765965286e+00
1.172000000000000000e+03 1.129099822382296114e+00
1.173000000000000000e+03 1.129892310163576274e+00
1.174000000000000000e+03 1.131634975496266238e+00
1.175000000000000000e+03 1.134314639348724452e+00
1.176000000000000000e+03 1.137926115706477059e+00
1.177000000000000000e+03 1.134746365074022156e+00
1.178000000000000000e+03 1.140215869147174432e+00
1.179000000000000000e+03 1.138863250332590615e+00
1.180000000000000000e+03 1.138424354181150511e+00
1.181000000000000000e+03 1.131137736499327140e+00
1.182000000000000000e+03 1.132571901004771675e+00
1.183000000000000000e+03 1.135028708432630928e+00
1.184000000000000000e+03 1.138566386083907034e+00
1.185000000000000000e+03 1.135440232904888713e+00
1.186000000000000000e+03 1.133498848042325147e+00
1.187000000000000000e+03 1.132801142075816614e+00
1.188000000000000000e+03 1.125567785231537998e+00
1.189000000000000000e+03 1.127524685336696475e+00
1.190000000000000000e+03 1.130914467465314877e+00
1.191000000000000000e+03 1.127912414522090234e+00
1.192000000000000000e+03 1.126440218716990183e+00
1.193000000000000000e+03 1.126560849439979251e+00
1.194000000000000000e+03 1.128338364883355593e+00
1.195000000000000000e+03 1.123904588498835899e+00
1.196000000000000000e+03 1.129183666388331453e+00
1.197000000000000000e+03 1.128350665846362011e+00
1.198000000000000000e+03 1.129413995339664023e+00
1.199000000000000000e+03 1.124430189569328942e+00
1.200000000000000000e+03 1.129481829661147740e+00
1.201000000000000000e+03 1.128596023648317903e+00
1.202000000000000000e+03 1.137966652768341413e+00
1.203000000000000000e+03 1.141593284846291523e+00
1.204000000000000000e+03 1.147633461850601222e+00
1.205000000000000000e+03 1.148084741091123018e+00
1.206000000000000000e+03 1.151156254920202127e+00
1.207000000000000000e+03 1.148786415848731535e+00
1.208000000000000000e+03 1.149230448235900592e+00
1.209000000000000000e+03 1.160855913577838905e+00
1.210000000000000000e+03 1.159092261611200048e+00
1.211000000000000000e+03 1.160482573304798537e+00
1.212000000000000000e+03 1.165163062115869508e+00
1.213000000000000000e+03 1.173264405969336233e+00
1.214000000000000000e+03 1.168193127532232589e+00
1.215000000000000000e+03 1.166717506314825847e+00
1.216000000000000000e+03 1.168964799606689198e+00
1.217000000000000000e+03 1.183517795833426867e+00
1.218000000000000000e+03 1.185192981225189124e+00
1.219000000000000000e+03 1.190972363661779276e+00
1.220000000000000000e+03 1.192467037271019770e+00
1.221000000000000000e+03 1.189740625424819731e+00
1.222000000000000000e+03 1.191463121252646085e+00
1.223000000000000000e+03 1.197821070186067649e+00
1.224000000000000000e+03 1.200324226505260494e+00
1.225000000000000000e+03 1.207771736464533507e+00
1.226000000000000000e+03 1.202871412153681208e+00
1.227000000000000000e+03 1.203147543236992467e+00
1.228000000000000000e+03 1.199991022181804645e+00
1.229000000000000000e+03 1.202337242140876672e+00
1.230000000000000000e+03 1.219251374863670412e+00
1.231000000000000000e+03 1.224314110958667712e+00
1.232000000000000000e+03 1.226467118535222278e+00
1.233000000000000000e+03 1.216818971260038573e+00
1.234000000000000000e+03 1.222421057144857492e+00
1.235000000000000000e+03 1.207351870183716258e+00
1.236000000000000000e+03 1.198791037446390151e+00
1.237000000000000000e+03 1.196960137244937439e+00
1.238000000000000000e+03 1.192906837792624186e+00
1.239000000000000000e+03 1.186728378966712016e+00
1.240000000000000000e+03 1.187804737385058651e+00
1.241000000000000000e+03 1.187068584166623975e+00
1.242000000000000000e+03 1.184651811828395962e+00
1.243000000000000000e+03 1.180688619221544666e+00
1.244000000000000000e+03 1.175334285461121953e+00
1.245000000000000000e+03 1.168718817411388722e+00
1.246000000000000000e+03 1.170540618697972990e+00
1.247000000000000000e+03 1.171489699868781154e+00
1.248000000000000000e+03 1.171724673785792037e+00
1.249000000000000000e+03 1.171407219674515110e+00
1.250000000000000000e+03 1.160967189000595701e+00
1.251000000000000000e+03 1.169739018523243468e+00
1.252000000000000000e+03 1.158905206449514447e+00
1.253000000000000000e+03 1.167822801763889862e+00
1.254000000000000000e+03 1.166201323081776708e+00
1.255000000000000000e+03 1.169005208873436175e+00
1.256000000000000000e+03 1.162462724969898220e+00
1.257000000000000000e+03 1.161701287871281796e+00
1.258000000000000000e+03 1.166987619510960084e+00
1.259000000000000000e+03 1.171468595863746076e+00
1.260000000000000000e+03 1.174285746546985587e+00
1.261000000000000000e+03 1.176610932320331093e+00
1.262000000000000000e+03 1.177541981590742637e+00
1.263000000000000000e+03 1.177187570228556135e+00
1.264000000000000000e+03 1.184012863460991438e+00
1.265000000000000000e+03 1.181470506231130813e+00
1.266000000000000000e+03 1.186425324054902752e+00
1.267000000000000000e+03 1.189585444013942395e+00
1.268000000000000000e+03 1.192124252094743042e+00
1.269000000000000000e+03 1.192021619443629055e+00
1.270000000000000000e+03 1.194758744676263085e+00
1.271000000000000000e+03 1.195104658775559825e+00
1.272000000000000000e+03 1.197510456653024136e+00
1.273000000000000000e+03 1.201051611435505206e+00
1.274000000000000000e+03 1.202588982193097511e+00
1.275000000000000000e+03 1.205543392215979503e+00
1.276000000000000000e+03 1.207855868323988835e+00
1.277000000000000000e+03 1.210774657944015731e+00
1.278000000000000000e+03 1.213327628525948887e+00
1.279000000000000000e+03 1.214523843044915230e+00
1.280000000000000000e+03 1.215618945395279260e+00
1.281000000000000000e+03 1.216750761532764846e+00
1.282000000000000000e+03 1.216900504427281593e+00
1.283000000000000000e+03 1.217324176138145697e+00
1.284000000000000000e+03 1.216994191626778354e+00
1.285000000000000000e+03 1.218343501028619213e+00
1.286000000000000000e+03 1.218018827175199492e+00
1.287000000000000000e+03 1.217291536684661946e+00
1.288000000000000000e+03 1.216282770795556356e+00
1.289000000000000000e+03 1.215112633097134021e+00
1.290000000000000000e+03 1.215095037146400214e+00
1.291000000000000000e+03 1.212784173342568605e+00
1.292000000000000000e+03 1.211881578683193350e+00
1.293000000000000000e+03 1.211326670250043369e+00
1.294000000000000000e+03 1.207615936051896766e+00
1.295000000000000000e+03 1.206923445506764558e+00
1.296000000000000000e+03 1.204527991811787935e+00
1.297000000000000000e+03 1.202993850905898388e+00
1.298000000000000000e+03 1.201228916422992787e+00
1.299000000000000000e+03 1.200602688102412330e+00
1.300000000000000000e+03 1.197525045755616580e+00
1.301000000000000000e+03 1.195836244934586068e+00
1.302000000000000000e+03 1.194365701844156469e+00
1.303000000000000000e+03 1.194430913901644020e+00
1.304000000000000000e+03 1.193572779263513794e+00
1.305000000000000000e+03 1.191835513727535156e+00
1.306000000000000000e+03 1.193091064886561137e+00
1.307000000000000000e+03 1.191024533529685181e+00
1.308000000000000000e+03 1.190796633629214396e+00
1.309000000000000000e+03 1.191192699950747391e+00
1.310000000000000000e+03 1.190979476729745468e+00
1.311000000000000000e+03 1.191506615779781342e+00
1.312000000000000000e+03 1.188923194685669094e+00
1.313000000000000000e+03 1.189799095609409108e+00
1.314000000000000000e+03 1.188971722287741839e+00
1.315000000000000000e+03 1.190433564616176332e+00
1.316000000000000000e+03 1.190298176832873533e+00
1.317000000000000000e+03 1.189933603357707037e+00
1.318000000000000000e+03 1.192052194699448897e+00
1.319000000000000000e+03 1.192733336739943750e+00
1.320000000000000000e+03 1.194696875490562249e+00
1.321000000000000000e+03 1.197995590926529630e+00
1.322000000000000000e+03 1.199943917751627787e+00
1.323000000000000000e+03 1.201854489205941734e+00
1.324000000000000000e+03 1.205059095549948056e+00
1.325000000000000000e+03 1.208187845018888096e+00
1.326000000000000000e+03 1.211219178570396293e+00
1.327000000000000000e+03 1.215489390581114382e+00
1.328000000000000000e+03 1.218255457639231931e+00
1.329000000000000000e+03 1.222220790587605244e+00
1.330000000000000000e+03 1.225996890487605073e+00
1.331000000000000000e+03 1.228191063890949231e+00
1.332000000000000000e+03 1.232891330885856007e+00
1.333000000000000000e+03 1.237336718254962165e+00
1.334000000000000000e+03 1.240124477665534908e+00
1.335000000000000000e+03 1.245362830834660262e+00
1.336000000000000000e+03 1.248894933869937773e+00
1.337000000000000000e+03 1.252070865467184158e+00
1.338000000000000000e+03 1.256255033954767786e+00
1.339000000000000000e+03 1.258653186898119669e+00
1.340000000000000000e+03 1.262010251862899279e+00
1.341000000000000000e+03 1.266302142769789363e+00
1.342000000000000000e+03 1.270070307858492287e+00
1.343000000000000000e+03 1.273240900615711269e+00
1.344000000000000000e+03 1.275737432387866299e+00
1.345000000000000000e+03 1.278878949385012564e+00
1.346000000000000000e+03 1.281196684329050095e+00
1.347000000000000000e+03 1.282615847164917611e+00
1.348000000000000000e+03 1.285851808980402744e+00
1.349000000000000000e+03 1.285248779975470601e+00
1.350000000000000000e+03 1.286314291894725459e+00
1.351000000000000000e+03 1.286183455358832717e+00
1.352000000000000000e+03 1.286179159079480661e+00
1.353000000000000000e+03 1.284831178957785980e+00
1.354000000000000000e+03 1.284857009987136367e+00
1.355000000000000000e+03 1.281998949749727945e+00
1.356000000000000000e+03 1.278973686209075700e+00
1.357000000000000000e+03 1.277103078702570338e+00
1.358000000000000000e+03 1.276313053385254914e+00
1.359000000000000000e+03 1.275136979807725002e+00
1.360000000000000000e+03 1.276282699518563435e+00
1.361000000000000000e+03 1.275489647285021455e+00
1.362000000000000000e+03 1.276790729323707962e+00
1.363000000000000000e+03 1.278643318689317132e+00
1.364000000000000000e+03 1.282279674351564314e+00
1.365000000000000000e+03 1.276467581732733114e+00
1.366000000000000000e+03 1.280449822586951614e+00
1.367000000000000000e+03 1.284372297415368402e+00
1.368000000000000000e+03 1.278429303694251562e+00
1.369000000000000000e+03 1.283174083752782524e+00
1.370000000000000000e+03 1.287407281801878689e+00
1.371000000000000000e+03 1.290982463726743745e+00
1.372000000000000000e+03 1.295123138061030410e+00
1.373000000000000000e+03 1.298307926000574319e+00
1.374000000000000000e+03 1.300393764921214501e+00
1.375000000000000000e+03 1.301236225864950136e+00
1.376000000000000000e+03 1.300693623887763106e+00
1.377000000000000000e+03 1.298627053866551639e+00
1.378000000000000000e+03 1.296253731404451770e+00
1.379000000000000000e+03 1.301558433950774640e+00
1.380000000000000000e+03 1.304882393140660346e+00
1.381000000000000000e+03 1.307440936946978383e+00
1.382000000000000000e+03 1.326583972742849005e+00
1.383000000000000000e+03 1.323076817635638003e+00
1.384000000000000000e+03 1.338472122204475312e+00
1.385000000000000000e+03 1.349741660957376688e+00
1.386000000000000000e+03 1.359420363621048899e+00
1.387000000000000000e+03 1.374022443221894596e+00
1.388000000000000000e+03 1.368097596240847036e+00
1.389000000000000000e+03 1.376109830433034364e+00
1.390000000000000000e+03 1.392514161941425854e+00
1.391000000000000000e+03 1.394649085464873872e+00
1.392000000000000000e+03 1.402214496463743743e+00
1.393000000000000000e+03 1.405818821265112817e+00
1.394000000000000000e+03 1.414506268440622438e+00
1.395000000000000000e+03 1.420240783896140391e+00
1.396000000000000000e+03 1.420278737775188427e+00
1.397000000000000000e+03 1.426217617578174002e+00
1.398000000000000000e+03 1.436562427145102516e+00
1.399000000000000000e+03 1.440766773586576122e+00
1.400000000000000000e+03 1.441303712145060922e+00
1.401000000000000000e+03 1.445780148816002475e+00
1.402000000000000000e+03 1.443732359273172117e+00
1.403000000000000000e+03 1.447874422016879770e+00
1.404000000000000000e+03 1.454174707712291736e+00
1.405000000000000000e+03 1.447155012323607437e+00
1.406000000000000000e+03 1.452216286743647666e+00
1.407000000000000000e+03 1.461499560290918431e+00
1.408000000000000000e+03 1.446966893750279759e+00
1.409000000000000000e+03 1.454116686353905674e+00
1.410000000000000000e+03 1.447360543101383845e+00
1.411000000000000000e+03 1.442989161229909501e+00
1.412000000000000000e+03 1.443345344599121782e+00
1.413000000000000000e+03 1.455747974047842952e+00
1.414000000000000000e+03 1.453763778282684438e+00
1.415000000000000000e+03 1.453526567676948211e+00
1.416000000000000000e+03 1.448670033822617720e+00
1.417000000000000000e+03 1.456420545619144802e+00
1.418000000000000000e+03 1.458005337821124625e+00
1.419000000000000000e+03 1.463186008941100624e+00
1.420000000000000000e+03 1.461951507443480569e+00
1.421000000000000000e+03 1.464019237278358698e+00
1.422000000000000000e+03 1.459445719972011002e+00
1.423000000000000000e+03 1.467694788922883742e+00
1.424000000000000000e+03 1.459302731027873001e+00
1.425000000000000000e+03 1.464659632383127352e+00
1.426000000000000000e+03 1.471415286354217367e+00
1.427000000000000000e+03 1.463696891807598544e+00
1.428000000000000000e+03 1.468055058567804716e+00
1.429000000000000000e+03 1.474641966801431670e+00
1.430000000000000000e+03 1.474901047475276616e+00
1.431000000000000000e+03 1.478353022373530168e+00
1.432000000000000000e+03 1.484857150885896093e+00
1.433000000000000000e+03 1.475135403070289009e+00
1.434000000000000000e+03 1.477810167967926525e+00
1.435000000000000000e+03 1.481964263130878479e+00
1.436000000000000000e+03 1.480332741179934519e+00
1.437000000000000000e+03 1.490631401512400700e+00
1.438000000000000000e+03 1.493716330459695429e+00
1.439000000000000000e+03 1.498967988388869799e+00
1.440000000000000000e+03 1.497988688476102892e+00
1.441000000000000000e+03 1.500126279924523631e+00
1.442000000000000000e+03 1.504095850985094796e+00
1.443000000000000000e+03 1.510976301841808755e+00
1.444000000000000000e+03 1.510106399593662330e+00
1.445000000000000000e+03 1.521353260102627836e+00
1.446000000000000000e+03 1.517667131703924754e+00
1.447000000000000000e+03 1.532908572414698911e+00
1.448000000000000000e+03 1.534242498082780237e+00
1.449000000000000000e+03 1.536788016333024531e+00
1.450000000000000000e+03 1.542781582453588651e+00
1.451000000000000000e+03 1.541661437147628488e+00
1.452000000000000000e+03 1.551947689025485522e+00
1.453000000000000000e+03 1.554955645675059728e+00
1.454000000000000000e+03 1.552940170916203400e+00
1.455000000000000000e+03 1.552779165391466876e+00
1.456000000000000000e+03 1.555533829621472020e+00
1.457000000000000000e+03 1.569203772883920989e+00
1.458000000000000000e+03 1.568270731594098688e+00
1.459000000000000000e+03 1.568840067490967938e+00
1.460000000000000000e+03 1.573128163436760429e+00
1.461000000000000000e+03 1.570680748924699000e+00
1.462000000000000000e+03 1.570680893552357515e+00
1.463000000000000000e+03 1.582301314249761504e+00
1.464000000000000000e+03 1.580183804114569046e+00
1.465000000000000000e+03 1.588464300519723871e+00
1.466000000000000000e+03 1.582959610481182722e+00
1.467000000000000000e+03 1.588933914363322986e+00
1.468000000000000000e+03 1.589111521957863316e+00
1.469000000000000000e+03 1.584613620359107244e+00
1.470000000000000000e+03 1.599530522563098689e+00
1.471000000000000000e+03 1.592479736856521111e+00
1.472000000000000000e+03 1.588698484494661889e+00
1.473000000000000000e+03 1.588155596982408824e+00
1.474000000000000000e+03 1.600007609259384012e+00
1.475000000000000000e+03 1.597804853780612877e+00
1.476000000000000000e+03 1.598745996842923400e+00
1.477000000000000000e+03 1.595903178066401473e+00
1.478000000000000000e+03 1.596140795846602956e+00
1.479000000000000000e+03 1.592527507220082406e+00
1.480000000000000000e+03 1.591931318809015838e+00
1.481000000000000000e+03 1.594332821301226444e+00
1.482000000000000000e+03 1.592826174766254210e+00
1.483000000000000000e+03 1.592026983281453312e+00
1.484000000000000000e+03 1.588486700065408153e+00
1.485000000000000000e+03 1.587982850960139025e+00
1.486000000000000000e+03 1.588223141761818002e+00
1.487000000000000000e+03 1.588063807584264797e+00
1.488000000000000000e+03 1.585196156157282710e+00
1.489000000000000000e+03 1.586580264405112350e+00
1.490000000000000000e+03 1.586437082151573641e+00
1.491000000000000000e+03 1.587097359827739362e+00
1.492000000000000000e+03 1.586248091238485092e+00
1.493000000000000000e+03 1.587388409957901647e+00
1.494000000000000000e+03 1.588205287591890169e+00
1.495000000000000000e+03 1.588707876550568443e+00
1.496000000000000000e+03 1.588905262974080523e+00
1.497000000000000000e+03 1.591154396363303913e+00
1.498000000000000000e+03 1.591951062065087852e+00
1.499000000000000000e+03 1.593653299924153721e+00
1.500000000000000000e+03 1.595099418041231232e+00
1.501000000000000000e+03 1.597485031922150522e+00
1.502000000000000000e+03 1.600861192933971777e+00
1.503000000000000000e+03 1.602914265898211621e+00
1.504000000000000000e+03 1.606064286864185897e+00
1.505000000000000000e+03 1.609177774234018754e+00
1.506000000000000000e+03 1.612307867265950101e+00
1.507000000000000000e+03 1.615505809357334677e+00
1.508000000000000000e+03 1.618825672936543114e+00
1.509000000000000000e+03 1.622318516203510086e+00
1.510000000000000000e+03 1.624834550748673001e+00
1.511000000000000000e+03 1.630040763509027490e+00
1.512000000000000000e+03 1.633170062099774666e+00
1.513000000000000000e+03 1.637897377108442409e+00
1.514000000000000000e+03 1.641856210968250629e+00
1.515000000000000000e+03 1.642655708302583673e+00
1.516000000000000000e+03 1.645212688512424526e+00
1.517000000000000000e+03 1.648370175707570828e+00
1.518000000000000000e+03 1.649726677671558006e+00
1.519000000000000000e+03 1.653019250828258624e+00
1.520000000000000000e+03 1.653368573879536729e+00
1.521000000000000000e+03 1.654534627882133568e+00
1.522000000000000000e+03 1.656615983864769381e+00
1.523000000000000000e+03 1.657218275573772770e+00
1.524000000000000000e+03 1.657682015730266745e+00
1.525000000000000000e+03 1.658102393535978658e+00
1.526000000000000000e+03 1.658579596140521639e+00
1.527000000000000000e+03 1.657945780666358226e+00
1.528000000000000000e+03 1.657561827189650838e+00
1.529000000000000000e+03 1.656253404034828680e+00
1.530000000000000000e+03 1.655393047841569487e+00
1.531000000000000000e+03 1.653798588923443669e+00
1.532000000000000000e+03 1.651564284629552626e+00
1.533000000000000000e+03 1.650080002108218702e+00
1.534000000000000000e+03 1.648154659730356464e+00
1.535000000000000000e+03 1.645886797893422848e+00
1.536000000000000000e+03 1.643373874332280549e+00
1.537000000000000000e+03 1.639400813641828769e+00
1.538000000000000000e+03 1.635372584799811957e+00
1.539000000000000000e+03 1.635377082334768861e+00
1.540000000000000000e+03 1.632903404439244310e+00
1.541000000000000000e+03 1.629366490093455910e+00
1.542000000000000000e+03 1.626210971106187619e+00
1.543000000000000000e+03 1.624915029596217808e+00
1.544000000000000000e+03 1.621549194165893049e+00
1.545000000000000000e+03 1.618932632911691538e+00
1.546000000000000000e+03 1.618566489559442045e+00
1.547000000000000000e+03 1.616475343655270125e+00
1.548000000000000000e+03 1.614138460629486627e+00
1.549000000000000000e+03 1.613064477953775944e+00
1.550000000000000000e+03 1.610601657655524432e+00
1.551000000000000000e+03 1.611063768120621686e+00
1.552000000000000000e+03 1.610386604779294073e+00
1.553000000000000000e+03 1.610096840889827741e+00
1.554000000000000000e+03 1.610324969437271880e+00
1.555000000000000000e+03 1.612635384956636830e+00
1.556000000000000000e+03 1.612873341412905059e+00
1.557000000000000000e+03 1.614025376817154633e+00
1.558000000000000000e+03 1.614781001569587371e+00
1.559000000000000000e+03 1.615263398567841735e+00
1.560000000000000000e+03 1.615595432328915004e+00
1.561000000000000000e+03 1.620337381279760347e+00
1.562000000000000000e+03 1.623751532860119973e+00
1.563000000000000000e+03 1.625947114869936705e+00
1.564000000000000000e+03 1.628536685643466209e+00
1.565000000000000000e+03 1.628643275832142967e+00
1.566000000000000000e+03 1.630908630013748528e+00
1.567000000000000000e+03 1.635505649345993850e+00
1.568000000000000000e+03 1.638003664347346566e+00
1.569000000000000000e+03 1.638500620918149187e+00
1.570000000000000000e+03 1.640204428666827585e+00
1.571000000000000000e+03 1.641712819375397148e+00
1.572000000000000000e+03 1.643159876527175767e+00
1.573000000000000000e+03 1.644681239338924739e+00
1.574000000000000000e+03 1.644831718691819766e+00
1.575000000000000000e+03 1.645323461090000716e+00
1.576000000000000000e+03 1.644698929451574365e+00
1.577000000000000000e+03 1.644693598140969604e+00
1.578000000000000000e+03 1.645462546432739259e+00
1.579000000000000000e+03 1.643891782295288984e+00
1.580000000000000000e+03 1.643375608831315615e+00
1.581000000000000000e+03 1.644076530739415398e+00
1.582000000000000000e+03 1.641152494036267395e+00
1.583000000000000000e+03 1.641374544482636644e+00
1.584000000000000000e+03 1.639876772575658448e+00
1.585000000000000000e+03 1.640154871831096095e+00
1.586000000000000000e+03 1.637255757117833666e+00
1.587000000000000000e+03 1.634691528251300152e+00
1.588000000000000000e+03 1.632609688662516989e+00
1.589000000000000000e+03 1.629413702679720632e+00
1.590000000000000000e+03 1.628723922648080080e+00
1.591000000000000000e+03 1.623686337181256656e+00
1.592000000000000000e+03 1.621444356578336077e+00
1.593000000000000000e+03 1.618627263060374410e+00
1.594000000000000000e+03 1.617161296426234962e+00
1.595000000000000000e+03 1.613605816491999523e+00
1.596000000000000000e+03 1.609881098907789410e+00
1.597000000000000000e+03 1.606131814776460054e+00
1.598000000000000000e+03 1.604343532663002225e+00
1.599000000000000000e+03 1.600994419528777746e+00
1.600000000000000000e+03 1.598071451799176756e+00
1.601000000000000000e+03 1.595721310014260430e+00
1.602000000000000000e+03 1.595951714578589975e+00
1.603000000000000000e+03 1.591329383239330486e+00
1.604000000000000000e+03 1.591413159332526472e+00
1.605000000000000000e+03 1.588712611959918197e+00
1.606000000000000000e+03 1.587149502173975213e+00
1.607000000000000000e+03 1.586852456150112500e+00
1.608000000000000000e+03 1.585996523073007758e+00
1.609000000000000000e+03 1.582711563117076725e+00
1.610000000000000000e+03 1.581023151373025293e+00
1.611000000000000000e+03 1.581068895941635466e+00
1.612000000000000000e+03 1.578987913748169936e+00
1.613000000000000000e+03 1.578880222850441495e+00
1.614000000000000000e+03 1.578866823410906006e+00
1.615000000000000000e+03 1.577024943059259998e+00
1.616000000000000000e+03 1.577535311114940164e+00
1.617000000000000000e+03 1.576427365375791201e+00
1.618000000000000000e+03 1.577941908029234508e+00
1.619000000000000000e+03 1.580148704709454677e+00
1.620000000000000000e+03 1.578973741053281366e+00
1.621000000000000000e+03 1.578691986587707818e+00
1.622000000000000000e+03 1.579388137228058042e+00
1.623000000000000000e+03 1.583274027493099645e+00
1.624000000000000000e+03 1.584011865998995905e+00
1.625000000000000000e+03 1.583771902870736881e+00
1.626000000000000000e+03 1.584767693867635385e+00
1.627000000000000000e+03 1.589268488027149484e+00
1.628000000000000000e+03 1.590794934064886812e+00
1.629000000000000000e+03 1.593778969292747316e+00
1.630000000000000000e+03 1.593860818562566006e+00
1.631000000000000000e+03 1.599990278612472672e+00
1.632000000000000000e+03 1.601096851030764379e+00
1.633000000000000000e+03 1.601675094080489803e+00
1.634000000000000000e+03 1.601779112793463078e+00
1.635000000000000000e+03 1.603746746184740335e+00
1.636000000000000000e+03 1.605370739500990407e+00
1.637000000000000000e+03 1.609018506264304760e+00
1.638000000000000000e+03 1.612464318638715310e+00
1.639000000000000000e+03 1.611118229620440934e+00
1.640000000000000000e+03 1.614319864397485649e+00
1.641000000000000000e+03 1.617492349311439037e+00
1.642000000000000000e+03 1.618281430984611857e+00
1.643000000000000000e+03 1.621388081434235406e+00
1.644000000000000000e+03 1.624457133293684352e+00
1.645000000000000000e+03 1.627482497776120640e+00
1.646000000000000000e+03 1.632857144810731853e+00
1.647000000000000000e+03 1.633377406784066954e+00
1.648000000000000000e+03 1.633812945602720612e+00
1.649000000000000000e+03 1.634160197392307223e+00
1.650000000000000000e+03 1.634410795094897617e+00
1.651000000000000000e+03 1.637006456611994176e+00
1.652000000000000000e+03 1.634597850246058748e+00
1.653000000000000000e+03 1.634522139778612271e+00
1.654000000000000000e+03 1.634325450178567785e+00
1.655000000000000000e+03 1.631513143370504348e+00
1.656000000000000000e+03 1.628552974779919671e+00
1.657000000000000000e+03 1.630432880104698556e+00
1.658000000000000000e+03 1.627164218065646928e+00
1.659000000000000000e+03 1.626242128488831318e+00
1.660000000000000000e+03 1.627684209115420888e+00
1.661000000000000000e+03 1.623896851169757571e+00
1.662000000000000000e+03 1.624932882235609943e+00
1.663000000000000000e+03 1.623122993679738002e+00
1.664000000000000000e+03 1.626024749119438839e+00
1.665000000000000000e+03 1.625926301043454814e+00
1.666000000000000000e+03 1.625296970976223720e+00
1.667000000000000000e+03 1.626631745256983175e+00
1.668000000000000000e+03 1.624714618987131098e+00
1.669000000000000000e+03 1.627201485739072639e+00
1.670000000000000000e+03 1.628863301822578658e+00
1.671000000000000000e+03 1.629627907470345471e+00
1.672000000000000000e+03 1.629407713983858974e+00
1.673000000000000000e+03 1.633337216079413290e+00
1.674000000000000000e+03 1.636140349000294814e+00
1.675000000000000000e+03 1.640354616422609713e+00
1.676000000000000000e+03 1.643290837315065200e+00
1.677000000000000000e+03 1.644864707810482107e+00
1.678000000000000000e+03 1.652873922885907065e+00
1.679000000000000000e+03 1.656750009944214730e+00
1.680000000000000000e+03 1.661667492141149394e+00
1.681000000000000000e+03 1.664908107220379074e+00
1.682000000000000000e+03 1.674267837743228959e+00
1.683000000000000000e+03 1.679079130596323077e+00
1.684000000000000000e+03 1.684491236601833641e+00
1.685000000000000000e+03 1.690384728716029183e+00
1.686000000000000000e+03 1.696636954547093845e+00
1.687000000000000000e+03 1.705773391958647078e+00
1.688000000000000000e+03 1.709727085154252091e+00
1.689000000000000000e+03 1.718968854129291124e+00
1.690000000000000000e+03 1.728081841171732025e+00
1.691000000000000000e+03 1.734287933235354684e+00
1.692000000000000000e+03 1.742765511222371000e+00
1.693000000000000000e+03 1.748088266931140167e+00
1.694000000000000000e+03 1.758091890440943272e+00
1.695000000000000000e+03 1.764691688168974704e+00
1.696000000000000000e+03 1.770420542898523353e+00
1.697000000000000000e+03 1.777806312087064633e+00
1.698000000000000000e+03 1.784073348003233139e+00
1.699000000000000000e+03 1.789098555452695472e+00
1.700000000000000000e+03 1.792762095803772660e+00
1.701000000000000000e+03 1.800233618103115329e+00
1.702000000000000000e+03 1.803409790480903885e+00
1.703000000000000000e+03 1.804772612729002246e+00
1.704000000000000000e+03 1.809462186400152106e+00
1.705000000000000000e+03 1.812015583328716373e+00
1.706000000000000000e+03 1.814918729755118587e+00
1.707000000000000000e+03 1.815365875431894427e+00
1.708000000000000000e+03 1.818479881734602177e+00
1.709000000000000000e+03 1.818814632782951968e+00
1.710000000000000000e+03 1.821488130605420475e+00
1.711000000000000000e+03 1.823699007420322538e+00
1.712000000000000000e+03 1.822653937527579204e+00
1.713000000000000000e+03 1.826084725244477402e+00
1.714000000000000000e+03 1.828564970259724198e+00
1.715000000000000000e+03 1.829940536910197313e+00
1.716000000000000000e+03 1.830050558073624600e+00
1.717000000000000000e+03 1.831354627702264093e+00
1.718000000000000000e+03 1.836300359615032018e+00
1.719000000000000000e+03 1.839494443799335688e+00
1.720000000000000000e+03 1.838180528370129352e+00
1.721000000000000000e+03 1.840020429384829015e+00
1.722000000000000000e+03 1.842253691882076883e+00
1.723000000000000000e+03 1.842132208717231157e+00
1.724000000000000000e+03 1.847293045254352117e+00
1.725000000000000000e+03 1.849800117853693582e+00
1.726000000000000000e+03 1.854682335004852911e+00
1.727000000000000000e+03 1.856625223138681058e+00
1.728000000000000000e+03 1.860641802413158574e+00
1.729000000000000000e+03 1.861432362946494834e+00
1.730000000000000000e+03 1.869132132534707225e+00
1.731000000000000000e+03 1.873307269063220426e+00
1.732000000000000000e+03 1.876389530110970538e+00
1.733000000000000000e+03 1.880790614644344050e+00
1.734000000000000000e+03 1.886353954797633348e+00
1.735000000000000000e+03 1.892931414610638408e+00
1.736000000000000000e+03 1.897828420072236399e+00
1.737000000000000000e+03 1.903441786290931859e+00
1.738000000000000000e+03 1.909628730466253810e+00
1.739000000000000000e+03 1.913702426545394575e+00
1.740000000000000000e+03 1.920586289979218320e+00
1.741000000000000000e+03 1.922557456194457615e+00
1.742000000000000000e+03 1.929570324366369105e+00
1.743000000000000000e+03 1.936439830728365452e+00
1.744000000000000000e+03 1.940526481315835605e+00
1.745000000000000000e+03 1.946717609303058261e+00
1.746000000000000000e+03 1.952368980722678282e+00
1.747000000000000000e+03 1.957351010567907279e+00
1.748000000000000000e+03 1.961530044560107600e+00
1.749000000000000000e+03 1.969758209500498847e+00
1.750000000000000000e+03 1.974429119392361764e+00
1.751000000000000000e+03 1.980387885693437156e+00
1.752000000000000000e+03 1.985019006017944232e+00
1.753000000000000000e+03 1.988195272322562657e+00
1.754000000000000000e+03 1.992263816591124170e+00
1.755000000000000000e+03 1.997087871165526440e+00
1.756000000000000000e+03 1.997605776769502350e+00
1.757000000000000000e+03 2.001085328076025238e+00
1.758000000000000000e+03 2.007386549530925102e+00
1.759000000000000000e+03 2.008999546091676081e+00
1.760000000000000000e+03 2.010717435343541748e+00
1.761000000000000000e+03 2.014862523093068791e+00
1.762000000000000000e+03 2.016439064901153433e+00
1.763000000000000000e+03 2.017807279164693934e+00
1.764000000000000000e+03 2.018877286713812058e+00
1.765000000000000000e+03 2.021992367382925870e+00
1.766000000000000000e+03 2.022190288317502471e+00
1.767000000000000000e+03 2.024249891005113433e+00
1.768000000000000000e+03 2.028077049469123594e+00
1.769000000000000000e+03 2.026296147932105995e+00
1.770000000000000000e+03 2.030950654079139550e+00
1.771000000000000000e+03 2.029827302742394757e+00
1.772000000000000000e+03 2.030109003890758768e+00
1.773000000000000000e+03 2.034111833337545416e+00
1.774000000000000000e+03 2.034500666670109759e+00
1.775000000000000000e+03 2.036016516380503738e+00
1.776000000000000000e+03 2.036156084032079150e+00
1.777000000000000000e+03 2.039644209181501910e+00
1.778000000000000000e+03 2.039173892960063572e+00
1.779000000000000000e+03 2.041869458341999621e+00
1.780000000000000000e+03 2.042834176094151744e+00
1.781000000000000000e+03 2.041986881628791828e+00
1.782000000000000000e+03 2.044074576909708618e+00
1.783000000000000000e+03 2.046645582546606335e+00
1.784000000000000000e+03 2.044859394602092095e+00
1.785000000000000000e+03 2.045856960168886296e+00
1.786000000000000000e+03 2.047197996700568012e+00
1.787000000000000000e+03 2.046434523969821839e+00
1.788000000000000000e+03 2.045917157950754461e+00
1.789000000000000000e+03 2.047988972718597811e+00
1.790000000000000000e+03 2.050209416207326552e+00
1.791000000000000000e+03 2.050135415633981051e+00
1.792000000000000000e+03 2.050114984751609803e+00
1.793000000000000000e+03 2.054881741618550084e+00
1.794000000000000000e+03 2.054823184766694677e+00
1.795000000000000000e+03 2.054670832306667805e+00
1.796000000000000000e+03 2.061555465226147188e+00
1.797000000000000000e+03 2.061075882356937061e+00
1.798000000000000000e+03 2.062754630437692693e+00
1.799000000000000000e+03 2.066541717604628570e+00
1.800000000000000000e+03 2.067606866796870779e+00
1.801000000000000000e+03 2.068300349647274938e+00
1.802000000000000000e+03 2.068614835833397336e+00
1.803000000000000000e+03 2.070951532335777667e+00
1.804000000000000000e+03 2.075318332556570944e+00
1.805000000000000000e+03 2.079314843149462355e+00
1.806000000000000000e+03 2.080549420750101852e+00
1.807000000000000000e+03 2.083820075073003597e+00
1.808000000000000000e+03 2.086731747099266343e+00
1.809000000000000000e+03 2.089286466260400932e+00
1.810000000000000000e+03 2.091483796651134597e+00
1.811000000000000000e+03 2.095738392562242147e+00
1.812000000000000000e+03 2.097233272686077843e+00
1.813000000000000000e+03 2.100793554761597015e+00
1.814000000000000000e+03 2.104010650549807515e+00
1.815000000000000000e+03 2.104463584813726307e+00
1.816000000000000000e+03 2.106994404120008380e+00
1.817000000000000000e+03 2.109186978076296626e+00
1.818000000000000000e+03 2.113472045470847771e+00
1.819000000000000000e+03 2.119858282378781489e+00
1.820000000000000000e+03 2.121054744468925612e+00
1.821000000000000000e+03 2.121923518253988394e+00
1.822000000000000000e+03 2.122499195042142350e+00
1.823000000000000000e+03 2.117930167474132208e+00
1.824000000000000000e+03 2.118035243977062443e+00
1.825000000000000000e+03 2.117968332812353083e+00
1.826000000000000000e+03 2.120233217736224862e+00
1.827000000000000000e+03 2.117491033122696376e+00
1.828000000000000000e+03 2.117159085342666724e+00
1.829000000000000000e+03 2.116824118042694103e+00
1.830000000000000000e+03 2.116527283144701954e+00
1.831000000000000000e+03 2.113828031384935802e+00
1.832000000000000000e+03 2.113727195548834370e+00
1.833000000000000000e+03 2.111300027581896721e+00
1.834000000000000000e+03 2.109073180673380232e+00
1.835000000000000000e+03 2.107086822145580296e+00
1.836000000000000000e+03 2.105388909936904973e+00
1.837000000000000000e+03 2.101508520354604670e+00
1.838000000000000000e+03 2.100510260417481234e+00
1.839000000000000000e+03 2.099934921089635864e+00
1.840000000000000000e+03 2.094762301521997383e+00
1.841000000000000000e+03 2.092624475234130532e+00
1.842000000000000000e+03 2.088520286289266892e+00
1.843000000000000000e+03 2.087615862286041679e+00
1.844000000000000000e+03 2.084890912798211815e+00
1.845000000000000000e+03 2.077842393207057992e+00
1.846000000000000000e+03 2.076801871628104479e+00
1.847000000000000000e+03 2.074156629123656170e+00
1.848000000000000000e+03 2.072551396513520050e+00
1.849000000000000000e+03 2.072073739134155712e+00
1.850000000000000000e+03 2.070209532320553159e+00
1.851000000000000000e+03 2.074852857721425359e+00
1.852000000000000000e+03 2.070427165056980101e+00
1.853000000000000000e+03 2.075317100645484913e+00
1.854000000000000000e+03 2.076508769012018973e+00
1.855000000000000000e+03 2.076693732281817528e+00
1.856000000000000000e+03 2.075935007851906100e+00
1.857000000000000000e+03 2.076965211416169854e+00
1.858000000000000000e+03 2.079880687673560935e+00
1.859000000000000000e+03 2.082102929638750766e+00
1.860000000000000000e+03 2.083698785455571745e+00
1.861000000000000000e+03 2.084751737567387853e+00
1.862000000000000000e+03 2.082644327388337935e+00
1.863000000000000000e+03 2.088317060726973651e+00
1.864000000000000000e+03 2.088329649863592152e+00
1.865000000000000000e+03 2.090929952799747582e+00
1.866000000000000000e+03 2.088016181902912383e+00
1.867000000000000000e+03 2.093420726951607858e+00
1.868000000000000000e+03 2.093502462621721794e+00
1.869000000000000000e+03 2.091090486491224532e+00
1.870000000000000000e+03 2.091837661043310259e+00
1.871000000000000000e+03 2.093090577134746777e+00
1.872000000000000000e+03 2.092154413920451095e+00
1.873000000000000000e+03 2.091933002356101579e+00
1.874000000000000000e+03 2.089712401316171864e+00
1.875000000000000000e+03 2.088421870537870095e+00
1.876000000000000000e+03 2.088184563943493721e+00
1.877000000000000000e+03 2.086254620828325468e+00
1.878000000000000000e+03 2.085601177127217376e+00
1.879000000000000000e+03 2.083461137641854588e+00
1.880000000000000000e+03 2.082833937487947651e+00
1.881000000000000000e+03 2.078016440310874291e+00
1.882000000000000000e+03 2.077854725812731118e+00
1.883000000000000000e+03 2.073692385477905908e+00
1.884000000000000000e+03 2.068547820813926297e+00
1.885000000000000000e+03 2.065489019084425948e+00
1.886000000000000000e+03 2.061673604387049163e+00
1.887000000000000000e+03 2.060196723863588986e+00
1.888000000000000000e+03 2.052188874365177274e+00
1.889000000000000000e+03 2.049757140606850214e+00
1.890000000000000000e+03 2.047021252768356003e+00
1.891000000000000000e+03 2.038000916896518966e+00
1.892000000000000000e+03 2.034971047687572199e+00
1.893000000000000000e+03 2.031979881587068881e+00
1.894000000000000000e+03 2.026056416072910871e+00
1.895000000000000000e+03 2.023486429382258756e+00
1.896000000000000000e+03 2.018196291065691206e+00
1.897000000000000000e+03 2.013403561498444461e+00
1.898000000000000000e+03 2.009235514687849111e+00
1.899000000000000000e+03 2.002653984131497644e+00
1.900000000000000000e+03 2.003281994322785753e+00
1.901000000000000000e+03 1.998571751246259742e+00
1.902000000000000000e+03 1.994967335129089303e+00
1.903000000000000000e+03 1.992588660614029505e+00
1.904000000000000000e+03 1.985091546008634467e+00
1.905000000000000000e+03 1.985511973365195582e+00
1.906000000000000000e+03 1.984270505772342874e+00
1.907000000000000000e+03 1.981449768635776598e+00
1.908000000000000000e+03 1.980435132602271775e+00
1.909000000000000000e+03 1.981359527124918252e+00
1.910000000000000000e+03 1.981032444264953840e+00
1.911000000000000000e+03 1.976196273710752571e+00
1.912000000000000000e+03 1.973620183769396741e+00
1.913000000000000000e+03 1.970075989228939006e+00
1.914000000000000000e+03 1.972437893940395703e+00
1.915000000000000000e+03 1.967273435949758564e+00
1.916000000000000000e+03 1.968280910664967021e+00
1.917000000000000000e+03 1.965344551475017854e+00
1.918000000000000000e+03 1.965430318772038998e+00
1.919000000000000000e+03 1.961754631431096962e+00
1.920000000000000000e+03 1.961352118329096061e+00
1.921000000000000000e+03 1.960873660759953507e+00
1.922000000000000000e+03 1.956900405543185117e+00
1.923000000000000000e+03 1.956549494590158256e+00
1.924000000000000000e+03 1.959972473732275455e+00
1.925000000000000000e+03 1.956597987848480935e+00
1.926000000000000000e+03 1.957190699074348839e+00
1.927000000000000000e+03 1.961904033778906431e+00
1.928000000000000000e+03 1.956412911960412115e+00
1.929000000000000000e+03 1.958852528853020303e+00
1.930000000000000000e+03 1.958475134397176909e+00
1.931000000000000000e+03 1.951668345676950134e+00
1.932000000000000000e+03 1.953188422407911684e+00
1.933000000000000000e+03 1.952139307963479009e+00
1.934000000000000000e+03 1.952305679872233579e+00
1.935000000000000000e+03 1.950069746126482650e+00
1.936000000000000000e+03 1.949248343170216113e+00
1.937000000000000000e+03 1.949963235941841733e+00
1.938000000000000000e+03 1.948553706198751234e+00
1.939000000000000000e+03 1.948889667692933036e+00
1.940000000000000000e+03 1.951097681133159067e+00
1.941000000000000000e+03 1.947628290799943596e+00
1.942000000000000000e+03 1.949967428743006437e+00
1.943000000000000000e+03 1.950476347751691986e+00
1.944000000000000000e+03 1.949144253331611454e+00
1.945000000000000000e+03 1.953730965424406163e+00
1.946000000000000000e+03 1.952601353838782972e+00
1.947000000000000000e+03 1.957457107661115137e+00
1.948000000000000000e+03 1.956572945584238221e+00
1.949000000000000000e+03 1.957784319365479142e+00
1.950000000000000000e+03 1.957167170836944470e+00
1.951000000000000000e+03 1.954701329941464394e+00
1.952000000000000000e+03 1.954374276672517619e+00
1.953000000000000000e+03 1.952211306704194627e+00
1.954000000000000000e+03 1.948197230399341340e+00
1.955000000000000000e+03 1.946354774060970350e+00
1.956000000000000000e+03 1.946718636902358579e+00
1.957000000000000000e+03 1.933080849558139969e+00
1.958000000000000000e+03 1.937894760470546096e+00
1.959000000000000000e+03 1.932744376694012889e+00
1.960000000000000000e+03 1.933945897336371900e+00
1.961000000000000000e+03 1.929241738167852160e+00
1.962000000000000000e+03 1.926900847989500898e+00
1.963000000000000000e+03 1.922909271698579392e+00
1.964000000000000000e+03 1.917342496124787132e+00
1.965000000000000000e+03 1.910277576435599700e+00
1.966000000000000000e+03 1.905970539740012626e+00
1.967000000000000000e+03 1.900355250274826657e+00
1.968000000000000000e+03 1.901908790216692458e+00
1.969000000000000000e+03 1.898162644592298109e+00
1.970000000000000000e+03 1.897602353782721130e+00
1.971000000000000000e+03 1.896119732143385805e+00
1.972000000000000000e+03 1.898042114292783467e+00
1.973000000000000000e+03 1.899237224407291258e+00
1.974000000000000000e+03 1.895542297275837340e+00
1.975000000000000000e+03 1.904084809486977115e+00
1.976000000000000000e+03 1.907935759596494973e+00
1.977000000000000000e+03 1.911445752625073435e+00
1.978000000000000000e+03 1.923289992616881605e+00
1.979000000000000000e+03 1.930713014421861162e+00
1.980000000000000000e+03 1.938085324421175537e+00
1.981000000000000000e+03 1.954048604276894752e+00
1.982000000000000000e+03 1.969653947561746721e+00
1.983000000000000000e+03 1.984458642601853340e+00
1.984000000000000000e+03 2.002357510088185411e+00
1.985000000000000000e+03 2.014243317258518129e+00
1.986000000000000000e+03 2.032695501089761603e+00
1.987000000000000000e+03 2.052944685964186888e+00
1.988000000000000000e+03 2.065842886122616129e+00
1.989000000000000000e+03 2.079651249287221670e+00
1.990000000000000000e+03 2.089562564800098166e+00
1.991000000000000000e+03 2.103874740880240513e+00
1.992000000000000000e+03 2.113405066941034249e+00
1.993000000000000000e+03 2.117700332870793734e+00
1.994000000000000000e+03 2.120687735480991432e+00
1.995000000000000000e+03 2.113150631405522173e+00
1.996000000000000000e+03 2.107801531980835197e+00
1.997000000000000000e+03 2.099801829490168359e+00
1.998000000000000000e+03 2.079907443088920171e+00
1.999000000000000000e+03 2.056453277184027151e+00
2.000000000000000000e+03 2.028990107670241461e+00
