9.999999999999988750e+14 -9.217448612861322069e-03
7.079458067484925000e+14 -9.244908728672415407e-03
5.011872373872838750e+14 -9.264308580854994923e-03
3.548133931695360000e+14 -9.286314496046511532e-03
2.511886435001901562e+14 -9.304049918540002739e-03
1.778279394829461250e+14 -9.325868037904352578e-03
1.258925419281638906e+14 -9.348508706441415947e-03
8.912509018344962500e+13 -9.360528794121664165e-03
6.309573414788985156e+13 -9.384227313800983655e-03
4.466835998463486719e+13 -9.405647091912302041e-03
3.162277620336658984e+13 -9.417367664931799998e-03
2.238721149348592188e+13 -9.434786955677537668e-03
1.584893203714750195e+13 -9.452289443422095053e-03
1.122018451952388281e+13 -9.464544671335469936e-03
7.943282421657979492e+12 -9.479339995181334730e-03
5.623413283648352539e+12 -9.495225979952717429e-03
3.981071755473291992e+12 -9.509164401063049596e-03
2.818382925175527344e+12 -9.520430176253613999e-03
1.995262329408310791e+12 -9.531635351143355819e-03
1.412537553369259521e+12 -9.541287070081382396e-03
9.999999999990000000e+11 -9.550612225183175916e-03
7.079458067474934082e+11 -9.563753376669682782e-03
5.011872373862849121e+11 -9.568888677002956519e-03
3.548133931685370483e+11 -9.576661673313063491e-03
2.511886434991911621e+11 -9.580229610337094234e-03
1.778279394819471130e+11 -9.586497947592847318e-03
1.258925419271648865e+11 -9.596627779225720342e-03
8.912509018245063782e+10 -9.589024459047447435e-03
6.309573414689085388e+10 -9.601475503936404698e-03
4.466835998363587189e+10 -9.610806267063587774e-03
3.162277620236759567e+10 -9.607435542058511899e-03
2.238721149248691940e+10 -9.608089302020686451e-03
1.584893203614850235e+10 -9.614381185699885993e-03
1.122018451852488136e+10 -9.611195081339044335e-03
7.943282420658979416e+09 -9.617895927089706656e-03
5.623413282649352074e+09 -9.612135436204793590e-03
3.981071754474292278e+09 -9.611050684448112225e-03
2.818382924176527500e+09 -9.605190321656293176e-03
1.995262328409310818e+09 -9.606006605527557182e-03
1.412537552370259523e+09 -9.602809393611071165e-03
9.999999989999998808e+08 -9.594173301578561713e-03
7.079458057484934330e+08 -9.593782791757887035e-03
5.011872363872848749e+08 -9.585917846802606557e-03
3.548133921695370078e+08 -9.581296374915910380e-03
2.511886425001911819e+08 -9.573620542904955066e-03
1.778279384829471111e+08 -9.560534025491678953e-03
1.258925409281648993e+08 -9.554622705200627522e-03
8.912508918345062435e+07 -9.535705425134356761e-03
6.309573314789085090e+07 -9.532841042252849020e-03
4.466835898463586718e+07 -9.527097305043835673e-03
3.162277520336758718e+07 -9.508835678862263482e-03
2.238721049348692223e+07 -9.503483567865331216e-03
1.584893103714850172e+07 -9.486780948773688299e-03
1.122018351952488348e+07 -9.468414704107716226e-03
7.943281421658979729e+06 -9.454124391598588140e-03
5.623412283649352379e+06 -9.438190924542297702e-03
3.981070755474292208e+06 -9.420711000954089254e-03
2.818381925176527351e+06 -9.399305958110216325e-03
1.995261329409310827e+06 -9.379829697630112650e-03
1.412536553370259469e+06 -9.356706504428895579e-03
9.999990000000000000e+05 -9.327360711629220646e-03
7.079448067484934581e+05 -9.301747649828752407e-03
5.011862373872849275e+05 -9.261251194456912236e-03
3.548123931695370702e+05 -9.217056297352942129e-03
2.511876435001911595e+05 -9.158686853318966786e-03
1.778269394829471421e+05 -9.092595549689434786e-03
1.258915419281648938e+05 -9.007806230458869148e-03
8.912409018345062213e+04 -8.887286367221068975e-03
6.309473414789084200e+04 -8.750224014254261856e-03
4.466735998463587021e+04 -8.565194509274585977e-03
3.162177620336758991e+04 -8.313226058155230580e-03
2.238621149348692052e+04 -8.000920093303064834e-03
1.584793203714850279e+04 -7.601839087897358654e-03
1.121918451952488249e+04 -7.106220113464213617e-03
7.942282421658980638e+03 -6.516521870743931764e-03
5.622413283649352707e+03 -5.847855003757590486e-03
3.980071755474292331e+03 -5.121203288373364637e-03
2.817382925176527351e+03 -4.372544461923561811e-03
1.994262329409310723e+03 -3.651118977910104094e-03
1.411537553370259502e+03 -2.989077872682692309e-03
9.990000000000000000e+02 -2.409083066296257344e-03
7.069458067484933963e+02 -1.931603087120460855e-03
5.001872373872848812e+02 -1.534797238354303379e-03
3.538133931695370507e+02 -1.231079373891607502e-03
2.501886435001911764e+02 -9.920577562456719522e-04
1.768279394829471016e+02 -8.071767242359154321e-04
1.248925419281648885e+02 -6.685671609584733404e-04
8.812509018345062373e+01 -5.588827582193900715e-04
6.209573414789085177e+01 -4.753031099306223844e-04
4.366835998463587032e+01 -4.091714259861736931e-04
3.062277620336759298e+01 -3.483925573056822285e-04
2.138721149348692308e+01 -3.029827948816815608e-04
1.484893203714850252e+01 -2.625263603697819892e-04
1.022018451952488327e+01 -2.227908016708601206e-04
6.943282421658979686e+00 -1.893450238478193871e-04
4.623413283649352223e+00 -1.566707070645157992e-04
2.981071755474292040e+00 -1.290402814235051300e-04
1.818382925176527110e+00 -8.914003623411681206e-05
9.952623294093108086e-01 -5.627335341198120666e-05
4.125375533702595465e-01 -2.193824997842545375e-05
0.000000000000000000e+00 -6.798005659694014387e-07
