9.999999999999988750e+14 -9.217448611281018472e-03
7.079458067484925000e+14 -9.244908725730329596e-03
5.011872373872838750e+14 -9.264308576371822410e-03
3.548133931695360000e+14 -9.286314489708336756e-03
2.511886435001901562e+14 -9.304049909135378091e-03
1.778279394829461250e+14 -9.325868024402626799e-03
1.258925419281638906e+14 -9.348508687132333836e-03
8.912509018344962500e+13 -9.360528766621833627e-03
6.309573414788985156e+13 -9.384227274755086931e-03
4.466835998463486719e+13 -9.405647036515155102e-03
3.162277620336658984e+13 -9.417367586480441741e-03
2.238721149348592188e+13 -9.434786844631665517e-03
1.584893203714750195e+13 -9.452289286318507969e-03
1.122018451952388281e+13 -9.464544449184649627e-03
7.943282421657979492e+12 -9.479339681124914971e-03
5.623413283648352539e+12 -9.495225536108382880e-03
3.981071755473291992e+12 -9.509163773873886144e-03
2.818382925175527344e+12 -9.520429290064464159e-03
1.995262329408310791e+12 -9.531634098670757962e-03
1.412537553369259521e+12 -9.541285300035564146e-03
9.999999999990000000e+11 -9.550609724401814410e-03
7.079458067474934082e+11 -9.563749843645958509e-03
5.011872373862849121e+11 -9.568883686033556601e-03
3.548133931685370483e+11 -9.576654622875305570e-03
2.511886434991911621e+11 -9.580219650701771172e-03
1.778279394819471130e+11 -9.586483878684865997e-03
1.258925419271648865e+11 -9.596607905884431758e-03
8.912509018245063782e+10 -9.588996386617565024e-03
6.309573414689085388e+10 -9.601435849987760909e-03
4.466835998363587189e+10 -9.610750253879574850e-03
3.162277620236759567e+10 -9.607356420764743415e-03
2.238721149248691940e+10 -9.607977539614823495e-03
1.584893203614850235e+10 -9.614223316415130074e-03
1.122018451852488136e+10 -9.610972084694073547e-03
7.943282420658979416e+09 -9.617580935050950436e-03
5.623413282649352074e+09 -9.613156513760361815e-03
3.981071754474292278e+09 -9.613347277827935522e-03
2.818382924176527500e+09 -9.604302552376504237e-03
1.995262328409310818e+09 -9.605917094686767382e-03
1.412537552370259523e+09 -9.601038060799515703e-03
9.999999989999998808e+08 -9.596307170351394550e-03
7.079458057484934330e+08 -9.599498436181869848e-03
5.011872363872848749e+08 -9.586462360189654600e-03
3.548133921695370078e+08 -9.581609497765469080e-03
2.511886425001911819e+08 -9.571007110224743694e-03
1.778279384829471111e+08 -9.561123996736567779e-03
1.258925409281648993e+08 -9.555223668479034121e-03
8.912508918345062435e+07 -9.536813366235871378e-03
6.309573314789085090e+07 -9.532779057531855921e-03
4.466835898463586718e+07 -9.526846979474701271e-03
3.162277520336758718e+07 -9.508525664121412688e-03
2.238721049348692223e+07 -9.502722148256611753e-03
1.584893103714850172e+07 -9.485793105149502996e-03
1.122018351952488348e+07 -9.470059207282484001e-03
7.943281421658979729e+06 -9.455097779758640450e-03
5.623412283649352379e+06 -9.438969745732765648e-03
3.981070755474292208e+06 -9.421210128937219583e-03
2.818381925176527351e+06 -9.398854085413849493e-03
1.995261329409310827e+06 -9.380381410852831059e-03
1.412536553370259469e+06 -9.356656019808709882e-03
9.999990000000000000e+05 -9.325648164509748456e-03
7.079448067484934581e+05 -9.304102818748070935e-03
5.011862373872849275e+05 -9.262081191404340427e-03
3.548123931695370702e+05 -9.218684928703774900e-03
2.511876435001911595e+05 -9.163886988674097012e-03
1.778269394829471421e+05 -9.094601222821302108e-03
1.258915419281648938e+05 -9.011377993601417391e-03
8.912409018345062213e+04 -8.895266756109314679e-03
6.309473414789084200e+04 -8.757148572525878458e-03
4.466735998463587021e+04 -8.574563603686045921e-03
3.162177620336758991e+04 -8.326689332767842761e-03
2.238621149348692052e+04 -8.014661006732752557e-03
1.584793203714850279e+04 -7.621735143691511088e-03
1.121918451952488249e+04 -7.131236496029963630e-03
7.942282421658980638e+03 -6.551995814234499831e-03
5.622413283649352707e+03 -5.888553923146818900e-03
3.980071755474292331e+03 -5.170317349692502180e-03
2.817382925176527351e+03 -4.428495545391330362e-03
1.994262329409310723e+03 -3.712263436990032202e-03
1.411537553370259502e+03 -3.054524110042175326e-03
9.990000000000000000e+02 -2.479646541876162711e-03
7.069458067484933963e+02 -2.003225182293461547e-03
5.001872373872848812e+02 -1.610088971365557838e-03
3.538133931695370507e+02 -1.308304567815927024e-03
2.501886435001911764e+02 -1.069231249187781001e-03
1.768279394829471016e+02 -8.885572893160432334e-04
1.248925419281648885e+02 -7.480659995311072022e-04
8.812509018345062373e+01 -6.310538145559290183e-04
6.209573414789085177e+01 -5.556897269671181748e-04
4.366835998463587032e+01 -4.904161453197140820e-04
3.062277620336759298e+01 -4.315006650565417104e-04
2.138721149348692308e+01 -3.815535644613161459e-04
1.484893203714850252e+01 -3.437072076935856991e-04
1.022018451952488327e+01 -3.029276664395569502e-04
6.943282421658979686e+00 -2.720239864020665074e-04
4.623413283649352223e+00 -2.372918690883509159e-04
2.981071755474292040e+00 -2.050074285930455456e-04
1.818382925176527110e+00 -1.697336524826852143e-04
9.952623294093108086e-01 -1.360697079384352512e-04
4.125375533702595465e-01 -1.027643506077318601e-04
0.000000000000000000e+00 -7.825821798719053573e-05
