9.999999999999988750e+14 -9.217448588907897755e-03
7.079458067484925000e+14 -9.244908695626715550e-03
5.011872373872838750e+14 -9.264308534896282393e-03
3.548133931695360000e+14 -9.286314431935803471e-03
2.511886435001901562e+14 -9.304049828783156686e-03
1.778279394829461250e+14 -9.325867911900547966e-03
1.258925419281638906e+14 -9.348508529273828055e-03
8.912509018344962500e+13 -9.360528544640558252e-03
6.309573414788985156e+13 -9.384226962265821564e-03
4.466835998463486719e+13 -9.405646596163870152e-03
3.162277620336658984e+13 -9.417366965407184681e-03
2.238721149348592188e+13 -9.434785968399731285e-03
1.584893203714750195e+13 -9.452288048913079846e-03
1.122018451952388281e+13 -9.464542701864447904e-03
7.943282421657979492e+12 -9.479337213896427486e-03
5.623413283648352539e+12 -9.495222051700382901e-03
3.981071755473291992e+12 -9.509158852823570637e-03
2.818382925175527344e+12 -9.520422339596483485e-03
1.995262329408310791e+12 -9.531624282051303146e-03
1.412537553369259521e+12 -9.541271435071180945e-03
9.999999999990000000e+11 -9.550590140517350654e-03
7.079458067474934082e+11 -9.563722181659434218e-03
5.011872373862849121e+11 -9.568844613411143021e-03
3.548133931685370483e+11 -9.576599432325815647e-03
2.511886434991911621e+11 -9.580141693059481683e-03
1.778279394819471130e+11 -9.586373761501038038e-03
1.258925419271648865e+11 -9.596452362118441243e-03
8.912509018245063782e+10 -9.588776676240222049e-03
6.309573414689085388e+10 -9.602289999757226621e-03
4.466835998363587189e+10 -9.610311876436714723e-03
3.162277620236759567e+10 -9.606737197119033511e-03
2.238721149248691940e+10 -9.616352800216223032e-03
1.584893203614850235e+10 -9.612987805408326758e-03
1.122018451852488136e+10 -9.612909345558294863e-03
7.943282420658979416e+09 -9.615115768917423256e-03
5.623413282649352074e+09 -9.612606406977796183e-03
3.981071754474292278e+09 -9.611353713944233157e-03
2.818382924176527500e+09 -9.609027401780852531e-03
1.995262328409310818e+09 -9.605419082987152329e-03
1.412537552370259523e+09 -9.601116299016321937e-03
9.999999989999998808e+08 -9.595269483017011825e-03
7.079458057484934330e+08 -9.599588665248052002e-03
5.011872363872848749e+08 -9.586149883289539139e-03
3.548133921695370078e+08 -9.581658418508672004e-03
2.511886425001911819e+08 -9.573874270868731537e-03
1.778279384829471111e+08 -9.560960725902217100e-03
1.258925409281648993e+08 -9.554712666015202985e-03
8.912508918345062435e+07 -9.538886825093904551e-03
6.309573314789085090e+07 -9.533357290942765655e-03
4.466835898463586718e+07 -9.525292226551114114e-03
3.162277520336758718e+07 -9.510534146508677761e-03
2.238721049348692223e+07 -9.497568504419674068e-03
1.584893103714850172e+07 -9.486890159281760951e-03
1.122018351952488348e+07 -9.470447055336408959e-03
7.943281421658979729e+06 -9.458891606755850945e-03
5.623412283649352379e+06 -9.439028486808444598e-03
3.981070755474292208e+06 -9.423370806306877526e-03
2.818381925176527351e+06 -9.403754847363708994e-03
1.995261329409310827e+06 -9.381698503323836549e-03
1.412536553370259469e+06 -9.357742359224607148e-03
9.999990000000000000e+05 -9.330091055336976746e-03
7.079448067484934581e+05 -9.309167805914087337e-03
5.011862373872849275e+05 -9.268723302023450933e-03
3.548123931695370702e+05 -9.226621314294530460e-03
2.511876435001911595e+05 -9.178822411089186672e-03
1.778269394829471421e+05 -9.111934706740175416e-03
1.258915419281648938e+05 -9.038290379634050797e-03
8.912409018345062213e+04 -8.926657534747910183e-03
6.309473414789084200e+04 -8.805148477424890041e-03
4.466735998463587021e+04 -8.641066552458801994e-03
3.162177620336758991e+04 -8.417677077747855174e-03
2.238621149348692052e+04 -8.140539598505738481e-03
1.584793203714850279e+04 -7.782970910041719231e-03
1.121918451952488249e+04 -7.339044740103477064e-03
7.942282421658980638e+03 -6.811101642856835434e-03
5.622413283649352707e+03 -6.207753975704531808e-03
3.980071755474292331e+03 -5.547441966460100495e-03
2.817382925176527351e+03 -4.864024709653282964e-03
1.994262329409310723e+03 -4.196288285549042152e-03
1.411537553370259502e+03 -3.582167467128094269e-03
9.990000000000000000e+02 -3.042815801046713266e-03
7.069458067484933963e+02 -2.592287351839058299e-03
5.001872373872848812e+02 -2.219328324298957492e-03
3.538133931695370507e+02 -1.932726429555745203e-03
2.501886435001911764e+02 -1.705744850284573576e-03
1.768279394829471016e+02 -1.532651026908106928e-03
1.248925419281648885e+02 -1.401973452086611354e-03
8.812509018345062373e+01 -1.287741907644694012e-03
6.209573414789085177e+01 -1.210058775488496302e-03
4.366835998463587032e+01 -1.147422636997466215e-03
3.062277620336759298e+01 -1.086049433962586958e-03
2.138721149348692308e+01 -1.037496550087834389e-03
1.484893203714850252e+01 -1.000621744451220436e-03
1.022018451952488327e+01 -9.602773762263304121e-04
6.943282421658979686e+00 -9.274566660749468307e-04
4.623413283649352223e+00 -8.920875470680700563e-04
2.981071755474292040e+00 -8.582498793608303025e-04
1.818382925176527110e+00 -8.231083010305832942e-04
9.952623294093108086e-01 -7.894215897258942058e-04
4.125375533702595465e-01 -7.530617105508905515e-04
0.000000000000000000e+00 -7.266683546892672985e-04
