2.000000000000000000e+00 -1.683775682017966679e-01
3.000000000000000000e+00 6.385704865821964504e-02
4.000000000000000000e+00 2.873185057480847071e-01
5.000000000000000000e+00 3.400180450617281691e-01
6.000000000000000000e+00 5.202449300396735365e-01
7.000000000000000000e+00 5.840255159413652031e-01
8.000000000000000000e+00 5.204391252996151129e-01
9.000000000000000000e+00 4.520091924907500558e-01
1.000000000000000000e+01 5.133045570716638917e-01
1.100000000000000000e+01 5.277959207760960503e-01
1.200000000000000000e+01 5.341070006666082115e-01
1.300000000000000000e+01 5.368752736763960920e-01
1.400000000000000000e+01 6.667805342319919060e-01
1.500000000000000000e+01 8.070598578033032489e-01
1.600000000000000000e+01 8.569625199521998526e-01
1.700000000000000000e+01 5.828583287944014701e-01
1.800000000000000000e+01 7.592778466370614376e-01
1.900000000000000000e+01 7.068665198194012955e-01
2.000000000000000000e+01 6.918024120272340260e-01
2.100000000000000000e+01 7.122726265655947575e-01
2.200000000000000000e+01 7.046770141950683408e-01
2.300000000000000000e+01 7.052145067617687779e-01
2.400000000000000000e+01 7.242759726119467611e-01
2.500000000000000000e+01 7.134366182720212057e-01
2.600000000000000000e+01 7.462561244597861743e-01
2.700000000000000000e+01 7.193850535887188480e-01
2.800000000000000000e+01 7.304094783957726378e-01
2.900000000000000000e+01 7.356248659197461848e-01
3.000000000000000000e+01 7.122335783571066559e-01
3.100000000000000000e+01 7.553516009142100529e-01
3.200000000000000000e+01 7.160829358182754234e-01
3.300000000000000000e+01 7.089091851559687907e-01
3.400000000000000000e+01 7.062033709550554761e-01
3.500000000000000000e+01 6.642241524058716262e-01
3.600000000000000000e+01 7.099058904754135257e-01
3.700000000000000000e+01 6.940767395224088920e-01
3.800000000000000000e+01 6.678462746729092459e-01
3.900000000000000000e+01 6.940523688205376684e-01
4.000000000000000000e+01 6.289631609083378150e-01
4.100000000000000000e+01 5.529577145981086073e-01
4.200000000000000000e+01 5.217823453794482313e-01
4.300000000000000000e+01 4.998602669663720910e-01
4.400000000000000000e+01 5.128072167105814927e-01
4.500000000000000000e+01 5.263733633258537159e-01
4.600000000000000000e+01 5.297736170521576415e-01
4.700000000000000000e+01 5.412571045760923294e-01
4.800000000000000000e+01 5.640255869220317519e-01
4.900000000000000000e+01 5.804224079903346212e-01
5.000000000000000000e+01 5.737657070522340641e-01
5.100000000000000000e+01 5.564383649892038486e-01
5.200000000000000000e+01 5.188733795508904123e-01
5.300000000000000000e+01 4.989940184457027916e-01
5.400000000000000000e+01 4.876395597230460677e-01
5.500000000000000000e+01 4.951785547086737238e-01
5.600000000000000000e+01 4.987104715653790654e-01
5.700000000000000000e+01 5.021908015719988017e-01
5.800000000000000000e+01 5.019214811114801611e-01
5.900000000000000000e+01 5.004544713854062188e-01
6.000000000000000000e+01 5.001967119132738615e-01
6.100000000000000000e+01 4.750656086405397605e-01
6.200000000000000000e+01 4.619795784421860119e-01
6.300000000000000000e+01 4.512002928705670102e-01
6.400000000000000000e+01 4.278399608749615668e-01
6.500000000000000000e+01 4.167498058107123038e-01
6.600000000000000000e+01 3.972841359013701834e-01
6.700000000000000000e+01 3.868244727184080856e-01
6.800000000000000000e+01 3.641030704130924778e-01
6.900000000000000000e+01 3.512590352123353687e-01
7.000000000000000000e+01 3.327550262457398267e-01
7.100000000000000000e+01 3.245561132949004168e-01
7.200000000000000000e+01 3.206150792721663145e-01
7.300000000000000000e+01 3.199922242155846530e-01
7.400000000000000000e+01 3.218116291153539921e-01
7.500000000000000000e+01 3.203195237719101418e-01
7.600000000000000000e+01 3.149789251968995174e-01
7.700000000000000000e+01 3.056246138837860338e-01
7.800000000000000000e+01 2.874533868619255639e-01
7.900000000000000000e+01 2.698930289969440066e-01
8.000000000000000000e+01 2.480931061990601927e-01
8.100000000000000000e+01 2.268336706926389057e-01
8.200000000000000000e+01 2.072663232111505160e-01
8.300000000000000000e+01 1.907796407293956831e-01
8.400000000000000000e+01 1.743026633262751701e-01
8.500000000000000000e+01 1.635765411425092741e-01
8.600000000000000000e+01 1.634839526242905516e-01
8.700000000000000000e+01 1.552248816881537929e-01
8.800000000000000000e+01 1.579229040480359114e-01
8.900000000000000000e+01 1.526480275043661239e-01
9.000000000000000000e+01 1.499136969213155091e-01
9.100000000000000000e+01 1.401726548868316158e-01
9.200000000000000000e+01 1.286062094105853149e-01
9.300000000000000000e+01 1.128514345143625808e-01
9.400000000000000000e+01 1.023351414459485048e-01
9.500000000000000000e+01 9.066075146408854313e-02
9.600000000000000000e+01 9.028219909391024811e-02
9.700000000000000000e+01 8.501932980982829235e-02
9.800000000000000000e+01 7.755418588512669187e-02
9.900000000000000000e+01 7.410165091406589744e-02
1.000000000000000000e+02 6.972562728133034626e-02
1.010000000000000000e+02 6.366267016928262024e-02
1.020000000000000000e+02 4.243481540855709860e-02
1.030000000000000000e+02 3.209573362307174826e-02
1.040000000000000000e+02 2.287112878069011770e-02
1.050000000000000000e+02 1.570652882216710955e-02
1.060000000000000000e+02 1.110874683471995555e-02
1.070000000000000000e+02 1.474098658402268371e-02
1.080000000000000000e+02 1.504664958726402609e-02
1.090000000000000000e+02 1.409208364983734196e-02
1.100000000000000000e+02 1.061756638565819824e-02
1.110000000000000000e+02 1.011515877205067249e-02
1.120000000000000000e+02 3.136807875096192261e-03
1.130000000000000000e+02 -3.376900586404999165e-03
1.140000000000000000e+02 -1.210676143198496924e-02
1.150000000000000000e+02 -2.254267398313584969e-02
1.160000000000000000e+02 -2.818943041551812134e-02
1.170000000000000000e+02 -4.127090280852682702e-02
1.180000000000000000e+02 -4.973267198023455238e-02
1.190000000000000000e+02 -5.677182986347820148e-02
1.200000000000000000e+02 -6.545999964009957539e-02
1.210000000000000000e+02 -6.730822758134506756e-02
1.220000000000000000e+02 -6.902022543400770926e-02
1.230000000000000000e+02 -7.149624262768765337e-02
1.240000000000000000e+02 -7.560120018870157554e-02
1.250000000000000000e+02 -7.661320974050760124e-02
1.260000000000000000e+02 -8.075770373965213134e-02
1.270000000000000000e+02 -8.765303259563289595e-02
1.280000000000000000e+02 -9.129577045413078684e-02
1.290000000000000000e+02 -9.660551670147124459e-02
1.300000000000000000e+02 -9.772043601676276559e-02
1.310000000000000000e+02 -9.968744120731755365e-02
1.320000000000000000e+02 -1.002928183978228222e-01
1.330000000000000000e+02 -9.759173603852201728e-02
1.340000000000000000e+02 -9.736883412471313004e-02
1.350000000000000000e+02 -9.507665001030915497e-02
1.360000000000000000e+02 -8.878544334321755716e-02
1.370000000000000000e+02 -8.637434453350489871e-02
1.380000000000000000e+02 -8.306675054477712095e-02
1.390000000000000000e+02 -7.424760999689433705e-02
1.400000000000000000e+02 -7.242820477834813198e-02
1.410000000000000000e+02 -6.564306184856948112e-02
1.420000000000000000e+02 -6.129889965233560611e-02
1.430000000000000000e+02 -5.708190789153916311e-02
1.440000000000000000e+02 -5.074891828437592262e-02
1.450000000000000000e+02 -4.478877767399330745e-02
1.460000000000000000e+02 -4.164343333005636472e-02
1.470000000000000000e+02 -3.466014791764927133e-02
1.480000000000000000e+02 -2.652285546625021695e-02
1.490000000000000000e+02 -2.208531661085434694e-02
1.500000000000000000e+02 -1.486459455442369453e-02
1.510000000000000000e+02 -7.436917480328638329e-03
1.520000000000000000e+02 -2.645970006207391519e-05
1.530000000000000000e+02 7.168925607901960144e-03
1.540000000000000000e+02 1.395275449541287689e-02
1.550000000000000000e+02 2.014055748276933830e-02
1.560000000000000000e+02 2.983675418803584042e-02
1.570000000000000000e+02 3.428460100834640478e-02
1.580000000000000000e+02 4.187857597452392111e-02
1.590000000000000000e+02 4.818895192735482558e-02
1.600000000000000000e+02 5.516355857436252424e-02
1.610000000000000000e+02 5.847970669615248224e-02
1.620000000000000000e+02 6.423015487666547396e-02
1.630000000000000000e+02 6.607893138484152717e-02
1.640000000000000000e+02 7.208225459608669228e-02
1.650000000000000000e+02 7.392520137789569679e-02
1.660000000000000000e+02 7.551957333832755304e-02
1.670000000000000000e+02 7.655470353160918895e-02
1.680000000000000000e+02 7.868339419698337778e-02
1.690000000000000000e+02 7.956703871089287894e-02
1.700000000000000000e+02 7.888736295460239967e-02
1.710000000000000000e+02 8.029750116754395817e-02
1.720000000000000000e+02 8.178605973641094040e-02
1.730000000000000000e+02 8.337723287077929146e-02
1.740000000000000000e+02 8.317013315278030949e-02
1.750000000000000000e+02 8.313396988456017711e-02
1.760000000000000000e+02 8.512409352206480595e-02
1.770000000000000000e+02 8.880826432126451286e-02
1.780000000000000000e+02 9.191204717139535296e-02
1.790000000000000000e+02 9.407315478482809745e-02
1.800000000000000000e+02 9.494305845180836534e-02
1.810000000000000000e+02 9.610579039712822957e-02
1.820000000000000000e+02 9.568915787836844433e-02
1.830000000000000000e+02 9.745339427247386166e-02
1.840000000000000000e+02 9.775146288781375037e-02
1.850000000000000000e+02 9.665433738763445914e-02
1.860000000000000000e+02 1.033043976905798217e-01
1.870000000000000000e+02 1.029505838105432280e-01
1.880000000000000000e+02 1.045457505227405937e-01
1.890000000000000000e+02 1.078924875800321981e-01
1.900000000000000000e+02 1.038223381144014329e-01
1.910000000000000000e+02 1.065433543526698446e-01
1.920000000000000000e+02 1.068158382045803489e-01
1.930000000000000000e+02 1.097364700876365812e-01
1.940000000000000000e+02 1.079245792222593286e-01
1.950000000000000000e+02 1.064634093711125107e-01
1.960000000000000000e+02 1.051451483118823749e-01
1.970000000000000000e+02 1.022345039208852752e-01
1.980000000000000000e+02 9.782402271861206922e-02
1.990000000000000000e+02 9.375547660632181646e-02
2.000000000000000000e+02 8.661835733954002803e-02
2.010000000000000000e+02 8.170653333965594012e-02
2.020000000000000000e+02 7.548851959258071065e-02
2.030000000000000000e+02 7.136595378796198319e-02
2.040000000000000000e+02 6.752498268612448784e-02
2.050000000000000000e+02 6.216469493395751500e-02
2.060000000000000000e+02 5.867328371591854635e-02
2.070000000000000000e+02 5.524617255164251950e-02
2.080000000000000000e+02 5.353213055405113552e-02
2.090000000000000000e+02 5.173774225472749233e-02
2.100000000000000000e+02 5.150840748890842674e-02
2.110000000000000000e+02 4.934186309532716253e-02
2.120000000000000000e+02 5.030833070693149778e-02
2.130000000000000000e+02 5.090908022336967237e-02
2.140000000000000000e+02 5.108056518917589162e-02
2.150000000000000000e+02 5.075068111745574539e-02
2.160000000000000000e+02 5.326299642935258816e-02
2.170000000000000000e+02 5.343225859073237605e-02
2.180000000000000000e+02 5.289884819725408638e-02
2.190000000000000000e+02 5.329254170462005558e-02
2.200000000000000000e+02 5.284613015518854068e-02
2.210000000000000000e+02 5.150733438000048431e-02
2.220000000000000000e+02 4.930664927848799756e-02
2.230000000000000000e+02 4.968927188199942502e-02
2.240000000000000000e+02 4.760100030352294037e-02
2.250000000000000000e+02 4.478473091296031328e-02
2.260000000000000000e+02 4.298982652458056136e-02
2.270000000000000000e+02 4.056218807518555819e-02
2.280000000000000000e+02 3.754262341167756423e-02
2.290000000000000000e+02 3.568508450505076396e-02
2.300000000000000000e+02 3.332962510721734078e-02
2.310000000000000000e+02 3.223007407002097258e-02
2.320000000000000000e+02 3.072607186613865796e-02
2.330000000000000000e+02 2.714677398066412881e-02
2.340000000000000000e+02 2.839663667146370349e-02
2.350000000000000000e+02 2.766833591343093035e-02
2.360000000000000000e+02 2.843965123044193966e-02
2.370000000000000000e+02 2.904400847236017144e-02
2.380000000000000000e+02 3.125393760421035783e-02
2.390000000000000000e+02 3.166572014294967430e-02
2.400000000000000000e+02 3.551727794084287571e-02
2.410000000000000000e+02 3.593552084268217955e-02
2.420000000000000000e+02 3.820226021424751039e-02
2.430000000000000000e+02 4.067132578387326614e-02
2.440000000000000000e+02 4.343398658221440944e-02
2.450000000000000000e+02 4.833176536263869560e-02
2.460000000000000000e+02 5.195358391426776329e-02
2.470000000000000000e+02 5.614419486927803293e-02
2.480000000000000000e+02 6.099422710488950489e-02
2.490000000000000000e+02 6.305511578506826920e-02
2.500000000000000000e+02 6.772409484942462643e-02
2.510000000000000000e+02 7.155117276367946311e-02
2.520000000000000000e+02 7.819275376849089965e-02
2.530000000000000000e+02 8.238380191420521803e-02
2.540000000000000000e+02 8.599354090398317330e-02
2.550000000000000000e+02 9.091269715408915875e-02
2.560000000000000000e+02 9.543344767668730799e-02
2.570000000000000000e+02 9.964364139147148525e-02
2.580000000000000000e+02 1.036304204257931100e-01
2.590000000000000000e+02 1.074839582385143932e-01
2.600000000000000000e+02 1.094550820977716749e-01
2.610000000000000000e+02 1.133270136841466602e-01
2.620000000000000000e+02 1.174374093617321091e-01
2.630000000000000000e+02 1.163756677705076181e-01
2.640000000000000000e+02 1.177595359575230316e-01
2.650000000000000000e+02 1.218108931890374003e-01
2.660000000000000000e+02 1.230794643217836132e-01
2.670000000000000000e+02 1.255191621680087910e-01
2.680000000000000000e+02 1.293366848432394023e-01
2.690000000000000000e+02 1.347453907568199882e-01
2.700000000000000000e+02 1.361714536997649383e-01
2.710000000000000000e+02 1.415106726732498488e-01
2.720000000000000000e+02 1.412626278158271853e-01
2.730000000000000000e+02 1.453428455392831442e-01
2.740000000000000000e+02 1.481037481898978270e-01
2.750000000000000000e+02 1.497178805897609877e-01
2.760000000000000000e+02 1.523608994322252219e-01
2.770000000000000000e+02 1.542463021719567284e-01
2.780000000000000000e+02 1.575801326852745987e-01
2.790000000000000000e+02 1.605582718921827468e-01
2.800000000000000000e+02 1.613385409310018614e-01
2.810000000000000000e+02 1.621364928365219837e-01
2.820000000000000000e+02 1.652380323754630287e-01
2.830000000000000000e+02 1.667263807471990600e-01
2.840000000000000000e+02 1.688834892712193503e-01
2.850000000000000000e+02 1.698221660794133059e-01
2.860000000000000000e+02 1.718604512525286621e-01
2.870000000000000000e+02 1.752370709678156002e-01
2.880000000000000000e+02 1.758864321142084020e-01
2.890000000000000000e+02 1.783139520002585965e-01
2.900000000000000000e+02 1.784054359027587022e-01
2.910000000000000000e+02 1.785346870506910044e-01
2.920000000000000000e+02 1.855823101198032510e-01
2.930000000000000000e+02 1.865216039941519632e-01
2.940000000000000000e+02 1.881938339960608497e-01
2.950000000000000000e+02 1.863081495262738363e-01
2.960000000000000000e+02 1.901628740018772024e-01
2.970000000000000000e+02 1.909054650077652293e-01
2.980000000000000000e+02 1.956661189459004968e-01
2.990000000000000000e+02 1.954101598154514008e-01
3.000000000000000000e+02 1.996997586160492999e-01
3.010000000000000000e+02 2.017482819928688442e-01
3.020000000000000000e+02 2.041541577854382450e-01
3.030000000000000000e+02 2.047695997130718204e-01
3.040000000000000000e+02 2.062456324368097671e-01
3.050000000000000000e+02 2.088696788638182977e-01
3.060000000000000000e+02 2.104563263708049692e-01
3.070000000000000000e+02 2.137528955618175075e-01
3.080000000000000000e+02 2.165453064989757426e-01
3.090000000000000000e+02 2.165458483764093889e-01
3.100000000000000000e+02 2.190977411509031081e-01
3.110000000000000000e+02 2.193570347027177236e-01
3.120000000000000000e+02 2.201645826497150016e-01
3.130000000000000000e+02 2.218150479869725467e-01
3.140000000000000000e+02 2.219518747902052835e-01
3.150000000000000000e+02 2.208199947784223183e-01
3.160000000000000000e+02 2.213914313672738776e-01
3.170000000000000000e+02 2.240103752982356700e-01
3.180000000000000000e+02 2.234917340796437890e-01
3.190000000000000000e+02 2.256360329075374482e-01
3.200000000000000000e+02 2.251808513888206853e-01
3.210000000000000000e+02 2.251939353727172299e-01
3.220000000000000000e+02 2.259504941416553836e-01
3.230000000000000000e+02 2.277306844151439080e-01
3.240000000000000000e+02 2.278894714923316855e-01
3.250000000000000000e+02 2.266384852241386527e-01
3.260000000000000000e+02 2.271933911298026909e-01
3.270000000000000000e+02 2.268523120838683016e-01
3.280000000000000000e+02 2.258562691883745921e-01
3.290000000000000000e+02 2.275463900544587859e-01
3.300000000000000000e+02 2.260420414621806540e-01
3.310000000000000000e+02 2.246716969234432149e-01
3.320000000000000000e+02 2.237224186974024198e-01
3.330000000000000000e+02 2.234898645600282840e-01
3.340000000000000000e+02 2.210361359238215972e-01
3.350000000000000000e+02 2.198662157735239986e-01
3.360000000000000000e+02 2.203053668600263582e-01
3.370000000000000000e+02 2.193572235149643113e-01
3.380000000000000000e+02 2.172721744822687373e-01
3.390000000000000000e+02 2.143186892493894324e-01
3.400000000000000000e+02 2.142311703759910979e-01
3.410000000000000000e+02 2.138997265332749920e-01
3.420000000000000000e+02 2.135456952132077924e-01
3.430000000000000000e+02 2.133784918361258387e-01
3.440000000000000000e+02 2.100189083342268448e-01
3.450000000000000000e+02 2.108695083652522562e-01
3.460000000000000000e+02 2.089230756320885896e-01
3.470000000000000000e+02 2.117520529982573341e-01
3.480000000000000000e+02 2.084586191829850554e-01
3.490000000000000000e+02 2.104643051467723069e-01
3.500000000000000000e+02 2.105004884748279126e-01
3.510000000000000000e+02 2.009817116525807745e-01
3.520000000000000000e+02 2.014258360049349939e-01
3.530000000000000000e+02 2.005128238602669755e-01
3.540000000000000000e+02 2.024366655552375382e-01
3.550000000000000000e+02 1.994557479057612326e-01
3.560000000000000000e+02 1.998124382875879901e-01
3.570000000000000000e+02 1.956254715724771720e-01
3.580000000000000000e+02 1.911678211665390203e-01
3.590000000000000000e+02 1.950845123216959076e-01
3.600000000000000000e+02 1.909068493300650482e-01
3.610000000000000000e+02 1.914846120326398060e-01
3.620000000000000000e+02 1.927530161300030909e-01
3.630000000000000000e+02 1.904727960400076359e-01
3.640000000000000000e+02 1.934619772806110694e-01
3.650000000000000000e+02 1.930710383739388247e-01
3.660000000000000000e+02 1.938038038483248238e-01
3.670000000000000000e+02 1.912664479261862727e-01
3.680000000000000000e+02 1.946150108836137149e-01
3.690000000000000000e+02 1.902814608213733438e-01
3.700000000000000000e+02 1.921370049538260738e-01
3.710000000000000000e+02 1.910593398160874978e-01
3.720000000000000000e+02 1.918181831964101414e-01
3.730000000000000000e+02 1.897975254178979054e-01
3.740000000000000000e+02 1.898555722786298694e-01
3.750000000000000000e+02 1.921608083934834010e-01
3.760000000000000000e+02 1.919889433793713907e-01
3.770000000000000000e+02 1.893885383868277594e-01
3.780000000000000000e+02 1.893945514327177726e-01
3.790000000000000000e+02 1.921873914472335132e-01
3.800000000000000000e+02 1.878579351611558979e-01
3.810000000000000000e+02 1.864909870311990958e-01
3.820000000000000000e+02 1.932479772822289776e-01
3.830000000000000000e+02 1.927679784769978366e-01
3.840000000000000000e+02 1.900216467557525046e-01
3.850000000000000000e+02 1.953457580256165727e-01
3.860000000000000000e+02 1.930608973551138918e-01
3.870000000000000000e+02 1.935384361840805922e-01
3.880000000000000000e+02 1.967483031694094442e-01
3.890000000000000000e+02 1.973349023681302272e-01
3.900000000000000000e+02 2.005495253564505143e-01
3.910000000000000000e+02 1.955762909214776024e-01
3.920000000000000000e+02 1.984855037445736881e-01
3.930000000000000000e+02 1.984367492127567245e-01
3.940000000000000000e+02 1.953062339774544742e-01
3.950000000000000000e+02 1.999903784697668330e-01
3.960000000000000000e+02 1.959537629051105734e-01
3.970000000000000000e+02 1.996450385465124155e-01
3.980000000000000000e+02 1.999559805455839723e-01
3.990000000000000000e+02 1.967832878710215061e-01
4.000000000000000000e+02 2.012149908833961998e-01
4.010000000000000000e+02 2.019926038007984759e-01
4.020000000000000000e+02 1.988763186930447846e-01
4.030000000000000000e+02 1.972251297441710849e-01
4.040000000000000000e+02 2.024554921832306120e-01
4.050000000000000000e+02 1.973793500386275546e-01
4.060000000000000000e+02 2.043852768846046442e-01
4.070000000000000000e+02 2.005477521203220537e-01
4.080000000000000000e+02 2.026495476921059136e-01
4.090000000000000000e+02 1.990722716225303834e-01
4.100000000000000000e+02 2.009544281039410685e-01
4.110000000000000000e+02 1.966473303729402156e-01
4.120000000000000000e+02 1.973123718598978338e-01
4.130000000000000000e+02 1.969932796836746380e-01
4.140000000000000000e+02 1.954508131615164401e-01
4.150000000000000000e+02 1.924302262232742700e-01
4.160000000000000000e+02 1.933895560520796919e-01
4.170000000000000000e+02 1.923823864755939139e-01
4.180000000000000000e+02 1.948536026181400260e-01
4.190000000000000000e+02 1.948533371298041272e-01
4.200000000000000000e+02 1.921577655212158842e-01
4.210000000000000000e+02 1.865021412893945463e-01
4.220000000000000000e+02 1.888734495840972416e-01
4.230000000000000000e+02 1.875640378904392391e-01
4.240000000000000000e+02 1.934994092917887987e-01
4.250000000000000000e+02 1.950112909558623375e-01
4.260000000000000000e+02 1.917650607132644069e-01
4.270000000000000000e+02 1.946213274411787986e-01
4.280000000000000000e+02 1.920075290245277511e-01
4.290000000000000000e+02 2.002946271507039799e-01
4.300000000000000000e+02 1.968340217903553901e-01
4.310000000000000000e+02 1.924358810044466406e-01
4.320000000000000000e+02 1.977592499392502035e-01
4.330000000000000000e+02 2.013701646007719781e-01
4.340000000000000000e+02 2.029301880995446616e-01
4.350000000000000000e+02 2.075504244448184432e-01
4.360000000000000000e+02 2.039826686642589315e-01
4.370000000000000000e+02 2.027837055611231842e-01
4.380000000000000000e+02 2.089491206145789870e-01
4.390000000000000000e+02 2.059619003988423791e-01
4.400000000000000000e+02 2.096046654251651764e-01
4.410000000000000000e+02 2.087968451121818281e-01
4.420000000000000000e+02 2.138026269960951464e-01
4.430000000000000000e+02 2.083665735151765952e-01
4.440000000000000000e+02 2.079751752662976627e-01
4.450000000000000000e+02 2.121782247011051725e-01
4.460000000000000000e+02 2.153452727110700682e-01
4.470000000000000000e+02 2.171037368632686704e-01
4.480000000000000000e+02 2.222497854837557352e-01
4.490000000000000000e+02 2.201253792507208429e-01
4.500000000000000000e+02 2.206564613689352694e-01
4.510000000000000000e+02 2.234239940996739227e-01
4.520000000000000000e+02 2.229948070627026657e-01
4.530000000000000000e+02 2.240686924192090979e-01
4.540000000000000000e+02 2.262541774679677764e-01
4.550000000000000000e+02 2.291773776179885092e-01
4.560000000000000000e+02 2.226027321251146662e-01
4.570000000000000000e+02 2.259425893685959585e-01
4.580000000000000000e+02 2.289342141946413556e-01
4.590000000000000000e+02 2.263703717510522073e-01
4.600000000000000000e+02 2.276489776460152714e-01
4.610000000000000000e+02 2.275566628576445039e-01
4.620000000000000000e+02 2.257769150973670258e-01
4.630000000000000000e+02 2.267608171295347197e-01
4.640000000000000000e+02 2.301341855547674176e-01
4.650000000000000000e+02 2.355304502322854709e-01
4.660000000000000000e+02 2.379150626628249721e-01
4.670000000000000000e+02 2.370109295142440453e-01
4.680000000000000000e+02 2.371732252764447157e-01
4.690000000000000000e+02 2.426655373290829976e-01
4.700000000000000000e+02 2.393559654603713283e-01
4.710000000000000000e+02 2.452702227942230306e-01
4.720000000000000000e+02 2.463670107396881970e-01
4.730000000000000000e+02 2.514152869832456672e-01
4.740000000000000000e+02 2.510783527846776053e-01
4.750000000000000000e+02 2.495834736475535665e-01
4.760000000000000000e+02 2.510810867190532147e-01
4.770000000000000000e+02 2.552134602908787131e-01
4.780000000000000000e+02 2.572447305258099282e-01
4.790000000000000000e+02 2.612735720142075335e-01
4.800000000000000000e+02 2.626156694741313413e-01
4.810000000000000000e+02 2.653470107666612288e-01
4.820000000000000000e+02 2.605913481051914671e-01
4.830000000000000000e+02 2.653912671194224582e-01
4.840000000000000000e+02 2.708477417747702787e-01
4.850000000000000000e+02 2.682225458678424990e-01
4.860000000000000000e+02 2.701042691503873772e-01
4.870000000000000000e+02 2.719973330604871786e-01
4.880000000000000000e+02 2.736759746246618108e-01
4.890000000000000000e+02 2.749308497133890472e-01
4.900000000000000000e+02 2.755436955819393074e-01
4.910000000000000000e+02 2.835891167133287039e-01
4.920000000000000000e+02 2.822634998406055029e-01
4.930000000000000000e+02 2.837893539916446217e-01
4.940000000000000000e+02 2.838217434034851494e-01
4.950000000000000000e+02 2.903201018088454322e-01
4.960000000000000000e+02 2.908150736778858381e-01
4.970000000000000000e+02 2.972925520941396282e-01
4.980000000000000000e+02 3.014203069251422673e-01
4.990000000000000000e+02 2.989986345655414879e-01
5.000000000000000000e+02 3.018903880006010287e-01
5.010000000000000000e+02 3.058591843880018590e-01
5.020000000000000000e+02 3.028062888770363670e-01
5.030000000000000000e+02 3.085188994060552581e-01
5.040000000000000000e+02 3.109485262263541050e-01
5.050000000000000000e+02 3.100054260098453751e-01
5.060000000000000000e+02 3.134457546062302535e-01
5.070000000000000000e+02 3.132865706096408798e-01
5.080000000000000000e+02 3.172320134854307305e-01
5.090000000000000000e+02 3.212458727951065796e-01
5.100000000000000000e+02 3.252009119264616666e-01
5.110000000000000000e+02 3.251137727965888180e-01
5.120000000000000000e+02 3.286153126059842000e-01
5.130000000000000000e+02 3.317027767253363790e-01
5.140000000000000000e+02 3.304240986738293251e-01
5.150000000000000000e+02 3.323557802634986014e-01
5.160000000000000000e+02 3.373585384750154015e-01
5.170000000000000000e+02 3.414721321899131246e-01
5.180000000000000000e+02 3.445930562355042359e-01
5.190000000000000000e+02 3.428016034864539985e-01
5.200000000000000000e+02 3.436007542209411625e-01
5.210000000000000000e+02 3.468710747162243591e-01
5.220000000000000000e+02 3.525782049591786871e-01
5.230000000000000000e+02 3.531368823446497940e-01
5.240000000000000000e+02 3.523340257939827080e-01
5.250000000000000000e+02 3.576917855536407842e-01
5.260000000000000000e+02 3.616534985858662066e-01
5.270000000000000000e+02 3.566932847984804478e-01
5.280000000000000000e+02 3.615931112112202306e-01
5.290000000000000000e+02 3.613116210945068740e-01
5.300000000000000000e+02 3.670936396868172413e-01
5.310000000000000000e+02 3.601921788477323583e-01
5.320000000000000000e+02 3.630651717186855754e-01
5.330000000000000000e+02 3.681984708845342236e-01
5.340000000000000000e+02 3.681138364066662838e-01
5.350000000000000000e+02 3.702656178010650945e-01
5.360000000000000000e+02 3.746440478385297812e-01
5.370000000000000000e+02 3.737653876255473961e-01
5.380000000000000000e+02 3.788201894048704443e-01
5.390000000000000000e+02 3.785949195546030044e-01
5.400000000000000000e+02 3.805419270161958245e-01
5.410000000000000000e+02 3.846618575165171583e-01
5.420000000000000000e+02 3.835513200504507281e-01
5.430000000000000000e+02 3.847406984783636186e-01
5.440000000000000000e+02 3.845718738273899429e-01
5.450000000000000000e+02 3.905871234674972436e-01
5.460000000000000000e+02 3.879128860071113238e-01
5.470000000000000000e+02 3.915652238844217203e-01
5.480000000000000000e+02 3.941480607332960018e-01
5.490000000000000000e+02 3.957269077436758042e-01
5.500000000000000000e+02 3.963706927571196137e-01
5.510000000000000000e+02 3.961518394485381567e-01
5.520000000000000000e+02 3.988929452503849893e-01
5.530000000000000000e+02 4.009132236278668548e-01
5.540000000000000000e+02 4.022857187628099407e-01
5.550000000000000000e+02 4.030797422594926127e-01
5.560000000000000000e+02 4.071417083846435858e-01
5.570000000000000000e+02 4.107752908421082316e-01
5.580000000000000000e+02 4.140511432153269333e-01
5.590000000000000000e+02 4.170401691749219264e-01
5.600000000000000000e+02 4.160160179794845092e-01
5.610000000000000000e+02 4.224619323846027785e-01
5.620000000000000000e+02 4.212989070341852660e-01
5.630000000000000000e+02 4.241007394467266600e-01
5.640000000000000000e+02 4.233863993607480114e-01
5.650000000000000000e+02 4.269571383310816759e-01
5.660000000000000000e+02 4.273034866602506976e-01
5.670000000000000000e+02 4.284061846985730559e-01
5.680000000000000000e+02 4.265594469712393200e-01
5.690000000000000000e+02 4.296492213140563066e-01
5.700000000000000000e+02 4.300907373766394426e-01
5.710000000000000000e+02 4.319095461145155967e-01
5.720000000000000000e+02 4.352798865365894998e-01
5.730000000000000000e+02 4.364440041321024366e-01
5.740000000000000000e+02 4.355444399717391946e-01
5.750000000000000000e+02 4.366535786861762136e-01
5.760000000000000000e+02 4.360016342757018215e-01
5.770000000000000000e+02 4.416390044163958084e-01
5.780000000000000000e+02 4.418688949893522788e-01
5.790000000000000000e+02 4.407849973968639423e-01
5.800000000000000000e+02 4.385301049943847729e-01
5.810000000000000000e+02 4.472855184922914784e-01
5.820000000000000000e+02 4.472291668418407196e-01
5.830000000000000000e+02 4.465395495646791169e-01
5.840000000000000000e+02 4.494536464655267127e-01
5.850000000000000000e+02 4.480710528576709040e-01
5.860000000000000000e+02 4.506980359046363072e-01
5.870000000000000000e+02 4.493876297038102430e-01
5.880000000000000000e+02 4.484011347025634309e-01
5.890000000000000000e+02 4.520570651399892226e-01
5.900000000000000000e+02 4.523254353328269306e-01
5.910000000000000000e+02 4.535282434146675201e-01
5.920000000000000000e+02 4.516941846030760321e-01
5.930000000000000000e+02 4.553660658921056537e-01
5.940000000000000000e+02 4.605992007273808642e-01
5.950000000000000000e+02 4.634006049541169459e-01
5.960000000000000000e+02 4.639356946809865545e-01
5.970000000000000000e+02 4.666399374004736589e-01
5.980000000000000000e+02 4.589311466705918163e-01
5.990000000000000000e+02 4.580284827423408145e-01
6.000000000000000000e+02 4.599178628666099056e-01
6.010000000000000000e+02 4.605196929523120430e-01
6.020000000000000000e+02 4.600296303212058069e-01
6.030000000000000000e+02 4.673594844778316548e-01
6.040000000000000000e+02 4.653263492237489918e-01
6.050000000000000000e+02 4.628169290795641766e-01
6.060000000000000000e+02 4.644477722473471792e-01
6.070000000000000000e+02 4.704922523695032055e-01
6.080000000000000000e+02 4.723248500021194896e-01
6.090000000000000000e+02 4.701181560414715022e-01
6.100000000000000000e+02 4.730056645162666329e-01
6.110000000000000000e+02 4.722721844024075355e-01
6.120000000000000000e+02 4.680824751489331970e-01
6.130000000000000000e+02 4.742611491376849675e-01
6.140000000000000000e+02 4.729021061637750378e-01
6.150000000000000000e+02 4.733020916839635328e-01
6.160000000000000000e+02 4.757131955986536043e-01
6.170000000000000000e+02 4.711362826186769603e-01
6.180000000000000000e+02 4.736478839884542547e-01
6.190000000000000000e+02 4.789021290806215747e-01
6.200000000000000000e+02 4.731064905431557333e-01
6.210000000000000000e+02 4.751650928369837157e-01
6.220000000000000000e+02 4.759255323080288647e-01
6.230000000000000000e+02 4.755552455105651610e-01
6.240000000000000000e+02 4.789999156956945559e-01
6.250000000000000000e+02 4.817030143348057236e-01
6.260000000000000000e+02 4.790452139618830985e-01
6.270000000000000000e+02 4.808027550550323381e-01
6.280000000000000000e+02 4.775227911027524197e-01
6.290000000000000000e+02 4.742119662828731541e-01
6.300000000000000000e+02 4.808302005214497021e-01
6.310000000000000000e+02 4.829788127329958658e-01
6.320000000000000000e+02 4.758702119862505686e-01
6.330000000000000000e+02 4.793660420429809998e-01
6.340000000000000000e+02 4.789003159185701297e-01
6.350000000000000000e+02 4.746249900609072481e-01
6.360000000000000000e+02 4.816936075391086702e-01
6.370000000000000000e+02 4.803607082449223298e-01
6.380000000000000000e+02 4.808037229338856244e-01
6.390000000000000000e+02 4.781870909964162641e-01
6.400000000000000000e+02 4.777544793510389853e-01
6.410000000000000000e+02 4.746246194022570308e-01
6.420000000000000000e+02 4.791268816527425867e-01
6.430000000000000000e+02 4.812176628047328819e-01
6.440000000000000000e+02 4.758506428893745088e-01
6.450000000000000000e+02 4.785637205039194320e-01
6.460000000000000000e+02 4.792094581560731315e-01
6.470000000000000000e+02 4.727091910194322621e-01
6.480000000000000000e+02 4.747438580254267904e-01
6.490000000000000000e+02 4.750772635938331767e-01
6.500000000000000000e+02 4.738246473165179662e-01
6.510000000000000000e+02 4.711034436998220998e-01
6.520000000000000000e+02 4.722956728204988908e-01
6.530000000000000000e+02 4.670065238316030154e-01
6.540000000000000000e+02 4.712025141531223094e-01
6.550000000000000000e+02 4.691584423999166087e-01
6.560000000000000000e+02 4.662816894665077205e-01
6.570000000000000000e+02 4.680369532939890331e-01
6.580000000000000000e+02 4.692393419856259462e-01
6.590000000000000000e+02 4.646642062398345652e-01
6.600000000000000000e+02 4.597754175985003244e-01
6.610000000000000000e+02 4.600591822505282202e-01
6.620000000000000000e+02 4.602086857915899665e-01
6.630000000000000000e+02 4.602500194792688570e-01
6.640000000000000000e+02 4.601987685405860007e-01
6.650000000000000000e+02 4.600922088038650326e-01
6.660000000000000000e+02 4.599409203594504447e-01
6.670000000000000000e+02 4.597825534191086194e-01
6.680000000000000000e+02 4.650608428279230377e-01
6.690000000000000000e+02 4.595258120423550974e-01
6.700000000000000000e+02 4.649193624469463160e-01
6.710000000000000000e+02 4.595230720372156519e-01
6.720000000000000000e+02 4.651277268901179429e-01
6.730000000000000000e+02 4.654353706909276633e-01
6.740000000000000000e+02 4.658987371743816830e-01
6.750000000000000000e+02 4.665612900798620788e-01
6.760000000000000000e+02 4.674338561897078415e-01
6.770000000000000000e+02 4.685488468226807757e-01
6.780000000000000000e+02 4.644790995313213822e-01
6.790000000000000000e+02 4.661545388922271327e-01
6.800000000000000000e+02 4.626955369374299853e-01
6.810000000000000000e+02 4.650125499214643465e-01
6.820000000000000000e+02 4.621493595083610018e-01
6.830000000000000000e+02 4.594826865758564471e-01
6.840000000000000000e+02 4.623779616795075098e-01
6.850000000000000000e+02 4.653160850038863816e-01
6.860000000000000000e+02 4.682148978415543450e-01
6.870000000000000000e+02 4.655719615900324460e-01
6.880000000000000000e+02 4.681800337889984176e-01
6.890000000000000000e+02 4.705265870257656635e-01
6.900000000000000000e+02 4.725418826248540261e-01
6.910000000000000000e+02 4.741460054427258930e-01
6.920000000000000000e+02 4.752704710116670284e-01
6.930000000000000000e+02 4.758367881215818662e-01
6.940000000000000000e+02 4.811608285683362518e-01
6.950000000000000000e+02 4.750386463575673179e-01
6.960000000000000000e+02 4.735321197376856084e-01
6.970000000000000000e+02 4.765301032457908148e-01
6.980000000000000000e+02 4.786055918423539612e-01
6.990000000000000000e+02 4.796949965638840352e-01
7.000000000000000000e+02 4.797252909320581793e-01
7.010000000000000000e+02 4.786194450834867498e-01
7.020000000000000000e+02 4.815190637796339379e-01
7.030000000000000000e+02 4.776975713366598542e-01
7.040000000000000000e+02 4.828041692268249530e-01
7.050000000000000000e+02 4.861385195652457303e-01
7.060000000000000000e+02 4.875426064971061790e-01
7.070000000000000000e+02 4.920857271385965515e-01
7.080000000000000000e+02 4.891973908433789875e-01
7.090000000000000000e+02 4.891348923679568195e-01
7.100000000000000000e+02 4.917186469289518413e-01
7.110000000000000000e+02 4.916191538761988666e-01
7.120000000000000000e+02 4.938377988005880903e-01
7.130000000000000000e+02 4.879642838446183184e-01
7.140000000000000000e+02 4.943082428407617468e-01
7.150000000000000000e+02 4.973558041905769000e-01
7.160000000000000000e+02 4.969837373318809481e-01
7.170000000000000000e+02 4.981145471837178929e-01
7.180000000000000000e+02 5.005872636028396716e-01
7.190000000000000000e+02 4.992161697334953629e-01
7.200000000000000000e+02 5.038755900380597064e-01
7.210000000000000000e+02 4.994212407023008726e-01
7.220000000000000000e+02 5.055723068512119056e-01
7.230000000000000000e+02 5.072105020506536555e-01
7.240000000000000000e+02 5.090948828665158299e-01
7.250000000000000000e+02 5.110275591697842623e-01
7.260000000000000000e+02 5.128088113130992998e-01
7.270000000000000000e+02 5.142420528071369734e-01
7.280000000000000000e+02 5.199760145027604308e-01
7.290000000000000000e+02 5.201168877785816713e-01
7.300000000000000000e+02 5.241426067924593868e-01
7.310000000000000000e+02 5.222474468109611356e-01
7.320000000000000000e+02 5.285941733253172181e-01
7.330000000000000000e+02 5.286616461162366720e-01
7.340000000000000000e+02 5.270597372142855619e-01
7.350000000000000000e+02 5.283195681387559128e-01
7.360000000000000000e+02 5.322151703756370367e-01
7.370000000000000000e+02 5.338597647756058162e-01
7.380000000000000000e+02 5.377362977760650198e-01
7.390000000000000000e+02 5.436285264743009327e-01
7.400000000000000000e+02 5.467166457652441469e-01
7.410000000000000000e+02 5.468523792205373102e-01
7.420000000000000000e+02 5.484320363263760489e-01
7.430000000000000000e+02 5.512477781019254897e-01
7.440000000000000000e+02 5.505543066028422139e-01
7.450000000000000000e+02 5.507058259639709963e-01
7.460000000000000000e+02 5.559901823537131138e-01
7.470000000000000000e+02 5.616723330502113587e-01
7.480000000000000000e+02 5.630982938878253963e-01
7.490000000000000000e+02 5.645613215548367370e-01
7.500000000000000000e+02 5.658718703049513410e-01
7.510000000000000000e+02 5.668346762514936410e-01
7.520000000000000000e+02 5.672619497854816117e-01
7.530000000000000000e+02 5.713389717611642160e-01
7.540000000000000000e+02 5.744836890092065440e-01
7.550000000000000000e+02 5.721728693975063340e-01
7.560000000000000000e+02 5.772514410770029913e-01
7.570000000000000000e+02 5.765253552233524648e-01
7.580000000000000000e+02 5.827364654293257784e-01
7.590000000000000000e+02 5.828136664962603186e-01
7.600000000000000000e+02 5.851438471711541967e-01
7.610000000000000000e+02 5.852825870865209223e-01
7.620000000000000000e+02 5.830862795158232581e-01
7.630000000000000000e+02 5.868317794477513338e-01
7.640000000000000000e+02 5.878997020194056677e-01
7.650000000000000000e+02 5.903383316228182354e-01
7.660000000000000000e+02 5.898093773588783950e-01
7.670000000000000000e+02 5.903229937175477060e-01
7.680000000000000000e+02 5.917122582527194474e-01
7.690000000000000000e+02 5.938086191858732432e-01
7.700000000000000000e+02 5.964377981224042724e-01
7.710000000000000000e+02 5.994401776186989439e-01
7.720000000000000000e+02 6.026502315572648261e-01
7.730000000000000000e+02 6.018421618414111496e-01
7.740000000000000000e+02 6.050045556546254089e-01
7.750000000000000000e+02 6.038533131914188834e-01
7.760000000000000000e+02 6.103630900700528494e-01
7.770000000000000000e+02 6.122583758305183421e-01
7.780000000000000000e+02 6.094171996416805070e-01
7.790000000000000000e+02 6.137154989723474507e-01
7.800000000000000000e+02 6.169610480459674084e-01
7.810000000000000000e+02 6.150491423669016688e-01
7.820000000000000000e+02 6.197795476710427076e-01
7.830000000000000000e+02 6.191371651871560022e-01
7.840000000000000000e+02 6.209241544709770411e-01
7.850000000000000000e+02 6.250089429630081295e-01
7.860000000000000000e+02 6.273406455234813439e-01
7.870000000000000000e+02 6.317279215338024168e-01
7.880000000000000000e+02 6.341413721137764137e-01
7.890000000000000000e+02 6.344828058905961354e-01
7.900000000000000000e+02 6.365362603781372641e-01
7.910000000000000000e+02 6.362976333763972203e-01
7.920000000000000000e+02 6.375396684577112616e-01
7.930000000000000000e+02 6.401461160690471441e-01
7.940000000000000000e+02 6.439868660710309500e-01
7.950000000000000000e+02 6.489486007604908790e-01
7.960000000000000000e+02 6.472333792109218331e-01
7.970000000000000000e+02 6.502654669080940586e-01
7.980000000000000000e+02 6.540789961245820905e-01
7.990000000000000000e+02 6.585646448842817913e-01
8.000000000000000000e+02 6.559690789222770713e-01
8.010000000000000000e+02 6.576627382535120692e-01
8.020000000000000000e+02 6.635637400425298260e-01
8.030000000000000000e+02 6.622101141380987155e-01
8.040000000000000000e+02 6.649713134031135509e-01
8.050000000000000000e+02 6.642021800014312749e-01
8.060000000000000000e+02 6.674397795169605407e-01
8.070000000000000000e+02 6.670638217521865920e-01
8.080000000000000000e+02 6.743824023796043399e-01
8.090000000000000000e+02 6.704283132853795513e-01
8.100000000000000000e+02 6.740688736829961725e-01
8.110000000000000000e+02 6.776953662599138895e-01
8.120000000000000000e+02 6.812561982274067951e-01
8.130000000000000000e+02 6.847111119455431272e-01
8.140000000000000000e+02 6.842438797616750001e-01
8.150000000000000000e+02 6.835778715642700787e-01
8.160000000000000000e+02 6.902045846565770804e-01
8.170000000000000000e+02 6.927744654658327672e-01
8.180000000000000000e+02 6.912416716192426591e-01
8.190000000000000000e+02 6.930925579158883076e-01
8.200000000000000000e+02 6.945170857167443090e-01
8.210000000000000000e+02 6.954781212016697411e-01
8.220000000000000000e+02 6.959682178883317416e-01
8.230000000000000000e+02 6.997588594963688458e-01
8.240000000000000000e+02 7.030883250609110124e-01
8.250000000000000000e+02 7.021932404482302825e-01
8.260000000000000000e+02 7.083833328786667272e-01
8.270000000000000000e+02 7.103600232982132390e-01
8.280000000000000000e+02 7.118865920355244015e-01
8.290000000000000000e+02 7.129737152552453328e-01
8.300000000000000000e+02 7.136206152962606408e-01
8.310000000000000000e+02 7.176181622853456954e-01
8.320000000000000000e+02 7.174003961217282344e-01
8.330000000000000000e+02 7.205466747628007651e-01
8.340000000000000000e+02 7.232720119633815337e-01
8.350000000000000000e+02 7.217774527576030774e-01
8.360000000000000000e+02 7.274751593847935682e-01
8.370000000000000000e+02 7.289582658236068990e-01
8.380000000000000000e+02 7.300348098473024017e-01
8.390000000000000000e+02 7.383598997062312819e-01
8.400000000000000000e+02 7.386350933409143726e-01
8.410000000000000000e+02 7.385180266119639736e-01
8.420000000000000000e+02 7.419203715344246941e-01
8.430000000000000000e+02 7.450790568646072920e-01
8.440000000000000000e+02 7.480701228312641726e-01
8.450000000000000000e+02 7.509662840228467084e-01
8.460000000000000000e+02 7.499637621328829606e-01
8.470000000000000000e+02 7.489957817934216333e-01
8.480000000000000000e+02 7.481436187150515282e-01
8.490000000000000000e+02 7.513862287183817878e-01
8.500000000000000000e+02 7.509993863794947044e-01
8.510000000000000000e+02 7.509541961116057429e-01
8.520000000000000000e+02 7.513315255723802544e-01
8.530000000000000000e+02 7.522132947713467965e-01
8.540000000000000000e+02 7.576400711905139085e-01
8.550000000000000000e+02 7.597808610044460842e-01
8.560000000000000000e+02 7.586822005916304956e-01
8.570000000000000000e+02 7.623966354914649690e-01
8.580000000000000000e+02 7.670233880636504464e-01
8.590000000000000000e+02 7.686367093682556773e-01
8.600000000000000000e+02 7.672794091378255521e-01
8.610000000000000000e+02 7.711109896814880571e-01
8.620000000000000000e+02 7.721649886833723553e-01
8.630000000000000000e+02 7.746131829470804808e-01
8.640000000000000000e+02 7.744904374557695093e-01
8.650000000000000000e+02 7.842160884511130137e-01
8.660000000000000000e+02 7.792766730883105009e-01
8.670000000000000000e+02 7.803216016431817614e-01
8.680000000000000000e+02 7.833912228563502111e-01
8.690000000000000000e+02 7.844553879514388761e-01
8.700000000000000000e+02 7.877987104174725141e-01
8.710000000000000000e+02 7.851550846123895866e-01
8.720000000000000000e+02 7.892546090310916806e-01
8.730000000000000000e+02 7.918138297230838951e-01
8.740000000000000000e+02 7.929355833634321726e-01
8.750000000000000000e+02 7.927325309333410619e-01
8.760000000000000000e+02 7.999118336238351112e-01
8.770000000000000000e+02 7.930801086470999905e-01
8.780000000000000000e+02 7.982380355556807361e-01
8.790000000000000000e+02 7.982212588752533033e-01
8.800000000000000000e+02 7.974644593729467434e-01
8.810000000000000000e+02 8.005024143851329210e-01
8.820000000000000000e+02 8.031184141442120339e-01
8.830000000000000000e+02 7.965591652332977279e-01
8.840000000000000000e+02 7.987558775617416007e-01
8.850000000000000000e+02 8.055139743924080165e-01
8.860000000000000000e+02 8.034849820142755394e-01
8.870000000000000000e+02 8.063601891451046555e-01
8.880000000000000000e+02 8.006465026599247636e-01
8.890000000000000000e+02 8.093818237839875973e-01
8.900000000000000000e+02 8.098469931154029799e-01
8.910000000000000000e+02 8.067168102969545229e-01
8.920000000000000000e+02 8.094716633429291930e-01
8.930000000000000000e+02 8.089615816930924019e-01
8.940000000000000000e+02 8.100434188122115353e-01
8.950000000000000000e+02 8.129157886933345845e-01
8.960000000000000000e+02 8.129988557594934884e-01
8.970000000000000000e+02 8.152362611163125328e-01
8.980000000000000000e+02 8.149987207648180521e-01
8.990000000000000000e+02 8.124144814656150126e-01
9.000000000000000000e+02 8.174454390321572728e-01
9.010000000000000000e+02 8.155904186703449854e-01
9.020000000000000000e+02 8.168417013307708308e-01
9.030000000000000000e+02 8.214432413098767816e-01
9.040000000000000000e+02 8.195642936317557581e-01
9.050000000000000000e+02 8.214059746642176085e-01
9.060000000000000000e+02 8.221221930906226216e-01
9.070000000000000000e+02 8.218739981731458810e-01
9.080000000000000000e+02 8.156606176004600472e-01
9.090000000000000000e+02 8.191707980286306867e-01
9.100000000000000000e+02 8.223126866107958177e-01
9.110000000000000000e+02 8.199786983800406714e-01
9.120000000000000000e+02 8.228954511480898182e-01
9.130000000000000000e+02 8.367163227747251852e-01
9.140000000000000000e+02 8.348945502837400445e-01
9.150000000000000000e+02 8.390297057492911437e-01
9.160000000000000000e+02 8.385007078977516626e-01
9.170000000000000000e+02 8.444315705333820254e-01
9.180000000000000000e+02 8.405076961565206561e-01
9.190000000000000000e+02 8.434928451325806043e-01
9.200000000000000000e+02 8.424757111371823370e-01
9.210000000000000000e+02 8.432493393190019226e-01
9.220000000000000000e+02 8.460345957105844805e-01
9.230000000000000000e+02 8.510643442224432587e-01
9.240000000000000000e+02 8.527728630745289307e-01
9.250000000000000000e+02 8.512710054937224768e-01
9.260000000000000000e+02 8.525655163880749843e-01
9.270000000000000000e+02 8.569075420388622133e-01
9.280000000000000000e+02 8.526113781457147489e-01
9.290000000000000000e+02 8.577320193345780996e-01
9.300000000000000000e+02 8.544856097073086909e-01
9.310000000000000000e+02 8.612033623831594209e-01
9.320000000000000000e+02 8.598407538100496517e-01
9.330000000000000000e+02 8.628247505655886052e-01
9.340000000000000000e+02 8.579432743386594673e-01
9.350000000000000000e+02 8.641269060126799406e-01
9.360000000000000000e+02 8.627882718482261515e-01
9.370000000000000000e+02 8.667428101844634192e-01
9.380000000000000000e+02 8.634457448105657962e-01
9.390000000000000000e+02 8.594110986674889929e-01
9.400000000000000000e+02 8.679372331560085696e-01
9.410000000000000000e+02 8.631336270008928002e-01
9.420000000000000000e+02 8.714278500793284365e-01
9.430000000000000000e+02 8.664943211122189126e-01
9.440000000000000000e+02 8.616610383494718306e-01
9.450000000000000000e+02 8.638897092082289397e-01
9.460000000000000000e+02 8.597881288002375832e-01
9.470000000000000000e+02 8.631762105294075171e-01
9.480000000000000000e+02 8.743688466194988740e-01
9.490000000000000000e+02 8.656847695470313298e-01
9.500000000000000000e+02 8.721179051642307112e-01
9.510000000000000000e+02 8.657205746958780423e-01
9.520000000000000000e+02 8.678609838259573328e-01
9.530000000000000000e+02 8.644581731486303822e-01
9.540000000000000000e+02 8.628154597030016637e-01
9.550000000000000000e+02 8.704599973762626730e-01
9.560000000000000000e+02 8.730077266404597802e-01
9.570000000000000000e+02 8.705080068956049244e-01
9.580000000000000000e+02 8.779827491335542300e-01
9.590000000000000000e+02 8.732167085659101602e-01
9.600000000000000000e+02 8.712872158480360341e-01
9.610000000000000000e+02 8.723992852116971841e-01
9.620000000000000000e+02 8.767312723181239775e-01
9.630000000000000000e+02 8.766648394263168997e-01
9.640000000000000000e+02 8.721936794033299245e-01
9.650000000000000000e+02 8.790088748813542630e-01
9.660000000000000000e+02 8.737055767273982365e-01
9.670000000000000000e+02 8.799953411449670249e-01
9.680000000000000000e+02 8.821631615082753397e-01
9.690000000000000000e+02 8.802229489805789564e-01
9.700000000000000000e+02 8.741678584286474152e-01
9.710000000000000000e+02 8.803247240543279339e-01
9.720000000000000000e+02 8.825884048066685583e-01
9.730000000000000000e+02 8.892209839892796230e-01
9.740000000000000000e+02 8.837759416456899553e-01
9.750000000000000000e+02 8.828325554454093949e-01
9.760000000000000000e+02 8.865548819048116869e-01
9.770000000000000000e+02 8.866580281849282263e-01
9.780000000000000000e+02 8.916688021210803505e-01
9.790000000000000000e+02 8.846494010405402397e-01
9.800000000000000000e+02 8.912820267668285501e-01
9.810000000000000000e+02 8.859244269651350701e-01
9.820000000000000000e+02 8.944693344968477344e-01
9.830000000000000000e+02 8.908991299880103520e-01
9.840000000000000000e+02 8.925636427870994316e-01
9.850000000000000000e+02 8.907225868720536344e-01
9.860000000000000000e+02 8.941584694167207248e-01
9.870000000000000000e+02 9.029269635437604524e-01
9.880000000000000000e+02 8.992104922759911467e-01
9.890000000000000000e+02 9.007722970344572699e-01
9.900000000000000000e+02 8.986469581916142202e-01
9.910000000000000000e+02 9.018412233313215509e-01
9.920000000000000000e+02 9.012947267655743167e-01
9.930000000000000000e+02 9.060771706468205844e-01
9.940000000000000000e+02 9.070729568241531204e-01
9.950000000000000000e+02 8.950413704621424937e-01
9.960000000000000000e+02 8.974826503745665374e-01
9.970000000000000000e+02 8.960246382492083050e-01
9.980000000000000000e+02 8.999001760676103023e-01
9.990000000000000000e+02 8.998225374299371193e-01
1.000000000000000000e+03 8.957560010013992935e-01
1.001000000000000000e+03 8.969722564874021975e-01
1.002000000000000000e+03 9.034117941831385501e-01
1.003000000000000000e+03 8.961770100578778653e-01
1.004000000000000000e+03 8.938879126938555908e-01
1.005000000000000000e+03 8.869994623386608934e-01
1.006000000000000000e+03 8.848310710337058405e-01
1.007000000000000000e+03 8.872808157978532284e-01
1.008000000000000000e+03 9.037449223622407990e-01
1.009000000000000000e+03 9.056034259572326439e-01
1.010000000000000000e+03 9.021753097331364213e-01
1.011000000000000000e+03 9.028795721814505404e-01
1.012000000000000000e+03 9.075715827877047781e-01
1.013000000000000000e+03 9.065832641570499284e-01
1.014000000000000000e+03 8.997638792518738438e-01
1.015000000000000000e+03 9.157174084442936124e-01
1.016000000000000000e+03 9.064000387436624839e-01
1.017000000000000000e+03 9.100310674446872028e-01
1.018000000000000000e+03 9.072891361732430271e-01
1.019000000000000000e+03 9.172380960976987962e-01
1.020000000000000000e+03 9.109413316520783566e-01
1.021000000000000000e+03 9.074678583124755615e-01
1.022000000000000000e+03 9.066194455034234378e-01
1.023000000000000000e+03 9.081864085895048344e-01
1.024000000000000000e+03 9.119669435257721224e-01
1.025000000000000000e+03 9.177388906125296675e-01
1.026000000000000000e+03 8.965430286480530198e-01
1.027000000000000000e+03 9.057038531219684385e-01
1.028000000000000000e+03 9.066609680816120065e-01
1.029000000000000000e+03 9.087809799957892176e-01
1.030000000000000000e+03 9.118801868005375066e-01
1.031000000000000000e+03 9.348096064024977725e-01
1.032000000000000000e+03 9.391804705074283666e-01
1.033000000000000000e+03 9.438848964705115474e-01
1.034000000000000000e+03 9.392137798897528533e-01
1.035000000000000000e+03 9.439802271537999223e-01
1.036000000000000000e+03 9.484735836527522501e-01
1.037000000000000000e+03 9.524782937252248560e-01
1.038000000000000000e+03 9.463520341141309355e-01
1.039000000000000000e+03 9.488037144575776072e-01
1.040000000000000000e+03 9.595898561838763774e-01
1.041000000000000000e+03 9.596506385491236912e-01
1.042000000000000000e+03 9.582101013252165567e-01
1.043000000000000000e+03 9.643720544430425257e-01
1.044000000000000000e+03 9.591987737307707818e-01
1.045000000000000000e+03 9.611314343372269198e-01
1.046000000000000000e+03 9.606197462841671308e-01
1.047000000000000000e+03 9.574239254872061178e-01
1.048000000000000000e+03 9.698153926483871201e-01
1.049000000000000000e+03 9.697933432594010306e-01
1.050000000000000000e+03 9.755918538765485648e-01
1.051000000000000000e+03 9.685995693991705791e-01
1.052000000000000000e+03 9.669718812624560345e-01
1.053000000000000000e+03 9.795650364063452908e-01
1.054000000000000000e+03 9.787200703358591714e-01
1.055000000000000000e+03 9.915454892171080559e-01
1.056000000000000000e+03 9.905469589113384821e-01
1.057000000000000000e+03 9.936544989825950580e-01
1.058000000000000000e+03 9.826077200998064587e-01
1.059000000000000000e+03 9.752489253854370599e-01
1.060000000000000000e+03 9.802516824234344117e-01
1.061000000000000000e+03 9.794509175006379520e-01
1.062000000000000000e+03 9.726780435764698085e-01
1.063000000000000000e+03 9.863514516491271866e-01
1.064000000000000000e+03 9.847265140525776062e-01
1.065000000000000000e+03 9.853447208703998150e-01
1.066000000000000000e+03 9.967521558965242168e-01
1.067000000000000000e+03 9.923533100044580335e-01
1.068000000000000000e+03 9.895544460107686957e-01
1.069000000000000000e+03 9.881083898217316586e-01
1.070000000000000000e+03 9.877966222877667679e-01
1.071000000000000000e+03 9.970449629121731494e-01
1.072000000000000000e+03 9.982959288567563316e-01
1.073000000000000000e+03 9.914269374161984727e-01
1.074000000000000000e+03 9.934256754706686232e-01
1.075000000000000000e+03 9.954714785180417413e-01
1.076000000000000000e+03 9.973361885448404074e-01
1.077000000000000000e+03 9.903260660272243943e-01
1.078000000000000000e+03 9.997241100856724128e-01
1.079000000000000000e+03 9.998291179039182630e-01
1.080000000000000000e+03 9.989501393641287974e-01
1.081000000000000000e+03 1.005272780621300655e+00
1.082000000000000000e+03 1.010183172584700584e+00
1.083000000000000000e+03 1.013503900842291472e+00
1.084000000000000000e+03 1.015075960549802314e+00
1.085000000000000000e+03 1.014733796337588423e+00
1.086000000000000000e+03 1.012305332818311365e+00
1.087000000000000000e+03 1.015878379716220747e+00
1.088000000000000000e+03 1.025224005505067870e+00
1.089000000000000000e+03 1.023706803715556557e+00
1.090000000000000000e+03 1.027594603135796314e+00
1.091000000000000000e+03 1.028513451046858984e+00
1.092000000000000000e+03 1.026309712356023418e+00
1.093000000000000000e+03 1.037052769927335971e+00
1.094000000000000000e+03 1.044286872604242244e+00
1.095000000000000000e+03 1.047855467342276414e+00
1.096000000000000000e+03 1.047602799807256568e+00
1.097000000000000000e+03 1.051429058384727888e+00
1.098000000000000000e+03 1.051102449685000328e+00
1.099000000000000000e+03 1.054487889157337044e+00
1.100000000000000000e+03 1.061370692832280360e+00
1.101000000000000000e+03 1.063619860599991584e+00
1.102000000000000000e+03 1.053183019813603183e+00
1.103000000000000000e+03 1.061785058949237248e+00
1.104000000000000000e+03 1.057539576984175111e+00
1.105000000000000000e+03 1.064125569076826761e+00
1.106000000000000000e+03 1.057721113361259846e+00
1.107000000000000000e+03 1.061919653778117034e+00
1.108000000000000000e+03 1.060840237259143892e+00
1.109000000000000000e+03 1.070111754539677662e+00
1.110000000000000000e+03 1.066084191540959347e+00
1.111000000000000000e+03 1.072174086709582586e+00
1.112000000000000000e+03 1.064834881993452997e+00
1.113000000000000000e+03 1.075183016755740795e+00
1.114000000000000000e+03 1.079719568435873578e+00
1.115000000000000000e+03 1.078347797837440281e+00
1.116000000000000000e+03 1.071015475879520951e+00
1.117000000000000000e+03 1.080887376668840716e+00
1.118000000000000000e+03 1.084578684086637601e+00
1.119000000000000000e+03 1.074296798294164246e+00
1.120000000000000000e+03 1.080866083047904658e+00
1.121000000000000000e+03 1.081003093099294210e+00
1.122000000000000000e+03 1.082389744017447697e+00
1.123000000000000000e+03 1.084961810585706621e+00
1.124000000000000000e+03 1.080976013348647236e+00
1.125000000000000000e+03 1.085772798541379869e+00
1.126000000000000000e+03 1.083935041352195761e+00
1.127000000000000000e+03 1.090766116522445817e+00
1.128000000000000000e+03 1.090855727961553612e+00
1.129000000000000000e+03 1.084176951155645163e+00
1.130000000000000000e+03 1.093689995202689058e+00
1.131000000000000000e+03 1.096326750384975179e+00
1.132000000000000000e+03 1.092049229275167122e+00
1.133000000000000000e+03 1.103803231891238301e+00
1.134000000000000000e+03 1.100883763851067787e+00
1.135000000000000000e+03 1.106232774125287532e+00
1.136000000000000000e+03 1.104482665896476812e+00
1.137000000000000000e+03 1.103233728118478751e+00
1.138000000000000000e+03 1.102455511239246455e+00
1.139000000000000000e+03 1.102079853229753770e+00
1.140000000000000000e+03 1.109743726414572862e+00
1.141000000000000000e+03 1.110070711706825586e+00
1.142000000000000000e+03 1.110748748249460682e+00
1.143000000000000000e+03 1.104131184705871016e+00
1.144000000000000000e+03 1.113297411360926414e+00
1.145000000000000000e+03 1.115238377773309919e+00
1.146000000000000000e+03 1.117671125359841477e+00
1.147000000000000000e+03 1.112928065988169735e+00
1.148000000000000000e+03 1.124155923584001515e+00
1.149000000000000000e+03 1.120566721555116052e+00
1.150000000000000000e+03 1.125321107180180080e+00
1.151000000000000000e+03 1.115284456870426100e+00
1.152000000000000000e+03 1.129143264753759812e+00
1.153000000000000000e+03 1.120517883903127565e+00
1.154000000000000000e+03 1.120400075149108998e+00
1.155000000000000000e+03 1.121091304849550996e+00
1.156000000000000000e+03 1.122625921561639872e+00
1.157000000000000000e+03 1.132825756972248410e+00
1.158000000000000000e+03 1.128365502137741672e+00
1.159000000000000000e+03 1.124836951391632089e+00
1.160000000000000000e+03 1.137943866658821523e+00
1.161000000000000000e+03 1.128587699146770484e+00
1.162000000000000000e+03 1.136023526040486953e+00
1.163000000000000000e+03 1.136812405624145539e+00
1.164000000000000000e+03 1.130977294470752126e+00
1.165000000000000000e+03 1.134394794138390283e+00
1.166000000000000000e+03 1.147203122435215272e+00
1.167000000000000000e+03 1.137770029238224678e+00
1.168000000000000000e+03 1.145844652156682963e+00
1.169000000000000000e+03 1.139704291127768387e+00
1.170000000000000000e+03 1.135326685304454131e+00
1.171000000000000000e+03 1.140844922344851353e+00
1.172000000000000000e+03 1.140330118556779126e+00
1.173000000000000000e+03 1.141874681815286285e+00
1.174000000000000000e+03 1.137501231736115948e+00
1.175000000000000000e+03 1.143466264609529270e+00
1.176000000000000000e+03 1.151802403193399105e+00
1.177000000000000000e+03 1.146307870904938575e+00
1.178000000000000000e+03 1.151494644730602701e+00
1.179000000000000000e+03 1.151129578225659422e+00
1.180000000000000000e+03 1.145242617889429049e+00
1.181000000000000000e+03 1.150403082283105949e+00
1.182000000000000000e+03 1.150262791093831671e+00
1.183000000000000000e+03 1.153209780251570393e+00
1.184000000000000000e+03 1.151062290185939752e+00
1.185000000000000000e+03 1.152274402090171401e+00
1.186000000000000000e+03 1.157005902679738352e+00
1.187000000000000000e+03 1.148560784273706004e+00
1.188000000000000000e+03 1.152322848465368921e+00
1.189000000000000000e+03 1.151560951510738118e+00
1.190000000000000000e+03 1.154887162133887424e+00
1.191000000000000000e+03 1.153923295547204964e+00
1.192000000000000000e+03 1.148747288314982518e+00
1.193000000000000000e+03 1.156708933381936255e+00
1.194000000000000000e+03 1.152099478475976380e+00
1.195000000000000000e+03 1.152307023056407198e+00
1.196000000000000000e+03 1.157519756707256375e+00
1.197000000000000000e+03 1.150401334807180875e+00
1.198000000000000000e+03 1.157344035754884981e+00
1.199000000000000000e+03 1.152146107350648263e+00
1.200000000000000000e+03 1.161417730179810981e+00
1.201000000000000000e+03 1.149817967416544295e+00
1.202000000000000000e+03 1.162035936630812616e+00
1.203000000000000000e+03 1.162534850262999297e+00
1.204000000000000000e+03 1.160375742438428670e+00
1.205000000000000000e+03 1.164764711934413333e+00
1.206000000000000000e+03 1.166831647084764834e+00
1.207000000000000000e+03 1.157551837983801901e+00
1.208000000000000000e+03 1.155345308990149311e+00
1.209000000000000000e+03 1.160476291049633790e+00
1.210000000000000000e+03 1.163928821669163671e+00
1.211000000000000000e+03 1.165835919223092709e+00
1.212000000000000000e+03 1.166360824526522011e+00
1.213000000000000000e+03 1.165651178311981173e+00
1.214000000000000000e+03 1.163857416662622990e+00
1.215000000000000000e+03 1.161132877418667109e+00
1.216000000000000000e+03 1.157633904989395779e+00
1.217000000000000000e+03 1.163158127115439866e+00
1.218000000000000000e+03 1.168336628205492556e+00
1.219000000000000000e+03 1.173346672162322468e+00
1.220000000000000000e+03 1.168593488455672125e+00
1.221000000000000000e+03 1.173733690304129773e+00
1.222000000000000000e+03 1.169343178183574139e+00
1.223000000000000000e+03 1.176237709384015506e+00
1.224000000000000000e+03 1.181801063105588412e+00
1.225000000000000000e+03 1.181150688774937230e+00
1.226000000000000000e+03 1.182394626014475092e+00
1.227000000000000000e+03 1.177616444083499525e+00
1.228000000000000000e+03 1.183162764768565411e+00
1.229000000000000000e+03 1.182980192639160766e+00
1.230000000000000000e+03 1.200791175407563305e+00
1.231000000000000000e+03 1.206015197224457713e+00
1.232000000000000000e+03 1.214203233520430469e+00
1.233000000000000000e+03 1.209883705868546766e+00
1.234000000000000000e+03 1.216128225455623380e+00
1.235000000000000000e+03 1.195244774016130940e+00
1.236000000000000000e+03 1.192616584828859017e+00
1.237000000000000000e+03 1.192686717487914549e+00
1.238000000000000000e+03 1.189222188817427250e+00
1.239000000000000000e+03 1.189882236614016042e+00
1.240000000000000000e+03 1.194895727901188698e+00
1.241000000000000000e+03 1.187051677022016083e+00
1.242000000000000000e+03 1.192604561497029758e+00
1.243000000000000000e+03 1.194293334428664144e+00
1.244000000000000000e+03 1.192210584852972044e+00
1.245000000000000000e+03 1.186452884037728195e+00
1.246000000000000000e+03 1.186072682508909404e+00
1.247000000000000000e+03 1.191311702972904563e+00
1.248000000000000000e+03 1.193369936809088427e+00
1.249000000000000000e+03 1.192354481335064831e+00
1.250000000000000000e+03 1.189520487911579938e+00
1.251000000000000000e+03 1.191892323419030175e+00
1.252000000000000000e+03 1.182394369839100845e+00
1.253000000000000000e+03 1.188855840461204849e+00
1.254000000000000000e+03 1.193022800406401629e+00
1.255000000000000000e+03 1.195024117008602893e+00
1.256000000000000000e+03 1.185570591913813754e+00
1.257000000000000000e+03 1.183594424533112699e+00
1.258000000000000000e+03 1.188183315946798269e+00
1.259000000000000000e+03 1.192428203157206434e+00
1.260000000000000000e+03 1.194092624252477863e+00
1.261000000000000000e+03 1.195701985892679398e+00
1.262000000000000000e+03 1.194919697782990564e+00
1.263000000000000000e+03 1.192999614250143781e+00
1.264000000000000000e+03 1.198560105891188332e+00
1.265000000000000000e+03 1.194574695983660284e+00
1.266000000000000000e+03 1.198262954580462392e+00
1.267000000000000000e+03 1.201123058569961488e+00
1.268000000000000000e+03 1.201970890824212157e+00
1.269000000000000000e+03 1.200851590467860497e+00
1.270000000000000000e+03 1.202838242411993663e+00
1.271000000000000000e+03 1.201739126772898292e+00
1.272000000000000000e+03 1.203917115302245211e+00
1.273000000000000000e+03 1.208217462975673895e+00
1.274000000000000000e+03 1.209634867268150948e+00
1.275000000000000000e+03 1.212051107542286399e+00
1.276000000000000000e+03 1.215553384490795308e+00
1.277000000000000000e+03 1.217647146813075842e+00
1.278000000000000000e+03 1.220980902511401567e+00
1.279000000000000000e+03 1.223045803313165925e+00
1.280000000000000000e+03 1.225206854481730945e+00
1.281000000000000000e+03 1.227530388790554206e+00
1.282000000000000000e+03 1.228731442386331141e+00
1.283000000000000000e+03 1.231450282893432169e+00
1.284000000000000000e+03 1.233074679512658589e+00
1.285000000000000000e+03 1.236260762730905016e+00
1.286000000000000000e+03 1.238379933966038626e+00
1.287000000000000000e+03 1.240771231614130832e+00
1.288000000000000000e+03 1.242119024827294860e+00
1.289000000000000000e+03 1.243768107711271664e+00
1.290000000000000000e+03 1.245740351343758379e+00
1.291000000000000000e+03 1.246706095484468202e+00
1.292000000000000000e+03 1.248024291818902620e+00
1.293000000000000000e+03 1.251069818439901837e+00
1.294000000000000000e+03 1.250441893077189892e+00
1.295000000000000000e+03 1.252933051574704804e+00
1.296000000000000000e+03 1.254492018516585539e+00
1.297000000000000000e+03 1.255130130700726099e+00
1.298000000000000000e+03 1.256224524378817931e+00
1.299000000000000000e+03 1.259167930255900236e+00
1.300000000000000000e+03 1.259867922755193659e+00
1.301000000000000000e+03 1.261063781655082483e+00
1.302000000000000000e+03 1.262700356186638562e+00
1.303000000000000000e+03 1.264702843243518338e+00
1.304000000000000000e+03 1.267001254161383761e+00
1.305000000000000000e+03 1.269519606129340339e+00
1.306000000000000000e+03 1.273567384352070286e+00
1.307000000000000000e+03 1.273537582257813661e+00
1.308000000000000000e+03 1.276270575215287639e+00
1.309000000000000000e+03 1.278927904162058482e+00
1.310000000000000000e+03 1.281430533068750099e+00
1.311000000000000000e+03 1.285094644954855925e+00
1.312000000000000000e+03 1.284287776457683661e+00
1.313000000000000000e+03 1.285880850082068205e+00
1.314000000000000000e+03 1.288407854524695306e+00
1.315000000000000000e+03 1.290407175784333393e+00
1.316000000000000000e+03 1.291802464191216693e+00
1.317000000000000000e+03 1.293908147339899450e+00
1.318000000000000000e+03 1.296650926723670327e+00
1.319000000000000000e+03 1.298562936435730952e+00
1.320000000000000000e+03 1.302352276333858860e+00
1.321000000000000000e+03 1.305150163475635727e+00
1.322000000000000000e+03 1.308213989454429349e+00
1.323000000000000000e+03 1.311398782573644617e+00
1.324000000000000000e+03 1.314561174790866982e+00
1.325000000000000000e+03 1.318941541688609664e+00
1.326000000000000000e+03 1.321625392457580705e+00
1.327000000000000000e+03 1.326622883117569263e+00
1.328000000000000000e+03 1.328253306012322943e+00
1.329000000000000000e+03 1.331910098116015684e+00
1.330000000000000000e+03 1.336060952266365343e+00
1.331000000000000000e+03 1.339185159517129797e+00
1.332000000000000000e+03 1.342519433321348155e+00
1.333000000000000000e+03 1.345921244613209611e+00
1.334000000000000000e+03 1.349244705326370752e+00
1.335000000000000000e+03 1.353721026091285529e+00
1.336000000000000000e+03 1.356464957583657149e+00
1.337000000000000000e+03 1.358710169807093360e+00
1.338000000000000000e+03 1.361680388265575692e+00
1.339000000000000000e+03 1.365230482249596422e+00
1.340000000000000000e+03 1.367858857350271684e+00
1.341000000000000000e+03 1.370782679907982304e+00
1.342000000000000000e+03 1.373843511873276579e+00
1.343000000000000000e+03 1.376881359872173638e+00
1.344000000000000000e+03 1.378388938462314028e+00
1.345000000000000000e+03 1.382256916168060235e+00
1.346000000000000000e+03 1.384280965488373427e+00
1.347000000000000000e+03 1.386995179727739336e+00
1.348000000000000000e+03 1.388901607719044140e+00
1.349000000000000000e+03 1.389847003100605605e+00
1.350000000000000000e+03 1.393680066988091104e+00
1.351000000000000000e+03 1.394906417001521293e+00
1.352000000000000000e+03 1.397367388536172816e+00
1.353000000000000000e+03 1.398249665346275261e+00
1.354000000000000000e+03 1.401374394276549529e+00
1.355000000000000000e+03 1.401298415449453882e+00
1.356000000000000000e+03 1.401834086015816494e+00
1.357000000000000000e+03 1.402823115862013026e+00
1.358000000000000000e+03 1.405416992429271428e+00
1.359000000000000000e+03 1.408145557969787687e+00
1.360000000000000000e+03 1.412156773535538923e+00
1.361000000000000000e+03 1.413387330324844759e+00
1.362000000000000000e+03 1.418157451473095021e+00
1.363000000000000000e+03 1.422380374606848852e+00
1.364000000000000000e+03 1.428454784244407083e+00
1.365000000000000000e+03 1.424615884025173029e+00
1.366000000000000000e+03 1.431274521562379443e+00
1.367000000000000000e+03 1.436658548727574258e+00
1.368000000000000000e+03 1.432941842871391369e+00
1.369000000000000000e+03 1.439102357404130617e+00
1.370000000000000000e+03 1.444730141201972407e+00
1.371000000000000000e+03 1.448386030749594378e+00
1.372000000000000000e+03 1.452430107891297340e+00
1.373000000000000000e+03 1.455423617430322780e+00
1.374000000000000000e+03 1.458452589669102295e+00
1.375000000000000000e+03 1.458834045737261054e+00
1.376000000000000000e+03 1.458909346358721049e+00
1.377000000000000000e+03 1.456014133523000575e+00
1.378000000000000000e+03 1.452480307408962057e+00
1.379000000000000000e+03 1.456821200913845482e+00
1.380000000000000000e+03 1.458904415805483135e+00
1.381000000000000000e+03 1.458577713456102209e+00
1.382000000000000000e+03 1.474183373174014600e+00
1.383000000000000000e+03 1.468615603217485077e+00
1.384000000000000000e+03 1.479875256694803243e+00
1.385000000000000000e+03 1.486922292357649500e+00
1.386000000000000000e+03 1.492085730009620859e+00
1.387000000000000000e+03 1.503759883374137685e+00
1.388000000000000000e+03 1.493840135855559303e+00
1.389000000000000000e+03 1.499884814311214898e+00
1.390000000000000000e+03 1.510772399755322182e+00
1.391000000000000000e+03 1.509452053962025753e+00
1.392000000000000000e+03 1.512712802222372810e+00
1.393000000000000000e+03 1.513185457760060304e+00
1.394000000000000000e+03 1.519138659964942573e+00
1.395000000000000000e+03 1.520837200210531925e+00
1.396000000000000000e+03 1.519364555373131198e+00
1.397000000000000000e+03 1.521751785685528713e+00
1.398000000000000000e+03 1.529026221512389094e+00
1.399000000000000000e+03 1.532725284855188885e+00
1.400000000000000000e+03 1.531549793632015488e+00
1.401000000000000000e+03 1.534853593063838728e+00
1.402000000000000000e+03 1.533069248201923918e+00
1.403000000000000000e+03 1.535545079500111543e+00
1.404000000000000000e+03 1.542159416247724124e+00
1.405000000000000000e+03 1.535190405763746879e+00
1.406000000000000000e+03 1.541551878534238584e+00
1.407000000000000000e+03 1.550554495022840040e+00
1.408000000000000000e+03 1.537560398685936747e+00
1.409000000000000000e+03 1.545720410907580389e+00
1.410000000000000000e+03 1.539907279191255363e+00
1.411000000000000000e+03 1.537525473856771629e+00
1.412000000000000000e+03 1.539623487167159022e+00
1.413000000000000000e+03 1.551886158780015013e+00
1.414000000000000000e+03 1.551007790783504259e+00
1.415000000000000000e+03 1.553140377874178801e+00
1.416000000000000000e+03 1.550082838338696201e+00
1.417000000000000000e+03 1.557919641811313038e+00
1.418000000000000000e+03 1.560372934696630409e+00
1.419000000000000000e+03 1.566579264398757276e+00
1.420000000000000000e+03 1.566069908686894330e+00
1.421000000000000000e+03 1.567978199439283626e+00
1.422000000000000000e+03 1.564198099192130487e+00
1.423000000000000000e+03 1.571927129181580396e+00
1.424000000000000000e+03 1.564695154101225949e+00
1.425000000000000000e+03 1.568870943500092707e+00
1.426000000000000000e+03 1.575217298739710392e+00
1.427000000000000000e+03 1.566497088376054059e+00
1.428000000000000000e+03 1.570178339102383136e+00
1.429000000000000000e+03 1.575895257258734139e+00
1.430000000000000000e+03 1.574443729505864420e+00
1.431000000000000000e+03 1.577230630085060037e+00
1.432000000000000000e+03 1.580774491827550587e+00
1.433000000000000000e+03 1.570159046971230543e+00
1.434000000000000000e+03 1.571653560639394875e+00
1.435000000000000000e+03 1.573772791240473090e+00
1.436000000000000000e+03 1.570751219999344084e+00
1.437000000000000000e+03 1.577418467050667461e+00
1.438000000000000000e+03 1.578855362396903272e+00
1.439000000000000000e+03 1.581884334768732359e+00
1.440000000000000000e+03 1.579590537150665774e+00
1.441000000000000000e+03 1.578804211458346263e+00
1.442000000000000000e+03 1.580671049028189001e+00
1.443000000000000000e+03 1.584049402052358335e+00
1.444000000000000000e+03 1.580911548825098434e+00
1.445000000000000000e+03 1.589624358350781197e+00
1.446000000000000000e+03 1.582632630560852682e+00
1.447000000000000000e+03 1.595558550728915392e+00
1.448000000000000000e+03 1.593921313768754233e+00
1.449000000000000000e+03 1.594968966454982429e+00
1.450000000000000000e+03 1.597559322365446732e+00
1.451000000000000000e+03 1.594771102976459742e+00
1.452000000000000000e+03 1.602774916182902576e+00
1.453000000000000000e+03 1.604249655760689786e+00
1.454000000000000000e+03 1.600336410136323995e+00
1.455000000000000000e+03 1.599137305597730485e+00
1.456000000000000000e+03 1.599504510401325241e+00
1.457000000000000000e+03 1.611921562450209899e+00
1.458000000000000000e+03 1.608474573426531329e+00
1.459000000000000000e+03 1.608937049297048949e+00
1.460000000000000000e+03 1.610995123898542936e+00
1.461000000000000000e+03 1.607637926603629586e+00
1.462000000000000000e+03 1.607104305060034655e+00
1.463000000000000000e+03 1.617701664781059145e+00
1.464000000000000000e+03 1.613634879199343120e+00
1.465000000000000000e+03 1.622032329866022637e+00
1.466000000000000000e+03 1.615823228747368168e+00
1.467000000000000000e+03 1.621056268964312874e+00
1.468000000000000000e+03 1.620046696077982018e+00
1.469000000000000000e+03 1.614002939955757832e+00
1.470000000000000000e+03 1.629217804425122207e+00
1.471000000000000000e+03 1.621625166615783042e+00
1.472000000000000000e+03 1.617513136061420109e+00
1.473000000000000000e+03 1.615768334827369035e+00
1.474000000000000000e+03 1.628530012995106357e+00
1.475000000000000000e+03 1.625745661610122905e+00
1.476000000000000000e+03 1.626753070064986373e+00
1.477000000000000000e+03 1.623135562917858099e+00
1.478000000000000000e+03 1.624670643964013284e+00
1.479000000000000000e+03 1.619236263489367778e+00
1.480000000000000000e+03 1.619101562202329703e+00
1.481000000000000000e+03 1.621922387648744746e+00
1.482000000000000000e+03 1.620408817603197660e+00
1.483000000000000000e+03 1.619569668840927568e+00
1.484000000000000000e+03 1.617020747648735268e+00
1.485000000000000000e+03 1.616584409836269609e+00
1.486000000000000000e+03 1.615875085177173931e+00
1.487000000000000000e+03 1.616242154412133036e+00
1.488000000000000000e+03 1.614013685655061092e+00
1.489000000000000000e+03 1.615584913128008449e+00
1.490000000000000000e+03 1.614747761895493294e+00
1.491000000000000000e+03 1.615395370575597678e+00
1.492000000000000000e+03 1.613807107201675306e+00
1.493000000000000000e+03 1.615194442608413716e+00
1.494000000000000000e+03 1.614532143289032495e+00
1.495000000000000000e+03 1.614486977423425174e+00
1.496000000000000000e+03 1.615164909519759107e+00
1.497000000000000000e+03 1.616677684521379943e+00
1.498000000000000000e+03 1.615205113046684016e+00
1.499000000000000000e+03 1.616074883580914223e+00
1.500000000000000000e+03 1.616776904630930156e+00
1.501000000000000000e+03 1.617414904814217902e+00
1.502000000000000000e+03 1.618110164639506854e+00
1.503000000000000000e+03 1.617648814561800208e+00
1.504000000000000000e+03 1.618835695594480928e+00
1.505000000000000000e+03 1.619115409932799565e+00
1.506000000000000000e+03 1.619962302823827249e+00
1.507000000000000000e+03 1.621513402589376929e+00
1.508000000000000000e+03 1.621165181071683392e+00
1.509000000000000000e+03 1.623153869753694467e+00
1.510000000000000000e+03 1.622105724898976087e+00
1.511000000000000000e+03 1.625064186465007943e+00
1.512000000000000000e+03 1.626627221070564566e+00
1.513000000000000000e+03 1.628312666289762012e+00
1.514000000000000000e+03 1.628841366045207018e+00
1.515000000000000000e+03 1.626910490631271911e+00
1.516000000000000000e+03 1.628325456035870866e+00
1.517000000000000000e+03 1.627535447347955744e+00
1.518000000000000000e+03 1.628966814366567428e+00
1.519000000000000000e+03 1.628443900399116240e+00
1.520000000000000000e+03 1.627527230546397030e+00
1.521000000000000000e+03 1.627818470147130547e+00
1.522000000000000000e+03 1.628009251922606371e+00
1.523000000000000000e+03 1.628245262402894911e+00
1.524000000000000000e+03 1.628676911744459499e+00
1.525000000000000000e+03 1.629456535067607792e+00
1.526000000000000000e+03 1.627724800407740924e+00
1.527000000000000000e+03 1.628140140641351818e+00
1.528000000000000000e+03 1.627842854033878517e+00
1.529000000000000000e+03 1.626972992718515920e+00
1.530000000000000000e+03 1.625673865368858939e+00
1.531000000000000000e+03 1.625646325512399404e+00
1.532000000000000000e+03 1.623945987583943262e+00
1.533000000000000000e+03 1.623841363220124956e+00
1.534000000000000000e+03 1.622358610037506477e+00
1.535000000000000000e+03 1.621220902114798523e+00
1.536000000000000000e+03 1.620595052865125840e+00
1.537000000000000000e+03 1.617433027775174503e+00
1.538000000000000000e+03 1.615089399867091879e+00
1.539000000000000000e+03 1.616998098470622924e+00
1.540000000000000000e+03 1.616845249785867855e+00
1.541000000000000000e+03 1.614754765028112216e+00
1.542000000000000000e+03 1.614151947847270563e+00
1.543000000000000000e+03 1.613531076224524963e+00
1.544000000000000000e+03 1.613035685444499823e+00
1.545000000000000000e+03 1.612804600885709316e+00
1.546000000000000000e+03 1.612986827085369557e+00
1.547000000000000000e+03 1.612021005463650569e+00
1.548000000000000000e+03 1.611750991344102601e+00
1.549000000000000000e+03 1.610597545845468659e+00
1.550000000000000000e+03 1.608693240795232349e+00
1.551000000000000000e+03 1.609681556753955745e+00
1.552000000000000000e+03 1.608459890839271766e+00
1.553000000000000000e+03 1.606915107842322055e+00
1.554000000000000000e+03 1.606979196960440337e+00
1.555000000000000000e+03 1.607030521403305601e+00
1.556000000000000000e+03 1.605409189597883257e+00
1.557000000000000000e+03 1.605883218253424616e+00
1.558000000000000000e+03 1.604970334494435713e+00
1.559000000000000000e+03 1.602802091400611362e+00
1.560000000000000000e+03 1.601366299073335719e+00
1.561000000000000000e+03 1.602696315591752629e+00
1.562000000000000000e+03 1.605082050327301335e+00
1.563000000000000000e+03 1.606756025207143557e+00
1.564000000000000000e+03 1.607818815237420429e+00
1.565000000000000000e+03 1.606446480551051881e+00
1.566000000000000000e+03 1.606574238691688805e+00
1.567000000000000000e+03 1.610283759783054380e+00
1.568000000000000000e+03 1.611891208660378938e+00
1.569000000000000000e+03 1.611470684003728504e+00
1.570000000000000000e+03 1.611079696530869354e+00
1.571000000000000000e+03 1.610836536701451216e+00
1.572000000000000000e+03 1.612865930237533663e+00
1.573000000000000000e+03 1.613291403056251294e+00
1.574000000000000000e+03 1.612202856102675552e+00
1.575000000000000000e+03 1.611733677565956313e+00
1.576000000000000000e+03 1.614069736728292570e+00
1.577000000000000000e+03 1.613183634915689169e+00
1.578000000000000000e+03 1.613293237103592626e+00
1.579000000000000000e+03 1.612449841420578567e+00
1.580000000000000000e+03 1.612863338863349982e+00
1.581000000000000000e+03 1.616787692004396204e+00
1.582000000000000000e+03 1.615833711743531298e+00
1.583000000000000000e+03 1.618545829328600361e+00
1.584000000000000000e+03 1.616432853748539955e+00
1.585000000000000000e+03 1.620300544295470324e+00
1.586000000000000000e+03 1.621603181412705208e+00
1.587000000000000000e+03 1.620352876030735967e+00
1.588000000000000000e+03 1.620979553538597351e+00
1.589000000000000000e+03 1.621360593857942511e+00
1.590000000000000000e+03 1.623779897169010056e+00
1.591000000000000000e+03 1.623856683745020568e+00
1.592000000000000000e+03 1.626118262225706435e+00
1.593000000000000000e+03 1.626136745099195480e+00
1.594000000000000000e+03 1.628489400880157145e+00
1.595000000000000000e+03 1.628706198429088925e+00
1.596000000000000000e+03 1.626819851578662268e+00
1.597000000000000000e+03 1.627479158104066626e+00
1.598000000000000000e+03 1.628466273879472181e+00
1.599000000000000000e+03 1.629854500141664886e+00
1.600000000000000000e+03 1.629372116041186924e+00
1.601000000000000000e+03 1.631753133645604592e+00
1.602000000000000000e+03 1.634671348992434270e+00
1.603000000000000000e+03 1.633378707931330442e+00
1.604000000000000000e+03 1.634954984467523076e+00
1.605000000000000000e+03 1.637038493059982169e+00
1.606000000000000000e+03 1.637211653246764209e+00
1.607000000000000000e+03 1.640274463619445067e+00
1.608000000000000000e+03 1.641399004486161495e+00
1.609000000000000000e+03 1.642980863657377277e+00
1.610000000000000000e+03 1.642574383322350728e+00
1.611000000000000000e+03 1.645047348266982734e+00
1.612000000000000000e+03 1.645498650035054355e+00
1.613000000000000000e+03 1.648834753143220810e+00
1.614000000000000000e+03 1.647633338687849003e+00
1.615000000000000000e+03 1.649300407165381621e+00
1.616000000000000000e+03 1.651359072582873955e+00
1.617000000000000000e+03 1.653797829176552048e+00
1.618000000000000000e+03 1.654095221444079167e+00
1.619000000000000000e+03 1.659780029237751364e+00
1.620000000000000000e+03 1.660778965707128796e+00
1.621000000000000000e+03 1.662093842944164290e+00
1.622000000000000000e+03 1.666195730038479761e+00
1.623000000000000000e+03 1.670473195591648086e+00
1.624000000000000000e+03 1.672286390629031061e+00
1.625000000000000000e+03 1.674090980850679866e+00
1.626000000000000000e+03 1.678369862537598234e+00
1.627000000000000000e+03 1.682478112986867558e+00
1.628000000000000000e+03 1.686329658552789379e+00
1.629000000000000000e+03 1.689832752840993768e+00
1.630000000000000000e+03 1.692900186026849774e+00
1.631000000000000000e+03 1.700628659011456101e+00
1.632000000000000000e+03 1.705158551418686663e+00
1.633000000000000000e+03 1.706387010711145402e+00
1.634000000000000000e+03 1.706816430272551921e+00
1.635000000000000000e+03 1.711576521304546183e+00
1.636000000000000000e+03 1.715372340011160679e+00
1.637000000000000000e+03 1.720723627796507449e+00
1.638000000000000000e+03 1.724929282569445999e+00
1.639000000000000000e+03 1.727898858417516115e+00
1.640000000000000000e+03 1.732165906106665210e+00
1.641000000000000000e+03 1.737632486285254796e+00
1.642000000000000000e+03 1.738906688794792599e+00
1.643000000000000000e+03 1.743736670054733429e+00
1.644000000000000000e+03 1.751981638027646060e+00
1.645000000000000000e+03 1.755597705952207876e+00
1.646000000000000000e+03 1.762343364004885782e+00
1.647000000000000000e+03 1.766801738523637422e+00
1.648000000000000000e+03 1.768826277894760102e+00
1.649000000000000000e+03 1.773551721577894202e+00
1.650000000000000000e+03 1.778193100581506814e+00
1.651000000000000000e+03 1.782606605959488277e+00
1.652000000000000000e+03 1.786648487733579316e+00
1.653000000000000000e+03 1.790175162111832696e+00
1.654000000000000000e+03 1.795683641213488224e+00
1.655000000000000000e+03 1.797744587128959459e+00
1.656000000000000000e+03 1.801500428737648374e+00
1.657000000000000000e+03 1.806803877550946735e+00
1.658000000000000000e+03 1.808233188200117247e+00
1.659000000000000000e+03 1.810924630442140693e+00
1.660000000000000000e+03 1.817362697557632023e+00
1.661000000000000000e+03 1.819499785186547536e+00
1.662000000000000000e+03 1.825063027988561792e+00
1.663000000000000000e+03 1.825989793983120890e+00
1.664000000000000000e+03 1.832617178151916049e+00
1.665000000000000000e+03 1.836889025185710622e+00
1.666000000000000000e+03 1.838635545233633151e+00
1.667000000000000000e+03 1.845553010946473727e+00
1.668000000000000000e+03 1.846979537936211946e+00
1.669000000000000000e+03 1.850605384451578850e+00
1.670000000000000000e+03 1.856251374188764514e+00
1.671000000000000000e+03 1.858518758569476015e+00
1.672000000000000000e+03 1.859855529765657822e+00
1.673000000000000000e+03 1.867898196915988240e+00
1.674000000000000000e+03 1.869454978336991147e+00
1.675000000000000000e+03 1.874762315018435599e+00
1.676000000000000000e+03 1.878450128488378779e+00
1.677000000000000000e+03 1.880354297270569575e+00
1.678000000000000000e+03 1.885482153467090471e+00
1.679000000000000000e+03 1.891063560398243526e+00
1.680000000000000000e+03 1.894356564368199658e+00
1.681000000000000000e+03 1.897770450203144277e+00
1.682000000000000000e+03 1.903718075243523877e+00
1.683000000000000000e+03 1.906896873809983406e+00
1.684000000000000000e+03 1.909728049236725678e+00
1.685000000000000000e+03 1.912052428652619929e+00
1.686000000000000000e+03 1.916273485514024433e+00
1.687000000000000000e+03 1.919671948676824114e+00
1.688000000000000000e+03 1.922099252014704662e+00
1.689000000000000000e+03 1.928486437350713123e+00
1.690000000000000000e+03 1.933584485200291025e+00
1.691000000000000000e+03 1.934711998326501980e+00
1.692000000000000000e+03 1.939320041124276583e+00
1.693000000000000000e+03 1.942185104257109662e+00
1.694000000000000000e+03 1.948204350076292224e+00
1.695000000000000000e+03 1.949661234431098844e+00
1.696000000000000000e+03 1.953958461312824912e+00
1.697000000000000000e+03 1.958423448304226433e+00
1.698000000000000000e+03 1.962898210928072373e+00
1.699000000000000000e+03 1.964733055283400809e+00
1.700000000000000000e+03 1.968776474982402602e+00
1.701000000000000000e+03 1.974871058716739292e+00
1.702000000000000000e+03 1.975399335619065111e+00
1.703000000000000000e+03 1.980180190249813510e+00
1.704000000000000000e+03 1.984090002932662911e+00
1.705000000000000000e+03 1.986994750967437051e+00
1.706000000000000000e+03 1.991228353368085902e+00
1.707000000000000000e+03 1.991708167785453565e+00
1.708000000000000000e+03 1.995702152987109068e+00
1.709000000000000000e+03 1.998135725520371109e+00
1.710000000000000000e+03 2.001328481577305585e+00
1.711000000000000000e+03 2.005142528340421837e+00
1.712000000000000000e+03 2.006979366424963551e+00
1.713000000000000000e+03 2.009157161344552467e+00
1.714000000000000000e+03 2.013978267654423782e+00
1.715000000000000000e+03 2.018854059386852917e+00
1.716000000000000000e+03 2.018769935853061970e+00
1.717000000000000000e+03 2.020907865963121441e+00
1.718000000000000000e+03 2.025121069911906879e+00
1.719000000000000000e+03 2.028835306032140462e+00
1.720000000000000000e+03 2.029489535596034511e+00
1.721000000000000000e+03 2.031810110066466279e+00
1.722000000000000000e+03 2.030863976529181603e+00
1.723000000000000000e+03 2.033823793642198119e+00
1.724000000000000000e+03 2.035772150956520310e+00
1.725000000000000000e+03 2.039041792105583006e+00
1.726000000000000000e+03 2.038730023924553603e+00
1.727000000000000000e+03 2.039576934279520692e+00
1.728000000000000000e+03 2.041499167447633045e+00
1.729000000000000000e+03 2.042011482114407972e+00
1.730000000000000000e+03 2.045833955218871569e+00
1.731000000000000000e+03 2.045688179716479649e+00
1.732000000000000000e+03 2.048684339274172039e+00
1.733000000000000000e+03 2.049951008229036642e+00
1.734000000000000000e+03 2.051803266680298776e+00
1.735000000000000000e+03 2.054158218717362594e+00
1.736000000000000000e+03 2.054545699820407911e+00
1.737000000000000000e+03 2.057660128292434720e+00
1.738000000000000000e+03 2.058650137566282901e+00
1.739000000000000000e+03 2.059821367164703876e+00
1.740000000000000000e+03 2.063474925640317093e+00
1.741000000000000000e+03 2.060005581462531765e+00
1.742000000000000000e+03 2.063663785741221446e+00
1.743000000000000000e+03 2.062500745404320490e+00
1.744000000000000000e+03 2.063622992881423368e+00
1.745000000000000000e+03 2.064605284094854110e+00
1.746000000000000000e+03 2.067792137990643653e+00
1.747000000000000000e+03 2.066006393532697327e+00
1.748000000000000000e+03 2.068722991135475198e+00
1.749000000000000000e+03 2.071148927650176219e+00
1.750000000000000000e+03 2.073242619293208300e+00
1.751000000000000000e+03 2.077344240110014173e+00
1.752000000000000000e+03 2.076278021785162409e+00
1.753000000000000000e+03 2.079521122342852024e+00
1.754000000000000000e+03 2.079896156398981955e+00
1.755000000000000000e+03 2.082127433535564176e+00
1.756000000000000000e+03 2.081406950849899129e+00
1.757000000000000000e+03 2.082464149908800355e+00
1.758000000000000000e+03 2.085261911787049893e+00
1.759000000000000000e+03 2.084988091943175803e+00
1.760000000000000000e+03 2.088766610760151909e+00
1.761000000000000000e+03 2.089401466861914081e+00
1.762000000000000000e+03 2.091676302612831329e+00
1.763000000000000000e+03 2.090820152188238801e+00
1.764000000000000000e+03 2.089237222579578557e+00
1.765000000000000000e+03 2.091729861979237270e+00
1.766000000000000000e+03 2.091126479771372004e+00
1.767000000000000000e+03 2.092234371434479989e+00
1.768000000000000000e+03 2.092668212152531293e+00
1.769000000000000000e+03 2.092440039323849810e+00
1.770000000000000000e+03 2.093969830277413902e+00
1.771000000000000000e+03 2.094862466161530712e+00
1.772000000000000000e+03 2.092718007549844383e+00
1.773000000000000000e+03 2.094791059568713365e+00
1.774000000000000000e+03 2.096271498865123206e+00
1.775000000000000000e+03 2.094739606008793942e+00
1.776000000000000000e+03 2.092626694887715022e+00
1.777000000000000000e+03 2.097247665235796088e+00
1.778000000000000000e+03 2.096457034456614021e+00
1.779000000000000000e+03 2.095127627721696140e+00
1.780000000000000000e+03 2.095713094557064338e+00
1.781000000000000000e+03 2.093347056984162791e+00
1.782000000000000000e+03 2.095431864366910535e+00
1.783000000000000000e+03 2.094672955011840809e+00
1.784000000000000000e+03 2.091116365445488956e+00
1.785000000000000000e+03 2.092217942367044170e+00
1.786000000000000000e+03 2.090643695147291758e+00
1.787000000000000000e+03 2.088918627493902225e+00
1.788000000000000000e+03 2.087104797836317083e+00
1.789000000000000000e+03 2.085264789562092158e+00
1.790000000000000000e+03 2.085957875074389012e+00
1.791000000000000000e+03 2.084256628660393851e+00
1.792000000000000000e+03 2.080207460106804795e+00
1.793000000000000000e+03 2.083924512147542707e+00
1.794000000000000000e+03 2.080385533373719564e+00
1.795000000000000000e+03 2.077193602805066153e+00
1.796000000000000000e+03 2.084560299350609380e+00
1.797000000000000000e+03 2.079740337703430697e+00
1.798000000000000000e+03 2.080556062452751931e+00
1.799000000000000000e+03 2.079440790727446586e+00
1.800000000000000000e+03 2.079011129873537644e+00
1.801000000000000000e+03 2.076770587143922597e+00
1.802000000000000000e+03 2.072788766822155626e+00
1.803000000000000000e+03 2.069736815232682936e+00
1.804000000000000000e+03 2.072904859341613726e+00
1.805000000000000000e+03 2.072032028126315595e+00
1.806000000000000000e+03 2.069785063847100037e+00
1.807000000000000000e+03 2.071491009784855120e+00
1.808000000000000000e+03 2.069393595084809245e+00
1.809000000000000000e+03 2.068830912956519885e+00
1.810000000000000000e+03 2.067261216495923204e+00
1.811000000000000000e+03 2.070092168418504741e+00
1.812000000000000000e+03 2.069462184598357180e+00
1.813000000000000000e+03 2.068110130992464324e+00
1.814000000000000000e+03 2.068810805369037720e+00
1.815000000000000000e+03 2.068991650193675369e+00
1.816000000000000000e+03 2.066040029982047166e+00
1.817000000000000000e+03 2.068161862567456932e+00
1.818000000000000000e+03 2.067342457871776062e+00
1.819000000000000000e+03 2.074587452678691157e+00
1.820000000000000000e+03 2.073612335797415884e+00
1.821000000000000000e+03 2.072697616667639409e+00
1.822000000000000000e+03 2.071955054177059719e+00
1.823000000000000000e+03 2.065940710491536603e+00
1.824000000000000000e+03 2.065865371658413441e+00
1.825000000000000000e+03 2.063512436858254251e+00
1.826000000000000000e+03 2.064595008031102630e+00
1.827000000000000000e+03 2.060798731086189051e+00
1.828000000000000000e+03 2.060684825339289539e+00
1.829000000000000000e+03 2.058723412399508401e+00
1.830000000000000000e+03 2.057863141337025858e+00
1.831000000000000000e+03 2.055369464874594154e+00
1.832000000000000000e+03 2.057103720205944342e+00
1.833000000000000000e+03 2.054551089491742477e+00
1.834000000000000000e+03 2.050685016653114978e+00
1.835000000000000000e+03 2.051450988562208089e+00
1.836000000000000000e+03 2.051156927498286819e+00
1.837000000000000000e+03 2.046966853085183669e+00
1.838000000000000000e+03 2.044871440743719848e+00
1.839000000000000000e+03 2.045015611798809196e+00
1.840000000000000000e+03 2.041583485308558377e+00
1.841000000000000000e+03 2.037643440804049355e+00
1.842000000000000000e+03 2.036335032536599421e+00
1.843000000000000000e+03 2.034785924369193921e+00
1.844000000000000000e+03 2.033118024594049444e+00
1.845000000000000000e+03 2.025337844348209515e+00
1.846000000000000000e+03 2.023778587077234459e+00
1.847000000000000000e+03 2.022479931081031523e+00
1.848000000000000000e+03 2.018474034523352056e+00
1.849000000000000000e+03 2.018078482724309008e+00
1.850000000000000000e+03 2.015216313146432459e+00
1.851000000000000000e+03 2.016269050272433194e+00
1.852000000000000000e+03 2.011943849565003273e+00
1.853000000000000000e+03 2.011821867194699465e+00
1.854000000000000000e+03 2.009707602279446004e+00
1.855000000000000000e+03 2.008918218103914022e+00
1.856000000000000000e+03 2.006379335390980234e+00
1.857000000000000000e+03 2.005434476688555456e+00
1.858000000000000000e+03 2.002992827036947254e+00
1.859000000000000000e+03 1.999160871085135405e+00
1.860000000000000000e+03 2.000632298505611750e+00
1.861000000000000000e+03 1.997704804737525652e+00
1.862000000000000000e+03 1.993742835668938618e+00
1.863000000000000000e+03 1.995510764256988701e+00
1.864000000000000000e+03 1.993146622695013859e+00
1.865000000000000000e+03 1.993431981092029792e+00
1.866000000000000000e+03 1.989746166838056718e+00
1.867000000000000000e+03 1.988939620938002806e+00
1.868000000000000000e+03 1.987752721285428903e+00
1.869000000000000000e+03 1.986280962091134139e+00
1.870000000000000000e+03 1.984642030664134804e+00
1.871000000000000000e+03 1.986400405165373417e+00
1.872000000000000000e+03 1.981276770199685400e+00
1.873000000000000000e+03 1.979776254200264152e+00
1.874000000000000000e+03 1.978550137286271937e+00
1.875000000000000000e+03 1.977720173881412524e+00
1.876000000000000000e+03 1.977399917272019580e+00
1.877000000000000000e+03 1.974147494814099124e+00
1.878000000000000000e+03 1.975199901047689943e+00
1.879000000000000000e+03 1.973538503780951414e+00
1.880000000000000000e+03 1.972853253556473563e+00
1.881000000000000000e+03 1.969637274586713893e+00
1.882000000000000000e+03 1.971229599056998127e+00
1.883000000000000000e+03 1.970439956518917679e+00
1.884000000000000000e+03 1.967308106783939525e+00
1.885000000000000000e+03 1.965568539073290433e+00
1.886000000000000000e+03 1.965313076767463363e+00
1.887000000000000000e+03 1.966638372439575067e+00
1.888000000000000000e+03 1.962143122834622666e+00
1.889000000000000000e+03 1.966870084094517912e+00
1.890000000000000000e+03 1.965907167868833127e+00
1.891000000000000000e+03 1.963042290399528600e+00
1.892000000000000000e+03 1.962136580727368074e+00
1.893000000000000000e+03 1.963293799169715914e+00
1.894000000000000000e+03 1.958927402466335455e+00
1.895000000000000000e+03 1.960617910034130329e+00
1.896000000000000000e+03 1.960765328046834455e+00
1.897000000000000000e+03 1.959434778040564540e+00
1.898000000000000000e+03 1.956677694962639658e+00
1.899000000000000000e+03 1.956473502343786919e+00
1.900000000000000000e+03 1.958933058903320257e+00
1.901000000000000000e+03 1.960199742469804107e+00
1.902000000000000000e+03 1.956327383981813384e+00
1.903000000000000000e+03 1.959208729743635136e+00
1.904000000000000000e+03 1.952968005703247689e+00
1.905000000000000000e+03 1.961565969068658433e+00
1.906000000000000000e+03 1.961052344475692433e+00
1.907000000000000000e+03 1.959423739907083961e+00
1.908000000000000000e+03 1.960724786308181145e+00
1.909000000000000000e+03 1.965012812087253646e+00
1.910000000000000000e+03 1.968258169484988329e+00
1.911000000000000000e+03 1.966378522592771683e+00
1.912000000000000000e+03 1.967549696761182743e+00
1.913000000000000000e+03 1.963586651304049635e+00
1.914000000000000000e+03 1.966842558460389023e+00
1.915000000000000000e+03 1.969119548648375018e+00
1.916000000000000000e+03 1.970436952452687018e+00
1.917000000000000000e+03 1.970794361512869575e+00
1.918000000000000000e+03 1.970212244899665732e+00
1.919000000000000000e+03 1.972878437961195885e+00
1.920000000000000000e+03 1.974644930170831758e+00
1.921000000000000000e+03 1.979725322072474203e+00
1.922000000000000000e+03 1.975461874831728748e+00
1.923000000000000000e+03 1.978653053778367976e+00
1.924000000000000000e+03 1.985079508707509488e+00
1.925000000000000000e+03 1.986240725425747033e+00
1.926000000000000000e+03 1.990570117319107046e+00
1.927000000000000000e+03 1.998045587084047447e+00
1.928000000000000000e+03 1.995834940434509486e+00
1.929000000000000000e+03 2.000967280963971362e+00
1.930000000000000000e+03 2.004867987605212676e+00
1.931000000000000000e+03 2.003196235163462013e+00
1.932000000000000000e+03 2.008791801317633130e+00
1.933000000000000000e+03 2.008724184360643150e+00
1.934000000000000000e+03 2.011564448396977678e+00
1.935000000000000000e+03 2.017287826940673323e+00
1.936000000000000000e+03 2.017208966410361626e+00
1.937000000000000000e+03 2.024266748233635393e+00
1.938000000000000000e+03 2.025431450817641199e+00
1.939000000000000000e+03 2.029338863864604381e+00
1.940000000000000000e+03 2.031603946570141428e+00
1.941000000000000000e+03 2.032173458513036213e+00
1.942000000000000000e+03 2.039691326029414942e+00
1.943000000000000000e+03 2.040991654232987784e+00
1.944000000000000000e+03 2.044704823543491479e+00
1.945000000000000000e+03 2.050759475033341772e+00
1.946000000000000000e+03 2.054693926279446803e+00
1.947000000000000000e+03 2.060791765188697333e+00
1.948000000000000000e+03 2.064592671483250097e+00
1.949000000000000000e+03 2.070385940017091642e+00
1.950000000000000000e+03 2.073701131989070578e+00
1.951000000000000000e+03 2.074452206337678906e+00
1.952000000000000000e+03 2.076935724598405031e+00
1.953000000000000000e+03 2.081062878968708230e+00
1.954000000000000000e+03 2.082364150811605086e+00
1.955000000000000000e+03 2.089529994593914974e+00
1.956000000000000000e+03 2.093687815704460053e+00
1.957000000000000000e+03 2.085964480057566295e+00
1.958000000000000000e+03 2.101426543416542447e+00
1.959000000000000000e+03 2.100439315324476919e+00
1.960000000000000000e+03 2.109275525148112340e+00
1.961000000000000000e+03 2.110270583380600584e+00
1.962000000000000000e+03 2.116481255523599891e+00
1.963000000000000000e+03 2.118995511123032305e+00
1.964000000000000000e+03 2.126471757869676349e+00
1.965000000000000000e+03 2.129993663465691078e+00
1.966000000000000000e+03 2.133827384655508030e+00
1.967000000000000000e+03 2.133462453900601297e+00
1.968000000000000000e+03 2.141924670714604684e+00
1.969000000000000000e+03 2.145929515105873264e+00
1.970000000000000000e+03 2.154115520750341517e+00
1.971000000000000000e+03 2.157599508766566920e+00
1.972000000000000000e+03 2.165002145373932319e+00
1.973000000000000000e+03 2.171825669310708751e+00
1.974000000000000000e+03 2.173576080838981461e+00
1.975000000000000000e+03 2.178862117788143760e+00
1.976000000000000000e+03 2.183187723401537106e+00
1.977000000000000000e+03 2.190791246661666136e+00
1.978000000000000000e+03 2.197179764090357867e+00
1.979000000000000000e+03 2.202232495364919274e+00
1.980000000000000000e+03 2.201481022230621587e+00
1.981000000000000000e+03 2.212178220692166519e+00
1.982000000000000000e+03 2.216807791750459611e+00
1.983000000000000000e+03 2.219582981139747613e+00
1.984000000000000000e+03 2.224696448506913171e+00
1.985000000000000000e+03 2.227678799511511709e+00
1.986000000000000000e+03 2.232723423788175676e+00
1.987000000000000000e+03 2.239675828731809037e+00
1.988000000000000000e+03 2.244094729048120129e+00
1.989000000000000000e+03 2.250144522520105106e+00
1.990000000000000000e+03 2.253394759072822939e+00
1.991000000000000000e+03 2.258001606362532776e+00
1.992000000000000000e+03 2.268114826644920257e+00
1.993000000000000000e+03 2.270729783708346439e+00
1.994000000000000000e+03 2.274292015967970482e+00
1.995000000000000000e+03 2.274390791920192001e+00
1.996000000000000000e+03 2.283706444067712393e+00
1.997000000000000000e+03 2.285014561319230975e+00
1.998000000000000000e+03 2.286727347179601022e+00
1.999000000000000000e+03 2.292959495727546315e+00
2.000000000000000000e+03 2.295065503598864076e+00
