9.999999999999988750e+14 -9.217448608170183966e-03
7.079458067484925000e+14 -9.244908722105482646e-03
5.011872373872838750e+14 -9.264308571269426473e-03
3.548133931695360000e+14 -9.286314482443526475e-03
2.511886435001901562e+14 -9.304049899200743379e-03
1.778279394829461250e+14 -9.325868010495114505e-03
1.258925419281638906e+14 -9.348508667577897641e-03
8.912509018344962500e+13 -9.360528739134241563e-03
6.309573414788985156e+13 -9.384227236014426946e-03
4.466835998463486719e+13 -9.405646981921925859e-03
3.162277620336658984e+13 -9.417367509450831620e-03
2.238721149348592188e+13 -9.434786735949763498e-03
1.584893203714750195e+13 -9.452289132891554535e-03
1.122018451952388281e+13 -9.464544232571916668e-03
7.943282421657979492e+12 -9.479339375349926308e-03
5.623413283648352539e+12 -9.495225104284504142e-03
3.981071755473291992e+12 -9.509163163684348358e-03
2.818382925175527344e+12 -9.520428427611244207e-03
1.995262329408310791e+12 -9.531632880728073756e-03
1.412537553369259521e+12 -9.541283580151256258e-03
9.999999999990000000e+11 -9.550607295035411920e-03
7.079458067474934082e+11 -9.563746412175298806e-03
5.011872373862849121e+11 -9.568878838871690273e-03
3.548133931685370483e+11 -9.576647776126104988e-03
2.511886434991911621e+11 -9.580209979624441582e-03
1.778279394819471130e+11 -9.586470217982102568e-03
1.258925419271648865e+11 -9.596588609712608173e-03
8.912509018245063782e+10 -9.588969130224568246e-03
6.309573414689085388e+10 -9.601397349468340781e-03
4.466835998363587189e+10 -9.610695870505907637e-03
3.162277620236759567e+10 -9.607279602366423921e-03
2.238721149248691940e+10 -9.607869030757705195e-03
1.584893203614850235e+10 -9.614070043790333073e-03
1.122018451852488136e+10 -9.610755581383984697e-03
7.943282420658979416e+09 -9.617275116429450932e-03
5.623413282649352074e+09 -9.612724533195173351e-03
3.981071754474292278e+09 -9.612737089099786247e-03
2.818382924176527500e+09 -9.609276950361088365e-03
1.995262328409310818e+09 -9.605864106695203436e-03
1.412537552370259523e+09 -9.601641794566885546e-03
9.999999989999998808e+08 -9.593877971415573636e-03
7.079458057484934330e+08 -9.596067104767984010e-03
5.011872363872848749e+08 -9.587152278172726000e-03
3.548133921695370078e+08 -9.582128010582125974e-03
2.511886425001911819e+08 -9.568683798038641816e-03
1.778279384829471111e+08 -9.560657772166577389e-03
1.258925409281648993e+08 -9.556403496295962433e-03
8.912508918345062435e+07 -9.538738970620443125e-03
6.309573314789085090e+07 -9.532707574530428080e-03
4.466835898463586718e+07 -9.525904677328873513e-03
3.162277520336758718e+07 -9.510520040542711287e-03
2.238721049348692223e+07 -9.495966431734437913e-03
1.584893103714850172e+07 -9.485712002523571940e-03
1.122018351952488348e+07 -9.470833759645939584e-03
7.943281421658979729e+06 -9.457897376767415709e-03
5.623412283649352379e+06 -9.439512925537928145e-03
3.981070755474292208e+06 -9.422462119248456100e-03
2.818381925176527351e+06 -9.400908972012440509e-03
1.995261329409310827e+06 -9.380186551358308394e-03
1.412536553370259469e+06 -9.357065129800579487e-03
9.999990000000000000e+05 -9.327235695522087533e-03
7.079448067484934581e+05 -9.307584097014253224e-03
5.011862373872849275e+05 -9.262392795291196981e-03
3.548123931695370702e+05 -9.219245792333867831e-03
2.511876435001911595e+05 -9.164848828909492873e-03
1.778269394829471421e+05 -9.096424783129938157e-03
1.258915419281648938e+05 -9.015636514435390603e-03
8.912409018345062213e+04 -8.900075871767970659e-03
6.309473414789084200e+04 -8.763362941059766806e-03
4.466735998463587021e+04 -8.583524043317988447e-03
3.162177620336758991e+04 -8.335310207890585243e-03
2.238621149348692052e+04 -8.027787674507833038e-03
1.584793203714850279e+04 -7.641907812857130430e-03
1.121918451952488249e+04 -7.155803529531327284e-03
7.942282421658980638e+03 -6.585726880405559300e-03
5.622413283649352707e+03 -5.927802446498204973e-03
3.980071755474292331e+03 -5.215639576342159106e-03
2.817382925176527351e+03 -4.481072903953059114e-03
1.994262329409310723e+03 -3.771197250497911914e-03
1.411537553370259502e+03 -3.118258876772963747e-03
9.990000000000000000e+02 -2.547630281366381963e-03
7.069458067484933963e+02 -2.074873338526824276e-03
5.001872373872848812e+02 -1.684499830902270491e-03
3.538133931695370507e+02 -1.382902247978399840e-03
2.501886435001911764e+02 -1.146321550291099205e-03
1.768279394829471016e+02 -9.653583599277113696e-04
1.248925419281648885e+02 -8.277423137721424008e-04
8.812509018345062373e+01 -7.159480028825795884e-04
6.209573414789085177e+01 -6.333114133250364233e-04
4.366835998463587032e+01 -5.691410165529957408e-04
3.062277620336759298e+01 -5.087351122996914242e-04
2.138721149348692308e+01 -4.670344473407790175e-04
1.484893203714850252e+01 -4.217042392435546138e-04
1.022018451952488327e+01 -3.832426761497460029e-04
6.943282421658979686e+00 -3.487655168325665567e-04
4.623413283649352223e+00 -3.166821924782409073e-04
2.981071755474292040e+00 -2.829463494806954793e-04
1.818382925176527110e+00 -2.477748238972039634e-04
9.952623294093108086e-01 -2.130804027461087743e-04
4.125375533702595465e-01 -1.802820970743585947e-04
0.000000000000000000e+00 -1.572782442984925759e-04
