9.999999999999988750e+14 -9.217448612712004011e-03
7.079458067484925000e+14 -9.244908728486206720e-03
5.011872373872838750e+14 -9.264308580582537520e-03
3.548133931695360000e+14 -9.286314495688213072e-03
2.511886435001901562e+14 -9.304049918022316151e-03
1.778279394829461250e+14 -9.325868037166555602e-03
1.258925419281638906e+14 -9.348508705410943365e-03
8.912509018344962500e+13 -9.360528792261417833e-03
6.309573414788985156e+13 -9.384227310528845886e-03
4.466835998463486719e+13 -9.405647086979178687e-03
3.162277620336658984e+13 -9.417367657786602370e-03
2.238721149348592188e+13 -9.434786945191217522e-03
1.584893203714750195e+13 -9.452289428268071184e-03
1.122018451952388281e+13 -9.464544649581291616e-03
7.943282421657979492e+12 -9.479339964138005364e-03
5.623413283648352539e+12 -9.495225935725595465e-03
3.981071755473291992e+12 -9.509164338251888809e-03
2.818382925175527344e+12 -9.520430087178146511e-03
1.995262329408310791e+12 -9.531635225018540367e-03
1.412537553369259521e+12 -9.541286891583969365e-03
9.999999999990000000e+11 -9.550611972726915158e-03
7.079458067474934082e+11 -9.563753019718599507e-03
5.011872373862849121e+11 -9.568888172495517222e-03
3.548133931685370483e+11 -9.576660960279398394e-03
2.511886434991911621e+11 -9.580228602793863096e-03
1.778279394819471130e+11 -9.586496523289796817e-03
1.258925419271648865e+11 -9.596625766503106766e-03
8.912509018245063782e+10 -9.589021615517738864e-03
6.309573414689085388e+10 -9.601471486594783875e-03
4.466835998363587189e+10 -9.610800591756460745e-03
3.162277620236759567e+10 -9.607427524779667619e-03
2.238721149248691940e+10 -9.608077976701651438e-03
1.584893203614850235e+10 -9.614365187550702116e-03
1.122018451852488136e+10 -9.611172482758419469e-03
7.943282420658979416e+09 -9.617864004877837991e-03
5.623413282649352074e+09 -9.612090344199672454e-03
3.981071754474292278e+09 -9.610986989633505534e-03
2.818382924176527500e+09 -9.605100349591578004e-03
1.995262328409310818e+09 -9.605879515947534156e-03
1.412537552370259523e+09 -9.602629874160764287e-03
9.999999989999998808e+08 -9.593919723270038710e-03
7.079458057484934330e+08 -9.593424602441844376e-03
5.011872363872848749e+08 -9.587257488956927101e-03
3.548133921695370078e+08 -9.580581693624514936e-03
2.511886425001911819e+08 -9.572611030715556801e-03
1.778279384829471111e+08 -9.560574058007040646e-03
1.258925409281648993e+08 -9.555533526605913125e-03
8.912508918345062435e+07 -9.538696479211570753e-03
6.309573314789085090e+07 -9.532315606424026852e-03
4.466835898463586718e+07 -9.526067415713388234e-03
3.162277520336758718e+07 -9.510088739987078432e-03
2.238721049348692223e+07 -9.501406941355587665e-03
1.584893103714850172e+07 -9.485546685702866965e-03
1.122018351952488348e+07 -9.467910425551733997e-03
7.943281421658979729e+06 -9.458939378873701051e-03
5.623412283649352379e+06 -9.438548609002540835e-03
3.981070755474292208e+06 -9.421376089609356796e-03
2.818381925176527351e+06 -9.396898414400613533e-03
1.995261329409310827e+06 -9.379708846650642445e-03
1.412536553370259469e+06 -9.356173865773411910e-03
9.999990000000000000e+05 -9.328914767867797775e-03
7.079448067484934581e+05 -9.304615538671697980e-03
5.011862373872849275e+05 -9.261622679796301452e-03
3.548123931695370702e+05 -9.218031802020432500e-03
2.511876435001911595e+05 -9.158298979896326020e-03
1.778269394829471421e+05 -9.092205197300716468e-03
1.258915419281648938e+05 -9.010101160635289319e-03
8.912409018345062213e+04 -8.886628809000644835e-03
6.309473414789084200e+04 -8.751701667837884571e-03
4.466735998463587021e+04 -8.567011773403559322e-03
3.162177620336758991e+04 -8.316672406974531112e-03
2.238621149348692052e+04 -8.002174311766318410e-03
1.584793203714850279e+04 -7.603836882319536979e-03
1.121918451952488249e+04 -7.107840313784034164e-03
7.942282421658980638e+03 -6.523664191515734026e-03
5.622413283649352707e+03 -5.851734267814578602e-03
3.980071755474292331e+03 -5.127542891207210150e-03
2.817382925176527351e+03 -4.378285850647901933e-03
1.994262329409310723e+03 -3.655557994398127026e-03
1.411537553370259502e+03 -2.995056384389191331e-03
9.990000000000000000e+02 -2.417425531326756419e-03
7.069458067484933963e+02 -1.938407002820293976e-03
5.001872373872848812e+02 -1.547457624535734022e-03
3.538133931695370507e+02 -1.239673140094644382e-03
2.501886435001911764e+02 -1.000849276609621112e-03
1.768279394829471016e+02 -8.169866498984755445e-04
1.248925419281648885e+02 -6.775635122688713693e-04
8.812509018345062373e+01 -5.634126728395327929e-04
6.209573414789085177e+01 -4.825587801861303916e-04
4.366835998463587032e+01 -4.176446932694677133e-04
3.062277620336759298e+01 -3.567634393985862139e-04
2.138721149348692308e+01 -3.159392567494748150e-04
1.484893203714850252e+01 -2.714931278597315753e-04
1.022018451952488327e+01 -2.314945374267297494e-04
6.943282421658979686e+00 -1.968241578409669792e-04
4.623413283649352223e+00 -1.675727119453229003e-04
2.981071755474292040e+00 -1.355555512609596359e-04
1.818382925176527110e+00 -9.816146939233413523e-05
9.952623294093108086e-01 -6.465664562551820213e-05
4.125375533702595465e-01 -3.018150308359167968e-05
0.000000000000000000e+00 -6.697646826292747581e-06
